,sig_eff,bkg_eff,bkg_rej
0,0.0,0.0,1.0
1,1.737921445950643e-05,0.0,1.0
2,0.0011817865832464372,0.0,1.0
3,0.0012165450121654502,0.0,1.0
4,0.0012860618700034757,0.0,1.0
5,0.0013208202989224887,0.0,1.0
6,0.0017031630170316302,0.0,1.0
7,0.001737921445950643,0.0,1.0
8,0.0020855057351407717,0.0,1.0
9,0.0021202641640597846,0.0,1.0
10,0.004275286757038582,0.0,1.0
11,0.004310045185957595,0.0,1.0
12,0.005005213764337852,0.0,1.0
13,0.005039972193256865,0.0,1.0
14,0.006065345846367744,0.0,1.0
15,0.006100104275286757,0.0,1.0
16,0.006360792492179353,0.0,1.0
17,0.006395550921098367,0.0,1.0
18,0.006830031282586027,0.0,1.0
19,0.00686478971150504,0.0,1.0
20,0.007073340285019117,0.0,1.0
21,0.007125477928397636,0.0,1.0
22,0.007612095933263816,0.0,1.0
23,0.0076468543621828295,0.0,1.0
24,0.007872784150156412,0.0,1.0
25,0.007907542579075427,0.0,1.0
26,0.008116093152589503,0.0,1.0
27,0.008150851581508516,0.0,1.0
28,0.00867222801529371,0.0,1.0
29,0.008706986444212722,0.0,1.0
30,0.009558567952728537,0.0,1.0
31,0.009558567952728537,1.742737142956728e-05,0.9999825726285705
32,0.01086200903719152,1.742737142956728e-05,0.9999825726285705
33,0.010896767466110532,1.742737142956728e-05,0.9999825726285705
34,0.011331247827598192,1.742737142956728e-05,0.9999825726285705
35,0.011366006256517205,1.742737142956728e-05,0.9999825726285705
36,0.011383385470976712,1.742737142956728e-05,0.9999825726285705
37,0.011418143899895724,1.742737142956728e-05,0.9999825726285705
38,0.011487660757733751,1.742737142956728e-05,0.9999825726285705
39,0.011487660757733751,3.485474285913456e-05,0.9999651452571409
40,0.011522419186652763,3.485474285913456e-05,0.9999651452571409
41,0.011557177615571776,3.485474285913456e-05,0.9999651452571409
42,0.014042405283281196,3.485474285913456e-05,0.9999651452571409
43,0.014077163712200209,3.485474285913456e-05,0.9999651452571409
44,0.01421619742787626,3.485474285913456e-05,0.9999651452571409
45,0.014250955856795273,3.485474285913456e-05,0.9999651452571409
46,0.015380604796663191,3.485474285913456e-05,0.9999651452571409
47,0.015415363225582204,3.485474285913456e-05,0.9999651452571409
48,0.015901981230448385,3.485474285913456e-05,0.9999651452571409
49,0.015936739659367396,3.485474285913456e-05,0.9999651452571409
50,0.016145290232881474,3.485474285913456e-05,0.9999651452571409
51,0.016180048661800485,3.485474285913456e-05,0.9999651452571409
52,0.017257559958289884,3.485474285913456e-05,0.9999651452571409
53,0.017292318387208898,3.485474285913456e-05,0.9999651452571409
54,0.01762252346193952,3.485474285913456e-05,0.9999651452571409
55,0.017657281890858533,3.485474285913456e-05,0.9999651452571409
56,0.017726798748696558,3.485474285913456e-05,0.9999651452571409
57,0.017726798748696558,5.228211428870183e-05,0.9999477178857114
58,0.01802224539450817,5.228211428870183e-05,0.9999477178857114
59,0.01802224539450817,6.970948571826912e-05,0.9999302905142817
60,0.01840458811261731,6.970948571826912e-05,0.9999302905142817
61,0.01840458811261731,8.713685714783639e-05,0.9999128631428522
62,0.018717413972888425,8.713685714783639e-05,0.9999128631428522
63,0.01875217240180744,8.713685714783639e-05,0.9999128631428522
64,0.019638512339242267,8.713685714783639e-05,0.9999128631428522
65,0.01967327076816128,8.713685714783639e-05,0.9999128631428522
66,0.020229405630865484,8.713685714783639e-05,0.9999128631428522
67,0.020264164059784498,8.713685714783639e-05,0.9999128631428522
68,0.020333680917622523,8.713685714783639e-05,0.9999128631428522
69,0.020368439346541537,8.713685714783639e-05,0.9999128631428522
70,0.022471324296141813,8.713685714783639e-05,0.9999128631428522
71,0.022506082725060828,8.713685714783639e-05,0.9999128631428522
72,0.022627737226277374,8.713685714783639e-05,0.9999128631428522
73,0.022627737226277374,0.00010456422857740367,0.9998954357714226
74,0.024018074383037886,0.00010456422857740367,0.9998954357714226
75,0.0240528328119569,0.00010456422857740367,0.9998954357714226
76,0.024504692387904068,0.00010456422857740367,0.9998954357714226
77,0.02453945081682308,0.00010456422857740367,0.9998954357714226
78,0.02546054918317692,0.00010456422857740367,0.9998954357714226
79,0.02546054918317692,0.00012199160000697095,0.9998780083999931
80,0.026207855404935698,0.00012199160000697095,0.9998780083999931
81,0.026225234619395202,0.00013941897143653824,0.9998605810285635
82,0.028310740354535974,0.00013941897143653824,0.9998605810285635
83,0.02834549878345499,0.00013941897143653824,0.9998605810285635
84,0.029805352798053526,0.00013941897143653824,0.9998605810285635
85,0.029805352798053526,0.0001568463428661055,0.9998431536571339
86,0.02984011122697254,0.0001568463428661055,0.9998431536571339
87,0.02984011122697254,0.00017427371429567278,0.9998257262857043
88,0.03102189781021898,0.00017427371429567278,0.9998257262857043
89,0.031056656239137993,0.00017427371429567278,0.9998257262857043
90,0.03310740354535975,0.00017427371429567278,0.9998257262857043
91,0.03310740354535975,0.00019170108572524007,0.9998082989142748
92,0.03390684741049704,0.00019170108572524007,0.9998082989142748
93,0.03390684741049704,0.00020912845715480733,0.9997908715428452
94,0.034497740702120264,0.00020912845715480733,0.9997908715428452
95,0.03453249913103928,0.00020912845715480733,0.9997908715428452
96,0.0346020159888773,0.00020912845715480733,0.9997908715428452
97,0.034636774417796314,0.00020912845715480733,0.9997908715428452
98,0.0367570385818561,0.00020912845715480733,0.9997908715428452
99,0.0367570385818561,0.00022655582858437462,0.9997734441714157
100,0.03679179701077511,0.00022655582858437462,0.9997734441714157
101,0.036826555439694125,0.00022655582858437462,0.9997734441714157
102,0.037834549878345496,0.00022655582858437462,0.9997734441714157
103,0.03786930830726451,0.00022655582858437462,0.9997734441714157
104,0.038043100451859574,0.00022655582858437462,0.9997734441714157
105,0.038043100451859574,0.0002439832000139419,0.999756016799986
106,0.040093847758081336,0.0002439832000139419,0.999756016799986
107,0.04012860618700035,0.0002439832000139419,0.999756016799986
108,0.041970802919708027,0.0002439832000139419,0.999756016799986
109,0.041970802919708027,0.00026141057144350916,0.9997385894285565
110,0.04235314563781717,0.00026141057144350916,0.9997385894285565
111,0.04238790406673618,0.00026141057144350916,0.9997385894285565
112,0.04252693778241223,0.00026141057144350916,0.9997385894285565
113,0.04252693778241223,0.0002788379428730765,0.9997211620571269
114,0.043343760862009036,0.0002788379428730765,0.9997211620571269
115,0.04337851929092805,0.0002788379428730765,0.9997211620571269
116,0.043500173792144596,0.0002788379428730765,0.9997211620571269
117,0.043500173792144596,0.00029626531430264374,0.9997037346856974
118,0.043708724365658674,0.00029626531430264374,0.9997037346856974
119,0.04374348279457768,0.00029626531430264374,0.9997037346856974
120,0.04395203336809176,0.00029626531430264374,0.9997037346856974
121,0.04395203336809176,0.000313692685732211,0.9996863073142678
122,0.0453945081682308,0.000313692685732211,0.9996863073142678
123,0.0453945081682308,0.0003311200571617783,0.9996688799428383
124,0.04615919360444908,0.0003311200571617783,0.9996688799428383
125,0.04615919360444908,0.00034854742859134557,0.9996514525714086
126,0.04641988182134168,0.00034854742859134557,0.9996514525714086
127,0.046454640250260686,0.00034854742859134557,0.9996514525714086
128,0.04655891553701773,0.00034854742859134557,0.9996514525714086
129,0.04659367396593674,0.00034854742859134557,0.9996514525714086
130,0.04683698296836983,0.00034854742859134557,0.9996514525714086
131,0.04683698296836983,0.00036597480002091283,0.9996340251999791
132,0.04814042405283281,0.00036597480002091283,0.9996340251999791
133,0.04817518248175182,0.00036597480002091283,0.9996340251999791
134,0.05067778936392075,0.00036597480002091283,0.9996340251999791
135,0.05071254779283976,0.00036597480002091283,0.9996340251999791
136,0.05099061522419187,0.00036597480002091283,0.9996340251999791
137,0.05102537365311088,0.00036597480002091283,0.9996340251999791
138,0.05114702815432742,0.00036597480002091283,0.9996340251999791
139,0.05118178658324644,0.00036597480002091283,0.9996340251999791
140,0.05158150851581508,0.00036597480002091283,0.9996340251999791
141,0.0516162669447341,0.00036597480002091283,0.9996340251999791
142,0.05205074730622176,0.00036597480002091283,0.9996340251999791
143,0.05208550573514077,0.00036597480002091283,0.9996340251999791
144,0.05248522766770942,0.00036597480002091283,0.9996340251999791
145,0.05250260688216893,0.00038340217145048014,0.9996165978285495
146,0.05251998609662843,0.00038340217145048014,0.9996165978285495
147,0.052554744525547446,0.00038340217145048014,0.9996165978285495
148,0.0543100451859576,0.00038340217145048014,0.9996165978285495
149,0.054344803614876605,0.00038340217145048014,0.9996165978285495
150,0.054501216545012166,0.00038340217145048014,0.9996165978285495
151,0.054501216545012166,0.0004008295428800474,0.99959917045712
152,0.05519638512339242,0.0004008295428800474,0.99959917045712
153,0.055231143552311436,0.0004008295428800474,0.99959917045712
154,0.055578727841501564,0.0004008295428800474,0.99959917045712
155,0.05561348627042058,0.0004008295428800474,0.99959917045712
156,0.05620437956204379,0.0004008295428800474,0.99959917045712
157,0.05620437956204379,0.00041825691430961466,0.9995817430856904
158,0.05627389641988182,0.00041825691430961466,0.9995817430856904
159,0.056308654848800835,0.00041825691430961466,0.9995817430856904
160,0.05722975321515467,0.00041825691430961466,0.9995817430856904
161,0.05726451164407369,0.00041825691430961466,0.9995817430856904
162,0.05917622523461939,0.00041825691430961466,0.9995817430856904
163,0.059210983663538407,0.00041825691430961466,0.9995817430856904
164,0.06089676746611053,0.00041825691430961466,0.9995817430856904
165,0.06089676746611053,0.000435684285739182,0.9995643157142609
166,0.060948905109489054,0.000435684285739182,0.9995643157142609
167,0.06098366353840806,0.000435684285739182,0.9995643157142609
168,0.06100104275286757,0.000435684285739182,0.9995643157142609
169,0.06100104275286757,0.00045311165716874923,0.9995468883428312
170,0.06112269725408412,0.00045311165716874923,0.9995468883428312
171,0.061157455683003126,0.00045311165716874923,0.9995468883428312
172,0.0613486270420577,0.00045311165716874923,0.9995468883428312
173,0.0613486270420577,0.0004705390285983165,0.9995294609714017
174,0.0616093152589503,0.0004705390285983165,0.9995294609714017
175,0.06164407368786931,0.0004705390285983165,0.9995294609714017
176,0.06277372262773723,0.0004705390285983165,0.9995294609714017
177,0.06277372262773723,0.0004879664000278838,0.9995120335999721
178,0.06286061870003476,0.0004879664000278838,0.9995120335999721
179,0.06286061870003476,0.0005053937714574511,0.9994946062285426
180,0.06419881821341675,0.0005053937714574511,0.9994946062285426
181,0.06419881821341675,0.0005228211428870183,0.999477178857113
182,0.06452902328814737,0.0005228211428870183,0.999477178857113
183,0.06452902328814737,0.0005402485143165856,0.9994597514856834
184,0.06503302050747306,0.0005402485143165856,0.9994597514856834
185,0.06506777893639208,0.0005402485143165856,0.9994597514856834
186,0.06543274244004171,0.0005402485143165856,0.9994597514856834
187,0.06543274244004171,0.000557675885746153,0.9994423241142538
188,0.06551963851233925,0.000557675885746153,0.9994423241142538
189,0.06555439694125825,0.000557675885746153,0.9994423241142538
190,0.06586722280152937,0.000557675885746153,0.9994423241142538
191,0.06590198123044838,0.000557675885746153,0.9994423241142538
192,0.0665102537365311,0.000557675885746153,0.9994423241142538
193,0.0665102537365311,0.0005751032571757202,0.9994248967428243
194,0.06713590545707335,0.0005751032571757202,0.9994248967428243
195,0.06717066388599235,0.0005751032571757202,0.9994248967428243
196,0.0681265206812652,0.0005751032571757202,0.9994248967428243
197,0.0681265206812652,0.0005925306286052875,0.9994074693713947
198,0.06929092805005213,0.0005925306286052875,0.9994074693713947
199,0.06932568647897115,0.0005925306286052875,0.9994074693713947
200,0.06956899548140424,0.0005925306286052875,0.9994074693713947
201,0.06960375391032325,0.0005925306286052875,0.9994074693713947
202,0.06977754605491832,0.0005925306286052875,0.9994074693713947
203,0.06981230448383734,0.0005925306286052875,0.9994074693713947
204,0.06995133819951338,0.0005925306286052875,0.9994074693713947
205,0.06995133819951338,0.0006099580000348548,0.9993900419999652
206,0.07033368091762253,0.0006099580000348548,0.9993900419999652
207,0.07033368091762253,0.000627385371464422,0.9993726146285355
208,0.0705248522766771,0.000627385371464422,0.9993726146285355
209,0.0705596107055961,0.000627385371464422,0.9993726146285355
210,0.07210636079249218,0.000627385371464422,0.9993726146285355
211,0.07210636079249218,0.0006448127428939893,0.999355187257106
212,0.0726972540841154,0.0006448127428939893,0.999355187257106
213,0.0726972540841154,0.0006622401143235566,0.9993377598856764
214,0.07280152937087243,0.0006622401143235566,0.9993377598856764
215,0.07280152937087243,0.0006796674857531238,0.9993203325142469
216,0.07292318387208899,0.0006796674857531238,0.9993203325142469
217,0.07292318387208899,0.0006970948571826911,0.9993029051428173
218,0.07361835245046924,0.0006970948571826911,0.9993029051428173
219,0.07365311087938825,0.0006970948571826911,0.9993029051428173
220,0.07476538060479666,0.0006970948571826911,0.9993029051428173
221,0.07476538060479666,0.0007145222286122585,0.9992854777713878
222,0.07617309697601668,0.0007145222286122585,0.9992854777713878
223,0.0762078554049357,0.0007145222286122585,0.9992854777713878
224,0.07632950990615224,0.0007145222286122585,0.9992854777713878
225,0.07636426833507126,0.0007145222286122585,0.9992854777713878
226,0.07660757733750434,0.0007145222286122585,0.9992854777713878
227,0.07664233576642336,0.0007145222286122585,0.9992854777713878
228,0.07749391727493918,0.0007145222286122585,0.9992854777713878
229,0.07752867570385819,0.0007145222286122585,0.9992854777713878
230,0.07765033020507472,0.0007145222286122585,0.9992854777713878
231,0.07768508863399375,0.0007145222286122585,0.9992854777713878
232,0.0781021897810219,0.0007145222286122585,0.9992854777713878
233,0.0781021897810219,0.0007319496000418257,0.9992680503999581
234,0.07855404935696907,0.0007319496000418257,0.9992680503999581
235,0.07855404935696907,0.000749376971471393,0.9992506230285286
236,0.07897115050399722,0.000749376971471393,0.9992506230285286
237,0.07897115050399722,0.0007668043429009603,0.999233195657099
238,0.07956204379562044,0.0007668043429009603,0.999233195657099
239,0.07956204379562044,0.0007842317143305275,0.9992157682856695
240,0.07959680222453945,0.0007842317143305275,0.9992157682856695
241,0.07963156065345846,0.0007842317143305275,0.9992157682856695
242,0.07971845672575599,0.0007842317143305275,0.9992157682856695
243,0.07971845672575599,0.0008016590857600948,0.9991983409142399
244,0.0799965241571081,0.0008016590857600948,0.9991983409142399
245,0.0799965241571081,0.0008190864571896621,0.9991809135428104
246,0.08067431352102884,0.0008190864571896621,0.9991809135428104
247,0.08070907194994786,0.0008190864571896621,0.9991809135428104
248,0.081091414668057,0.0008190864571896621,0.9991809135428104
249,0.08112617309697602,0.0008190864571896621,0.9991809135428104
250,0.08222106360792492,0.0008190864571896621,0.9991809135428104
251,0.08225582203684394,0.0008190864571896621,0.9991809135428104
252,0.08229058046576294,0.0008190864571896621,0.9991809135428104
253,0.08229058046576294,0.0008365138286192293,0.9991634861713807
254,0.08281195689954814,0.0008365138286192293,0.9991634861713807
255,0.08281195689954814,0.0008539412000487966,0.9991460587999512
256,0.08302050747306222,0.0008539412000487966,0.9991460587999512
257,0.08305526590198123,0.0008539412000487966,0.9991460587999512
258,0.08390684741049705,0.0008539412000487966,0.9991460587999512
259,0.08394160583941605,0.0008539412000487966,0.9991460587999512
260,0.08401112269725408,0.0008539412000487966,0.9991460587999512
261,0.0840458811261731,0.0008539412000487966,0.9991460587999512
262,0.08415015641293014,0.0008539412000487966,0.9991460587999512
263,0.08418491484184915,0.0008539412000487966,0.9991460587999512
264,0.08437608620090371,0.0008539412000487966,0.9991460587999512
265,0.08441084462982273,0.0008539412000487966,0.9991460587999512
266,0.08479318734793187,0.0008539412000487966,0.9991460587999512
267,0.08479318734793187,0.000871368571478364,0.9991286314285216
268,0.0848627042057699,0.000871368571478364,0.9991286314285216
269,0.0848974626346889,0.000871368571478364,0.9991286314285216
270,0.08524504692387905,0.000871368571478364,0.9991286314285216
271,0.08527980535279805,0.000871368571478364,0.9991286314285216
272,0.08529718456725756,0.000871368571478364,0.9991286314285216
273,0.08533194299617658,0.000871368571478364,0.9991286314285216
274,0.08574904414320472,0.000871368571478364,0.9991286314285216
275,0.08578380257212374,0.000871368571478364,0.9991286314285216
276,0.08602711157455684,0.000871368571478364,0.9991286314285216
277,0.08607924921793535,0.000871368571478364,0.9991286314285216
278,0.08633993743482794,0.000871368571478364,0.9991286314285216
279,0.08633993743482794,0.0008887959429079312,0.9991112040570921
280,0.08640945429266597,0.0008887959429079312,0.9991112040570921
281,0.08644421272158498,0.0008887959429079312,0.9991112040570921
282,0.08654848800834203,0.0008887959429079312,0.9991112040570921
283,0.08658324643726104,0.0008887959429079312,0.9991112040570921
284,0.08680917622523462,0.0008887959429079312,0.9991112040570921
285,0.08680917622523462,0.0009062233143374985,0.9990937766856625
286,0.08700034758428919,0.0009062233143374985,0.9990937766856625
287,0.08700034758428919,0.0009236506857670658,0.999076349314233
288,0.08745220716023636,0.0009236506857670658,0.999076349314233
289,0.08752172401807438,0.0009236506857670658,0.999076349314233
290,0.08790406673618352,0.0009236506857670658,0.999076349314233
291,0.08793882516510254,0.0009236506857670658,0.999076349314233
292,0.08797358359402155,0.0009236506857670658,0.999076349314233
293,0.08797358359402155,0.000941078057196633,0.9990589219428033
294,0.08915537017726799,0.000941078057196633,0.9990589219428033
295,0.089190128606187,0.000941078057196633,0.9990589219428033
296,0.09007646854362183,0.000941078057196633,0.9990589219428033
297,0.09011122697254084,0.000941078057196633,0.9990589219428033
298,0.09038929440389294,0.000941078057196633,0.9990589219428033
299,0.09042405283281196,0.000941078057196633,0.9990589219428033
300,0.09063260340632603,0.000941078057196633,0.9990589219428033
301,0.09063260340632603,0.0009585054286262003,0.9990414945713738
302,0.09104970455335419,0.0009585054286262003,0.9990414945713738
303,0.09104970455335419,0.0009759328000557676,0.9990240671999442
304,0.09118873826903023,0.0009759328000557676,0.9990240671999442
305,0.09122349669794926,0.0009759328000557676,0.9990240671999442
306,0.09144942648592283,0.0009759328000557676,0.9990240671999442
307,0.09144942648592283,0.0009933601714853348,0.9990066398285147
308,0.09169273548835592,0.0009933601714853348,0.9990066398285147
309,0.09172749391727494,0.0009933601714853348,0.9990066398285147
310,0.09219673270768161,0.0009933601714853348,0.9990066398285147
311,0.09219673270768161,0.0010107875429149022,0.998989212457085
312,0.09341327771984706,0.0010107875429149022,0.998989212457085
313,0.09341327771984706,0.0010282149143444694,0.9989717850856555
314,0.09370872436565868,0.0010282149143444694,0.9989717850856555
315,0.09370872436565868,0.0010456422857740367,0.9989543577142259
316,0.09469933958985054,0.0010456422857740367,0.9989543577142259
317,0.09469933958985054,0.001063069657203604,0.9989369303427964
318,0.09475147723322906,0.001063069657203604,0.9989369303427964
319,0.09478623566214807,0.001063069657203604,0.9989369303427964
320,0.09522071602363573,0.001063069657203604,0.9989369303427964
321,0.09525547445255475,0.001063069657203604,0.9989369303427964
322,0.09600278067431352,0.001063069657203604,0.9989369303427964
323,0.09603753910323254,0.001063069657203604,0.9989369303427964
324,0.09619395203336809,0.001063069657203604,0.9989369303427964
325,0.09619395203336809,0.0010804970286331713,0.9989195029713668
326,0.09641988182134167,0.0010804970286331713,0.9989195029713668
327,0.09641988182134167,0.0010979244000627385,0.9989020755999373
328,0.09645464025026068,0.0010979244000627385,0.9989020755999373
329,0.09645464025026068,0.001115351771492306,0.9988846482285076
330,0.09664581160931526,0.001115351771492306,0.9988846482285076
331,0.09671532846715329,0.001115351771492306,0.9988846482285076
332,0.09681960375391033,0.001115351771492306,0.9988846482285076
333,0.09681960375391033,0.0011327791429218731,0.9988672208570781
334,0.09727146332985749,0.0011327791429218731,0.9988672208570781
335,0.09727146332985749,0.0011502065143514403,0.9988497934856485
336,0.09741049704553355,0.0011502065143514403,0.9988497934856485
337,0.09741049704553355,0.0011676338857810077,0.998832366114219
338,0.09826207855404935,0.0011676338857810077,0.998832366114219
339,0.09829683698296837,0.0011676338857810077,0.998832366114219
340,0.09913103927702469,0.0011676338857810077,0.998832366114219
341,0.09913103927702469,0.001185061257210575,0.9988149387427894
342,0.09998262078554049,0.001185061257210575,0.9988149387427894
343,0.09998262078554049,0.0012024886286401421,0.9987975113713599
344,0.1005561348627042,0.0012024886286401421,0.9987975113713599
345,0.10059089329162321,0.0012024886286401421,0.9987975113713599
346,0.10059089329162321,0.0012199160000697096,0.9987800839999303
347,0.10062565172054223,0.0012199160000697096,0.9987800839999303
348,0.10062565172054223,0.0012373433714992768,0.9987626566285007
349,0.10088633993743483,0.0012373433714992768,0.9987626566285007
350,0.10088633993743483,0.001254770742928844,0.9987452292570712
351,0.10095585679527286,0.001254770742928844,0.9987452292570712
352,0.10095585679527286,0.0012721981143584114,0.9987278018856416
353,0.1011122697254084,0.0012721981143584114,0.9987278018856416
354,0.1011122697254084,0.0012896254857879786,0.9987103745142121
355,0.10144247480013903,0.0012896254857879786,0.9987103745142121
356,0.10149461244351755,0.0012896254857879786,0.9987103745142121
357,0.1026937782412235,0.0012896254857879786,0.9987103745142121
358,0.1027285366701425,0.0012896254857879786,0.9987103745142121
359,0.10278067431352103,0.0012896254857879786,0.9987103745142121
360,0.10278067431352103,0.0013070528572175458,0.9986929471427825
361,0.10311087938825166,0.0013070528572175458,0.9986929471427825
362,0.10311087938825166,0.0013244802286471132,0.9986755197713529
363,0.10361487660757734,0.0013244802286471132,0.9986755197713529
364,0.10364963503649635,0.0013244802286471132,0.9986755197713529
365,0.10391032325338895,0.0013244802286471132,0.9986755197713529
366,0.10391032325338895,0.0013419076000766804,0.9986580923999233
367,0.10436218282933611,0.0013419076000766804,0.9986580923999233
368,0.10439694125825513,0.0013419076000766804,0.9986580923999233
369,0.10497045533541884,0.0013419076000766804,0.9986580923999233
370,0.10497045533541884,0.0013593349715062476,0.9986406650284938
371,0.10554396941258255,0.0013593349715062476,0.9986406650284938
372,0.10554396941258255,0.001376762342935815,0.9986232376570642
373,0.10585679527285367,0.001376762342935815,0.9986232376570642
374,0.10585679527285367,0.0013941897143653823,0.9986058102856347
375,0.1062043795620438,0.0013941897143653823,0.9986058102856347
376,0.1062043795620438,0.0014116170857949495,0.998588382914205
377,0.10634341327771984,0.0014116170857949495,0.998588382914205
378,0.10637817170663887,0.0014116170857949495,0.998588382914205
379,0.10644768856447688,0.0014116170857949495,0.998588382914205
380,0.1064824469933959,0.0014116170857949495,0.998588382914205
381,0.10719499478623566,0.0014116170857949495,0.998588382914205
382,0.10719499478623566,0.001429044457224517,0.9985709555427755
383,0.10762947514772332,0.001429044457224517,0.9985709555427755
384,0.10762947514772332,0.001446471828654084,0.9985535281713459
385,0.10771637122002085,0.001446471828654084,0.9985535281713459
386,0.10775112964893986,0.001446471828654084,0.9985535281713459
387,0.10778588807785888,0.001446471828654084,0.9985535281713459
388,0.10782064650677789,0.001446471828654084,0.9985535281713459
389,0.10790754257907542,0.001446471828654084,0.9985535281713459
390,0.10794230100799444,0.001446471828654084,0.9985535281713459
391,0.10799443865137295,0.001446471828654084,0.9985535281713459
392,0.10799443865137295,0.0014638992000836513,0.9985361007999164
393,0.10886339937434827,0.0014638992000836513,0.9985361007999164
394,0.10886339937434827,0.0014813265715132187,0.9985186734284868
395,0.10955856795272853,0.0014813265715132187,0.9985186734284868
396,0.10955856795272853,0.001498753942942786,0.9985012460570573
397,0.10987139381299965,0.001498753942942786,0.9985012460570573
398,0.10987139381299965,0.0015161813143723531,0.9984838186856276
399,0.10994091067083768,0.0015161813143723531,0.9984838186856276
400,0.10994091067083768,0.0015336086858019206,0.9984663913141981
401,0.11140076468543622,0.0015336086858019206,0.9984663913141981
402,0.11143552311435523,0.0015336086858019206,0.9984663913141981
403,0.11181786583246438,0.0015336086858019206,0.9984663913141981
404,0.11185262426138338,0.0015336086858019206,0.9984663913141981
405,0.1124435175530066,0.0015336086858019206,0.9984663913141981
406,0.1124435175530066,0.0015510360572314878,0.9984489639427685
407,0.1126694473409802,0.0015510360572314878,0.9984489639427685
408,0.1126694473409802,0.001568463428661055,0.998431536571339
409,0.1127042057698992,0.001568463428661055,0.998431536571339
410,0.1127215849843587,0.0015858908000906224,0.9984141091999094
411,0.11312130691692736,0.0015858908000906224,0.9984141091999094
412,0.11312130691692736,0.0016033181715201896,0.9983966818284798
413,0.1132255822036844,0.0016033181715201896,0.9983966818284798
414,0.1132255822036844,0.0016207455429497568,0.9983792544570502
415,0.1132429614181439,0.0016207455429497568,0.9983792544570502
416,0.1132429614181439,0.0016381729143793242,0.9983618270856207
417,0.11366006256517205,0.0016381729143793242,0.9983618270856207
418,0.11369482099409106,0.0016381729143793242,0.9983618270856207
419,0.11416405978449774,0.0016381729143793242,0.9983618270856207
420,0.11419881821341675,0.0016381729143793242,0.9983618270856207
421,0.11444212721584984,0.0016381729143793242,0.9983618270856207
422,0.11447688564476885,0.0016381729143793242,0.9983618270856207
423,0.11466805700382343,0.0016381729143793242,0.9983618270856207
424,0.11470281543274244,0.0016381729143793242,0.9983618270856207
425,0.11499826207855406,0.0016381729143793242,0.9983618270856207
426,0.11499826207855406,0.0016556002858088914,0.9983443997141911
427,0.11525895029544665,0.0016556002858088914,0.9983443997141911
428,0.11525895029544665,0.0016730276572384586,0.9983269723427616
429,0.1153979840111227,0.0016730276572384586,0.9983269723427616
430,0.1153979840111227,0.001690455028668026,0.998309544971332
431,0.11576294751477233,0.001690455028668026,0.998309544971332
432,0.11583246437261036,0.001690455028668026,0.998309544971332
433,0.11605839416058394,0.001690455028668026,0.998309544971332
434,0.11605839416058394,0.0017078824000975933,0.9982921175999024
435,0.11635384080639555,0.0017078824000975933,0.9982921175999024
436,0.11638859923531457,0.0017078824000975933,0.9982921175999024
437,0.11682307959680223,0.0017078824000975933,0.9982921175999024
438,0.11685783802572124,0.0017078824000975933,0.9982921175999024
439,0.11722280152937087,0.0017078824000975933,0.9982921175999024
440,0.11722280152937087,0.0017253097715271605,0.9982746902284728
441,0.11830031282586027,0.0017253097715271605,0.9982746902284728
442,0.11830031282586027,0.001742737142956728,0.9982572628570433
443,0.11849148418491484,0.001742737142956728,0.9982572628570433
444,0.11849148418491484,0.001760164514386295,0.9982398354856137
445,0.11885644768856447,0.001760164514386295,0.9982398354856137
446,0.1188912061174835,0.001760164514386295,0.9982398354856137
447,0.11932568647897115,0.001760164514386295,0.9982398354856137
448,0.11936044490789016,0.001760164514386295,0.9982398354856137
449,0.11953423705248523,0.001760164514386295,0.9982398354856137
450,0.11956899548140425,0.001760164514386295,0.9982398354856137
451,0.11974278762599931,0.001760164514386295,0.9982398354856137
452,0.11974278762599931,0.0017950192572454297,0.9982049807427545
453,0.11986444212721585,0.0017950192572454297,0.9982049807427545
454,0.11986444212721585,0.001812446628674997,0.998187553371325
455,0.12007299270072992,0.001812446628674997,0.998187553371325
456,0.12007299270072992,0.0018298740001045641,0.9981701259998954
457,0.12033368091762252,0.0018298740001045641,0.9981701259998954
458,0.12033368091762252,0.0018647287429636988,0.9981352712570363
459,0.12075078206465067,0.0018647287429636988,0.9981352712570363
460,0.1207855404935697,0.0018647287429636988,0.9981352712570363
461,0.12113312478275982,0.0018647287429636988,0.9981352712570363
462,0.12113312478275982,0.001882156114393266,0.9981178438856068
463,0.12120264164059784,0.001882156114393266,0.9981178438856068
464,0.12123740006951686,0.001882156114393266,0.9981178438856068
465,0.12156760514424748,0.001882156114393266,0.9981178438856068
466,0.12156760514424748,0.0018995834858228334,0.9981004165141771
467,0.12160236357316649,0.0018995834858228334,0.9981004165141771
468,0.12163712200208551,0.0018995834858228334,0.9981004165141771
469,0.12201946472019465,0.0018995834858228334,0.9981004165141771
470,0.12201946472019465,0.0019170108572524006,0.9980829891427476
471,0.12212374000695168,0.0019170108572524006,0.9980829891427476
472,0.12212374000695168,0.0019344382286819678,0.998065561771318
473,0.12219325686478971,0.0019344382286819678,0.998065561771318
474,0.12219325686478971,0.0019518656001115352,0.9980481343998885
475,0.12229753215154675,0.0019518656001115352,0.9980481343998885
476,0.12229753215154675,0.0019692929715411024,0.9980307070284589
477,0.12233229058046577,0.0019692929715411024,0.9980307070284589
478,0.12236704900938478,0.0019692929715411024,0.9980307070284589
479,0.12252346193952034,0.0019692929715411024,0.9980307070284589
480,0.12252346193952034,0.0019867203429706696,0.9980132796570294
481,0.12273201251303441,0.0019867203429706696,0.9980132796570294
482,0.12276677094195343,0.0019867203429706696,0.9980132796570294
483,0.12328814737573862,0.0019867203429706696,0.9980132796570294
484,0.12332290580465763,0.0019867203429706696,0.9980132796570294
485,0.12370524852276676,0.0019867203429706696,0.9980132796570294
486,0.12374000695168579,0.0019867203429706696,0.9980132796570294
487,0.12436565867222801,0.0019867203429706696,0.9980132796570294
488,0.12440041710114703,0.0019867203429706696,0.9980132796570294
489,0.1254431699687174,0.0019867203429706696,0.9980132796570294
490,0.12547792839763644,0.0019867203429706696,0.9980132796570294
491,0.12553006604101494,0.0019867203429706696,0.9980132796570294
492,0.12553006604101494,0.002004147714400237,0.9979958522855997
493,0.12558220368439346,0.002004147714400237,0.9979958522855997
494,0.12561696211331247,0.002004147714400237,0.9979958522855997
495,0.125634341327772,0.002004147714400237,0.9979958522855997
496,0.125634341327772,0.0020215750858298045,0.9979784249141702
497,0.1256864789711505,0.0020215750858298045,0.9979784249141702
498,0.1256864789711505,0.0020390024572593717,0.9979609975427406
499,0.1259645464025026,0.0020390024572593717,0.9979609975427406
500,0.1259645464025026,0.002056429828688939,0.9979435701713111
501,0.12603406326034064,0.002056429828688939,0.9979435701713111
502,0.12606882168925965,0.002056429828688939,0.9979435701713111
503,0.12697254084115397,0.002056429828688939,0.9979435701713111
504,0.12697254084115397,0.002073857200118506,0.9979261427998815
505,0.12763295099061522,0.002073857200118506,0.9979261427998815
506,0.12766770941953423,0.002073857200118506,0.9979261427998815
507,0.12789363920750782,0.002073857200118506,0.9979261427998815
508,0.12789363920750782,0.0020912845715480733,0.9979087154284519
509,0.1281195689954814,0.0020912845715480733,0.9979087154284519
510,0.12815432742440042,0.0020912845715480733,0.9979087154284519
511,0.12872784150156413,0.0020912845715480733,0.9979087154284519
512,0.12876259993048314,0.0020912845715480733,0.9979087154284519
513,0.12944038929440388,0.0020912845715480733,0.9979087154284519
514,0.1294577685088634,0.0021087119429776405,0.9978912880570223
515,0.12959680222453945,0.0021087119429776405,0.9978912880570223
516,0.12963156065345846,0.0021087119429776405,0.9978912880570223
517,0.13041362530413625,0.0021087119429776405,0.9978912880570223
518,0.13044838373305526,0.0021087119429776405,0.9978912880570223
519,0.13119568995481404,0.0021087119429776405,0.9978912880570223
520,0.13126520681265208,0.0021087119429776405,0.9978912880570223
521,0.13208202989224888,0.0021087119429776405,0.9978912880570223
522,0.13211678832116788,0.0021087119429776405,0.9978912880570223
523,0.1326555439694126,0.0021087119429776405,0.9978912880570223
524,0.1326903023983316,0.0021087119429776405,0.9978912880570223
525,0.13338547097671186,0.0021087119429776405,0.9978912880570223
526,0.13338547097671186,0.002126139314407208,0.9978738606855928
527,0.13345498783454987,0.002126139314407208,0.9978738606855928
528,0.13345498783454987,0.0021435666858367754,0.9978564333141632
529,0.1335071254779284,0.0021435666858367754,0.9978564333141632
530,0.1335418839068474,0.0021435666858367754,0.9978564333141632
531,0.1343065693430657,0.0021435666858367754,0.9978564333141632
532,0.1343413277719847,0.0021435666858367754,0.9978564333141632
533,0.13437608620090372,0.0021435666858367754,0.9978564333141632
534,0.13437608620090372,0.0021609940572663426,0.9978390059427337
535,0.13441084462982272,0.0021609940572663426,0.9978390059427337
536,0.13441084462982272,0.0021784214286959098,0.997821578571304
537,0.13454987834549878,0.0021784214286959098,0.997821578571304
538,0.1345846367744178,0.0021784214286959098,0.997821578571304
539,0.13475842891901285,0.0021784214286959098,0.997821578571304
540,0.13477580813347237,0.002195848800125477,0.9978041511998745
541,0.1348627042057699,0.002195848800125477,0.9978041511998745
542,0.1348627042057699,0.002213276171555044,0.9977867238284449
543,0.13494960027806743,0.002213276171555044,0.9977867238284449
544,0.13498435870698644,0.002213276171555044,0.9977867238284449
545,0.13573166492874522,0.002213276171555044,0.9977867238284449
546,0.13576642335766423,0.002213276171555044,0.9977867238284449
547,0.13661800486618006,0.002213276171555044,0.9977867238284449
548,0.13661800486618006,0.002230703542984612,0.9977692964570154
549,0.13701772679874868,0.002230703542984612,0.9977692964570154
550,0.13705248522766772,0.002230703542984612,0.9977692964570154
551,0.1370698644421272,0.002230703542984612,0.9977692964570154
552,0.1370698644421272,0.0022655582858437462,0.9977344417141563
553,0.13764337851929093,0.0022655582858437462,0.9977344417141563
554,0.13767813694820993,0.0022655582858437462,0.9977344417141563
555,0.13778241223496698,0.0022655582858437462,0.9977344417141563
556,0.137817170663886,0.0022655582858437462,0.9977344417141563
557,0.1380952380952381,0.0022655582858437462,0.9977344417141563
558,0.1380952380952381,0.0022829856572733134,0.9977170143427266
559,0.1388773027459159,0.0022829856572733134,0.9977170143427266
560,0.1389120611748349,0.0022829856572733134,0.9977170143427266
561,0.13910323253388948,0.0022829856572733134,0.9977170143427266
562,0.1391379909628085,0.0022829856572733134,0.9977170143427266
563,0.1394508168230796,0.0022829856572733134,0.9977170143427266
564,0.1394508168230796,0.0023004130287028806,0.9976995869712971
565,0.13978102189781022,0.0023004130287028806,0.9976995869712971
566,0.13978102189781022,0.002317840400132448,0.9976821595998675
567,0.13985053875564823,0.002317840400132448,0.9976821595998675
568,0.13985053875564823,0.0023352677715620155,0.997664732228438
569,0.1399895724713243,0.0023352677715620155,0.997664732228438
570,0.1400243309002433,0.0023352677715620155,0.997664732228438
571,0.1400243309002433,0.0023526951429915827,0.9976473048570084
572,0.1403023983315954,0.0023526951429915827,0.9976473048570084
573,0.14033715676051442,0.0023526951429915827,0.9976473048570084
574,0.14070212026416407,0.0023526951429915827,0.9976473048570084
575,0.14070212026416407,0.00237012251442115,0.9976298774855789
576,0.1408237747653806,0.00237012251442115,0.9976298774855789
577,0.1408237747653806,0.002387549885850717,0.9976124501141492
578,0.14087591240875913,0.002387549885850717,0.9976124501141492
579,0.14096280848105666,0.002387549885850717,0.9976124501141492
580,0.14099756690997567,0.002387549885850717,0.9976124501141492
581,0.14118873826903025,0.002387549885850717,0.9976124501141492
582,0.14122349669794926,0.002387549885850717,0.9976124501141492
583,0.1416058394160584,0.002387549885850717,0.9976124501141492
584,0.1416058394160584,0.0024049772572802843,0.9975950227427197
585,0.1416753562738964,0.0024049772572802843,0.9975950227427197
586,0.14171011470281544,0.0024049772572802843,0.9975950227427197
587,0.14200556134862705,0.0024049772572802843,0.9975950227427197
588,0.14204031977754605,0.0024049772572802843,0.9975950227427197
589,0.14209245742092458,0.0024049772572802843,0.9975950227427197
590,0.14249217935349323,0.0024049772572802843,0.9975950227427197
591,0.14249217935349323,0.0024224046287098515,0.9975775953712901
592,0.14250955856795272,0.0024224046287098515,0.9975775953712901
593,0.14250955856795272,0.002439832000139419,0.9975601679998606
594,0.14256169621133125,0.002439832000139419,0.9975601679998606
595,0.14259645464025025,0.002439832000139419,0.9975601679998606
596,0.1427007299270073,0.002439832000139419,0.9975601679998606
597,0.1427007299270073,0.0024572593715689863,0.9975427406284311
598,0.1430309350017379,0.0024572593715689863,0.9975427406284311
599,0.14306569343065692,0.0024572593715689863,0.9975427406284311
600,0.14339589850538756,0.0024572593715689863,0.9975427406284311
601,0.14343065693430657,0.0024572593715689863,0.9975427406284311
602,0.14360444907890163,0.0024572593715689863,0.9975427406284311
603,0.14363920750782064,0.0024572593715689863,0.9975427406284311
604,0.14440389294403894,0.0024572593715689863,0.9975427406284311
605,0.14440389294403894,0.0024746867429985536,0.9975253132570014
606,0.1453597497393118,0.0024746867429985536,0.9975253132570014
607,0.1453945081682308,0.0024746867429985536,0.9975253132570014
608,0.14549878345498785,0.0024746867429985536,0.9975253132570014
609,0.14549878345498785,0.0024921141144281208,0.9975078858855719
610,0.14555092109836634,0.0024921141144281208,0.9975078858855719
611,0.14558567952728538,0.0024921141144281208,0.9975078858855719
612,0.1456899548140424,0.0024921141144281208,0.9975078858855719
613,0.1457247132429614,0.0024921141144281208,0.9975078858855719
614,0.14579423010079945,0.0024921141144281208,0.9975078858855719
615,0.14579423010079945,0.002509541485857688,0.9974904585141423
616,0.14610705596107057,0.002509541485857688,0.9974904585141423
617,0.14610705596107057,0.002526968857287255,0.9974730311427128
618,0.14631560653458464,0.002526968857287255,0.9974730311427128
619,0.14631560653458464,0.002544396228716823,0.9974556037712832
620,0.14664581160931525,0.002544396228716823,0.9974556037712832
621,0.14664581160931525,0.00256182360014639,0.9974381763998537
622,0.14737573861661452,0.00256182360014639,0.9974381763998537
623,0.14737573861661452,0.0025792509715759572,0.997420749028424
624,0.14777546054918317,0.0025792509715759572,0.997420749028424
625,0.1478102189781022,0.0025792509715759572,0.997420749028424
626,0.1478449774070212,0.0025792509715759572,0.997420749028424
627,0.14787973583594022,0.0025792509715759572,0.997420749028424
628,0.14789711505039974,0.0025792509715759572,0.997420749028424
629,0.14789711505039974,0.0025966783430055244,0.9974033216569945
630,0.148696558915537,0.0025966783430055244,0.9974033216569945
631,0.148696558915537,0.0026141057144350916,0.9973858942855649
632,0.14873131734445602,0.0026141057144350916,0.9973858942855649
633,0.14876607577337506,0.0026141057144350916,0.9973858942855649
634,0.1494438651372958,0.0026141057144350916,0.9973858942855649
635,0.1494438651372958,0.002631533085864659,0.9973684669141354
636,0.14975669099756692,0.002631533085864659,0.9973684669141354
637,0.14975669099756692,0.0026489604572942265,0.9973510395427058
638,0.14993048314216198,0.0026489604572942265,0.9973510395427058
639,0.14993048314216198,0.0026663878287237937,0.9973336121712763
640,0.1500173792144595,0.0026663878287237937,0.9973336121712763
641,0.15005213764337852,0.0026663878287237937,0.9973336121712763
642,0.15017379214459506,0.0026663878287237937,0.9973336121712763
643,0.15020855057351407,0.0026663878287237937,0.9973336121712763
644,0.15034758428919012,0.0026663878287237937,0.9973336121712763
645,0.15038234271810913,0.0026663878287237937,0.9973336121712763
646,0.15039972193256865,0.0026663878287237937,0.9973336121712763
647,0.15043448036148765,0.0026663878287237937,0.9973336121712763
648,0.1505213764337852,0.0026663878287237937,0.9973336121712763
649,0.1505561348627042,0.0026663878287237937,0.9973336121712763
650,0.15074730622175878,0.0026663878287237937,0.9973336121712763
651,0.15078206465067778,0.0026663878287237937,0.9973336121712763
652,0.15123392422662496,0.0026663878287237937,0.9973336121712763
653,0.15123392422662496,0.002683815200153361,0.9973161847998466
654,0.15166840458811262,0.002683815200153361,0.9973161847998466
655,0.15166840458811262,0.002701242571582928,0.9972987574284171
656,0.15203336809176224,0.002701242571582928,0.9972987574284171
657,0.15203336809176224,0.0027186699430124953,0.9972813300569875
658,0.1523809523809524,0.0027186699430124953,0.9972813300569875
659,0.1523809523809524,0.0027360973144420625,0.997263902685558
660,0.15288494960027807,0.0027360973144420625,0.997263902685558
661,0.15288494960027807,0.00275352468587163,0.9972464753141284
662,0.15307612095933265,0.00275352468587163,0.9972464753141284
663,0.15307612095933265,0.0027709520573011973,0.9972290479426988
664,0.15344108446298227,0.0027709520573011973,0.9972290479426988
665,0.15344108446298227,0.0027883794287307645,0.9972116205712692
666,0.15448383733055265,0.0027883794287307645,0.9972116205712692
667,0.15451859575947166,0.0027883794287307645,0.9972116205712692
668,0.1545881126173097,0.0027883794287307645,0.9972116205712692
669,0.1546228710462287,0.0027883794287307645,0.9972116205712692
670,0.1548661800486618,0.0027883794287307645,0.9972116205712692
671,0.15490093847758082,0.0027883794287307645,0.9972116205712692
672,0.15658672228015294,0.0027883794287307645,0.9972116205712692
673,0.15658672228015294,0.0028058068001603318,0.9971941931998397
674,0.15696906499826208,0.0028058068001603318,0.9971941931998397
675,0.1570212026416406,0.0028058068001603318,0.9971941931998397
676,0.15752519986096628,0.0028058068001603318,0.9971941931998397
677,0.15752519986096628,0.002823234171589899,0.9971767658284101
678,0.1580813347236705,0.002823234171589899,0.9971767658284101
679,0.1581160931525895,0.002823234171589899,0.9971767658284101
680,0.15828988529718457,0.002823234171589899,0.9971767658284101
681,0.15832464372610358,0.002823234171589899,0.9971767658284101
682,0.15856795272853666,0.002823234171589899,0.9971767658284101
683,0.15856795272853666,0.002840661543019466,0.9971593384569806
684,0.15874174487313172,0.002840661543019466,0.9971593384569806
685,0.15874174487313172,0.002858088914449034,0.997141911085551
686,0.1591240875912409,0.002858088914449034,0.997141911085551
687,0.1591240875912409,0.002875516285878601,0.9971244837141214
688,0.1594890510948905,0.002875516285878601,0.9971244837141214
689,0.1595238095238095,0.002875516285878601,0.9971244837141214
690,0.15954118873826903,0.002875516285878601,0.9971244837141214
691,0.15957594716718804,0.002875516285878601,0.9971244837141214
692,0.15980187695516163,0.002875516285878601,0.9971244837141214
693,0.15980187695516163,0.002892943657308168,0.9971070563426918
694,0.1602537365311088,0.002892943657308168,0.9971070563426918
695,0.1602537365311088,0.0029103710287377354,0.9970896289712623
696,0.1605144247480014,0.0029103710287377354,0.9970896289712623
697,0.1605144247480014,0.0029277984001673026,0.9970722015998327
698,0.1605665623913799,0.0029277984001673026,0.9970722015998327
699,0.1605665623913799,0.00294522577159687,0.9970547742284032
700,0.16068821689259646,0.00294522577159687,0.9970547742284032
701,0.16072297532151547,0.00294522577159687,0.9970547742284032
702,0.16100104275286756,0.00294522577159687,0.9970547742284032
703,0.16100104275286756,0.0029626531430264375,0.9970373468569735
704,0.1610358011817866,0.0029626531430264375,0.9970373468569735
705,0.1610358011817866,0.0029800805144560047,0.997019919485544
706,0.16112269725408412,0.0029800805144560047,0.997019919485544
707,0.16112269725408412,0.002997507885885572,0.9970024921141144
708,0.16173096976016685,0.002997507885885572,0.9970024921141144
709,0.16176572818908586,0.002997507885885572,0.9970024921141144
710,0.16225234619395204,0.002997507885885572,0.9970024921141144
711,0.16225234619395204,0.003014935257315139,0.9969850647426849
712,0.16293013555787278,0.003014935257315139,0.9969850647426849
713,0.16293013555787278,0.0030323626287447063,0.9969676373712553
714,0.1629822732012513,0.0030323626287447063,0.9969676373712553
715,0.1630170316301703,0.0030323626287447063,0.9969676373712553
716,0.16313868613138685,0.0030323626287447063,0.9969676373712553
717,0.16317344456030589,0.0030323626287447063,0.9969676373712553
718,0.1632777198470629,0.0030323626287447063,0.9969676373712553
719,0.16331247827598191,0.0030323626287447063,0.9969676373712553
720,0.16341675356273896,0.0030323626287447063,0.9969676373712553
721,0.16345151199165797,0.0030323626287447063,0.9969676373712553
722,0.16355578727841502,0.0030323626287447063,0.9969676373712553
723,0.16359054570733403,0.0030323626287447063,0.9969676373712553
724,0.16362530413625304,0.0030323626287447063,0.9969676373712553
725,0.16362530413625304,0.003049790000174274,0.9969502099998258
726,0.1643204727146333,0.003049790000174274,0.9969502099998258
727,0.1643204727146333,0.003067217371603841,0.9969327826283961
728,0.16491136600625653,0.003067217371603841,0.9969327826283961
729,0.16496350364963502,0.003067217371603841,0.9969327826283961
730,0.1664407368786931,0.003067217371603841,0.9969327826283961
731,0.1664754953076121,0.003067217371603841,0.9969327826283961
732,0.16692735488355925,0.003067217371603841,0.9969327826283961
733,0.1669621133124783,0.003067217371603841,0.9969327826283961
734,0.16701425095585679,0.003067217371603841,0.9969327826283961
735,0.16701425095585679,0.0030846447430334083,0.9969153552569666
736,0.16793534932221063,0.0030846447430334083,0.9969153552569666
737,0.16793534932221063,0.0031020721144629755,0.996897927885537
738,0.1680743830378867,0.0031020721144629755,0.996897927885537
739,0.1680743830378867,0.0031194994858925428,0.9968805005141075
740,0.16911713590545707,0.0031194994858925428,0.9968805005141075
741,0.16911713590545707,0.00313692685732211,0.9968630731426779
742,0.16922141119221412,0.00313692685732211,0.9968630731426779
743,0.16925616962113313,0.00313692685732211,0.9968630731426779
744,0.16939520333680919,0.00313692685732211,0.9968630731426779
745,0.16939520333680919,0.0031543542287516776,0.9968456457712483
746,0.16944734098018768,0.0031543542287516776,0.9968456457712483
747,0.16944734098018768,0.003189208971610812,0.9968107910283892
748,0.16962113312478275,0.003189208971610812,0.9968107910283892
749,0.16962113312478275,0.003206636343040379,0.9967933636569596
750,0.16995133819951339,0.003206636343040379,0.9967933636569596
751,0.16996871741397288,0.0032240637144699464,0.9967759362855301
752,0.17003823427181092,0.0032240637144699464,0.9967759362855301
753,0.17003823427181092,0.0032414910858995136,0.9967585089141004
754,0.17061174834897463,0.0032414910858995136,0.9967585089141004
755,0.17061174834897463,0.0032589184573290813,0.9967410815426709
756,0.17073340285019117,0.0032589184573290813,0.9967410815426709
757,0.17073340285019117,0.0032763458287586485,0.9967236541712413
758,0.17090719499478624,0.0032763458287586485,0.9967236541712413
759,0.17090719499478624,0.0032937732001882157,0.9967062267998118
760,0.17094195342370525,0.0032937732001882157,0.9967062267998118
761,0.17097671185262425,0.0032937732001882157,0.9967062267998118
762,0.17097671185262425,0.003311200571617783,0.9966887994283822
763,0.17177615571776156,0.003311200571617783,0.9966887994283822
764,0.17177615571776156,0.00332862794304735,0.9966713720569527
765,0.1718804310045186,0.00332862794304735,0.9966713720569527
766,0.1718804310045186,0.0033460553144769173,0.996653944685523
767,0.17205422314911367,0.0033460553144769173,0.996653944685523
768,0.17205422314911367,0.003363482685906485,0.9966365173140935
769,0.17247132429614181,0.003363482685906485,0.9966365173140935
770,0.17250608272506082,0.003363482685906485,0.9966365173140935
771,0.17255822036843935,0.003363482685906485,0.9966365173140935
772,0.17255822036843935,0.003380910057336052,0.9966190899426639
773,0.17302745915884601,0.003380910057336052,0.9966190899426639
774,0.17302745915884601,0.0033983374287656193,0.9966016625712344
775,0.17386166145290233,0.0033983374287656193,0.9966016625712344
776,0.17386166145290233,0.0034157648001951865,0.9965842351998048
777,0.17413972888425444,0.0034157648001951865,0.9965842351998048
778,0.17413972888425444,0.0034331921716247537,0.9965668078283753
779,0.17417448731317345,0.0034331921716247537,0.9965668078283753
780,0.17420924574209246,0.0034331921716247537,0.9965668078283753
781,0.17446993395898505,0.0034331921716247537,0.9965668078283753
782,0.17446993395898505,0.003450619543054321,0.9965493804569456
783,0.1751651025373653,0.003450619543054321,0.9965493804569456
784,0.1751651025373653,0.0034680469144838886,0.9965319530855161
785,0.17519986096628432,0.0034680469144838886,0.9965319530855161
786,0.1759819256169621,0.0034680469144838886,0.9965319530855161
787,0.17601668404588114,0.0034680469144838886,0.9965319530855161
788,0.17643378519290928,0.0034680469144838886,0.9965319530855161
789,0.17643378519290928,0.003502901657343023,0.996497098342657
790,0.17662495655196386,0.003502901657343023,0.996497098342657
791,0.17662495655196386,0.00352032902877259,0.9964796709712274
792,0.17665971498088287,0.00352032902877259,0.9964796709712274
793,0.17669447340980188,0.00352032902877259,0.9964796709712274
794,0.1767118526242614,0.00352032902877259,0.9964796709712274
795,0.1767118526242614,0.0035377564002021574,0.9964622435997978
796,0.17688564476885646,0.0035377564002021574,0.9964622435997978
797,0.17690302398331595,0.0035551837716317246,0.9964448162283682
798,0.17693778241223496,0.0035551837716317246,0.9964448162283682
799,0.17693778241223496,0.0035726111430612923,0.9964273888569387
800,0.1773375043448036,0.0035726111430612923,0.9964273888569387
801,0.17737226277372262,0.0035726111430612923,0.9964273888569387
802,0.17754605491831768,0.0035726111430612923,0.9964273888569387
803,0.17754605491831768,0.0035900385144908595,0.9964099614855091
804,0.17761557177615572,0.0035900385144908595,0.9964099614855091
805,0.17761557177615572,0.0036074658859204267,0.9963925341140796
806,0.17775460549183178,0.0036074658859204267,0.9963925341140796
807,0.1777893639207508,0.0036074658859204267,0.9963925341140796
808,0.17791101842196733,0.0036074658859204267,0.9963925341140796
809,0.17791101842196733,0.003624893257349994,0.99637510674265
810,0.17860618700034758,0.003624893257349994,0.99637510674265
811,0.1786409454292666,0.003624893257349994,0.99637510674265
812,0.17869308307264511,0.003624893257349994,0.99637510674265
813,0.17872784150156412,0.003624893257349994,0.99637510674265
814,0.17874522071602364,0.003624893257349994,0.99637510674265
815,0.17874522071602364,0.003642320628779561,0.9963576793712204
816,0.1788842544316997,0.003642320628779561,0.9963576793712204
817,0.1789190128606187,0.003642320628779561,0.9963576793712204
818,0.1797010775112965,0.003642320628779561,0.9963576793712204
819,0.1797358359402155,0.003642320628779561,0.9963576793712204
820,0.18008342022940563,0.003642320628779561,0.9963576793712204
821,0.18008342022940563,0.0036597480002091283,0.9963402519997909
822,0.18043100451859576,0.0036597480002091283,0.9963402519997909
823,0.18043100451859576,0.003677175371638696,0.9963228246283613
824,0.18126520681265207,0.003677175371638696,0.9963228246283613
825,0.18129996524157108,0.003677175371638696,0.9963228246283613
826,0.18129996524157108,0.003694602743068263,0.9963053972569318
827,0.18173444560305874,0.003694602743068263,0.9963053972569318
828,0.18176920403197774,0.003694602743068263,0.9963053972569318
829,0.1821515467500869,0.003694602743068263,0.9963053972569318
830,0.1821515467500869,0.0037120301144978303,0.9962879698855022
831,0.18230795968022245,0.0037120301144978303,0.9962879698855022
832,0.18234271810914146,0.0037120301144978303,0.9962879698855022
833,0.18335071254779284,0.0037120301144978303,0.9962879698855022
834,0.18335071254779284,0.0037294574859273975,0.9962705425140727
835,0.1848453249913104,0.0037294574859273975,0.9962705425140727
836,0.1848453249913104,0.0037468848573569647,0.996253115142643
837,0.18503649635036495,0.0037468848573569647,0.996253115142643
838,0.18503649635036495,0.003764312228786532,0.9962356877712135
839,0.18526242613833854,0.003764312228786532,0.9962356877712135
840,0.18529718456725755,0.003764312228786532,0.9962356877712135
841,0.18585331942996178,0.003764312228786532,0.9962356877712135
842,0.18588807785888078,0.003764312228786532,0.9962356877712135
843,0.1859402155022593,0.003764312228786532,0.9962356877712135
844,0.1859402155022593,0.0037817396002160996,0.9962182603997839
845,0.18607924921793534,0.0037817396002160996,0.9962182603997839
846,0.18607924921793534,0.003799166971645667,0.9962008330283544
847,0.18628779979144944,0.003799166971645667,0.9962008330283544
848,0.18632255822036844,0.003799166971645667,0.9962008330283544
849,0.18642683350712547,0.003799166971645667,0.9962008330283544
850,0.18642683350712547,0.003816594343075234,0.9961834056569248
851,0.18668752172401806,0.003816594343075234,0.9961834056569248
852,0.1867222801529371,0.003816594343075234,0.9961834056569248
853,0.1881647549530761,0.003816594343075234,0.9961834056569248
854,0.1881647549530761,0.003834021714504801,0.9961659782854952
855,0.18821689259645463,0.003834021714504801,0.9961659782854952
856,0.18821689259645463,0.0038514490859343684,0.9961485509140656
857,0.1883559263121307,0.0038514490859343684,0.9961485509140656
858,0.1883559263121307,0.0038688764573639356,0.9961311235426361
859,0.1889641988182134,0.0038688764573639356,0.9961311235426361
860,0.18899895724713242,0.0038688764573639356,0.9961311235426361
861,0.18934654153632255,0.0038688764573639356,0.9961311235426361
862,0.18934654153632255,0.0038863038287935033,0.9961136961712065
863,0.1902502606882169,0.0038863038287935033,0.9961136961712065
864,0.1902502606882169,0.0039037312002230705,0.996096268799777
865,0.19089329162321864,0.0039037312002230705,0.996096268799777
866,0.19089329162321864,0.003921158571652638,0.9960788414283474
867,0.19098018769551617,0.003921158571652638,0.9960788414283474
868,0.19098018769551617,0.003938585943082205,0.9960614140569178
869,0.19141466805700383,0.003938585943082205,0.9960614140569178
870,0.19144942648592284,0.003938585943082205,0.9960614140569178
871,0.1921619742787626,0.003938585943082205,0.9960614140569178
872,0.1921619742787626,0.003956013314511772,0.9960439866854882
873,0.19238790406673617,0.003956013314511772,0.9960439866854882
874,0.19238790406673617,0.003973440685941339,0.9960265593140587
875,0.19318734793187348,0.003973440685941339,0.9960265593140587
876,0.19318734793187348,0.0039908680573709065,0.9960091319426291
877,0.19423010079944386,0.0039908680573709065,0.9960091319426291
878,0.19423010079944386,0.004008295428800474,0.9959917045711996
879,0.19436913451511992,0.004008295428800474,0.9959917045711996
880,0.19436913451511992,0.004025722800230041,0.9959742771997699
881,0.19466458116093152,0.004025722800230041,0.9959742771997699
882,0.19466458116093152,0.004043150171659609,0.9959568498283404
883,0.1950816823079597,0.004043150171659609,0.9959568498283404
884,0.1951164407368787,0.004043150171659609,0.9959568498283404
885,0.19560305874174488,0.004043150171659609,0.9959568498283404
886,0.19560305874174488,0.004060577543089176,0.9959394224569108
887,0.1967500868960723,0.004060577543089176,0.9959394224569108
888,0.1967500868960723,0.004078004914518743,0.9959219950854813
889,0.19685436218282934,0.004078004914518743,0.9959219950854813
890,0.19688912061174835,0.004078004914518743,0.9959219950854813
891,0.19801876955161626,0.004078004914518743,0.9959219950854813
892,0.19801876955161626,0.004130287028807445,0.9958697129711925
893,0.19841849148418492,0.004130287028807445,0.9958697129711925
894,0.19841849148418492,0.004147714400237012,0.995852285599763
895,0.19904414320472716,0.004147714400237012,0.995852285599763
896,0.19904414320472716,0.004165141771666579,0.9958348582283334
897,0.1991657977059437,0.004165141771666579,0.9958348582283334
898,0.1991657977059437,0.004182569143096147,0.9958174308569039
899,0.19928745220716024,0.004182569143096147,0.9958174308569039
900,0.19928745220716024,0.004199996514525714,0.9958000034854743
901,0.20029544664581161,0.004199996514525714,0.9958000034854743
902,0.20029544664581161,0.004217423885955281,0.9957825761140447
903,0.20034758428919014,0.004217423885955281,0.9957825761140447
904,0.20038234271810915,0.004217423885955281,0.9957825761140447
905,0.20038234271810915,0.004234851257384848,0.9957651487426151
906,0.20064303093500174,0.004234851257384848,0.9957651487426151
907,0.20064303093500174,0.004252278628814416,0.9957477213711856
908,0.20085158150851581,0.004252278628814416,0.9957477213711856
909,0.20085158150851581,0.0042697060002439835,0.995730293999756
910,0.2010427528675704,0.0042697060002439835,0.995730293999756
911,0.2010427528675704,0.004287133371673551,0.9957128666283265
912,0.20128606187000347,0.004287133371673551,0.9957128666283265
913,0.20128606187000347,0.004304560743103118,0.9956954392568969
914,0.2021550225929788,0.004304560743103118,0.9956954392568969
915,0.2021550225929788,0.004339415485962252,0.9956605845140377
916,0.20236357316649287,0.004339415485962252,0.9956605845140377
917,0.20236357316649287,0.0043568428573918195,0.9956431571426082
918,0.20288494960027806,0.0043568428573918195,0.9956431571426082
919,0.2029197080291971,0.0043568428573918195,0.9956431571426082
920,0.20293708724365658,0.0043568428573918195,0.9956431571426082
921,0.20293708724365658,0.004374270228821387,0.9956257297711786
922,0.20342370524852277,0.004374270228821387,0.9956257297711786
923,0.20342370524852277,0.004391697600250954,0.9956083023997491
924,0.20370177267987488,0.004391697600250954,0.9956083023997491
925,0.2037365311087939,0.004391697600250954,0.9956083023997491
926,0.20391032325338895,0.004391697600250954,0.9956083023997491
927,0.20391032325338895,0.004409124971680521,0.9955908750283194
928,0.20399721932568649,0.004409124971680521,0.9955908750283194
929,0.2040319777546055,0.004409124971680521,0.9955908750283194
930,0.20425790754257908,0.004409124971680521,0.9955908750283194
931,0.20425790754257908,0.004426552343110088,0.9955734476568899
932,0.20427528675703857,0.004426552343110088,0.9955734476568899
933,0.20427528675703857,0.0044439797145396556,0.9955560202854603
934,0.20495307612095934,0.0044439797145396556,0.9955560202854603
935,0.20495307612095934,0.004461407085969224,0.9955385929140308
936,0.20519638512339242,0.004461407085969224,0.9955385929140308
937,0.20524852276677094,0.004461407085969224,0.9955385929140308
938,0.2054049356969065,0.004461407085969224,0.9955385929140308
939,0.2054049356969065,0.004478834457398791,0.9955211655426012
940,0.2056134862704206,0.004478834457398791,0.9955211655426012
941,0.2056482446993396,0.004478834457398791,0.9955211655426012
942,0.20570038234271812,0.004478834457398791,0.9955211655426012
943,0.20573514077163713,0.004478834457398791,0.9955211655426012
944,0.2061696211331248,0.004478834457398791,0.9955211655426012
945,0.2061696211331248,0.004496261828828358,0.9955037381711717
946,0.20660410149461245,0.004496261828828358,0.9955037381711717
947,0.20660410149461245,0.004513689200257925,0.995486310799742
948,0.20709071949947863,0.004513689200257925,0.995486310799742
949,0.20712547792839764,0.004513689200257925,0.995486310799742
950,0.2076294751477233,0.004513689200257925,0.995486310799742
951,0.20766423357664235,0.004513689200257925,0.995486310799742
952,0.2081160931525895,0.004513689200257925,0.995486310799742
953,0.2081160931525895,0.0045311165716874924,0.9954688834283125
954,0.2081508515815085,0.0045311165716874924,0.9954688834283125
955,0.20818561001042754,0.0045311165716874924,0.9954688834283125
956,0.20856795272853668,0.0045311165716874924,0.9954688834283125
957,0.20860271115745568,0.0045311165716874924,0.9954688834283125
958,0.2092109836635384,0.0045311165716874924,0.9954688834283125
959,0.2092109836635384,0.00454854394311706,0.9954514560568829
960,0.21117483489746264,0.00454854394311706,0.9954514560568829
961,0.21120959332638164,0.00454854394311706,0.9954514560568829
962,0.21133124782759818,0.00454854394311706,0.9954514560568829
963,0.21136600625651722,0.00454854394311706,0.9954514560568829
964,0.21162669447340982,0.00454854394311706,0.9954514560568829
965,0.21162669447340982,0.004565971314546627,0.9954340286854534
966,0.21211331247827597,0.004565971314546627,0.9954340286854534
967,0.212148070907195,0.004565971314546627,0.9954340286854534
968,0.2122002085505735,0.004565971314546627,0.9954340286854534
969,0.2122002085505735,0.004583398685976194,0.9954166013140238
970,0.21221758776503302,0.004583398685976194,0.9954166013140238
971,0.21221758776503302,0.004600826057405761,0.9953991739425943
972,0.21226972540841155,0.004600826057405761,0.9953991739425943
973,0.21226972540841155,0.0046182534288353285,0.9953817465711646
974,0.2124261383385471,0.0046182534288353285,0.9953817465711646
975,0.2124608967674661,0.0046182534288353285,0.9953817465711646
976,0.21329509906152241,0.0046182534288353285,0.9953817465711646
977,0.21329509906152241,0.004635680800264896,0.9953643191997351
978,0.21360792492179353,0.004635680800264896,0.9953643191997351
979,0.21360792492179353,0.004653108171694464,0.9953468918283055
980,0.21390337156760514,0.004653108171694464,0.9953468918283055
981,0.21395550921098366,0.004653108171694464,0.9953468918283055
982,0.21418143899895725,0.004653108171694464,0.9953468918283055
983,0.21421619742787626,0.004653108171694464,0.9953468918283055
984,0.2143204727146333,0.004653108171694464,0.9953468918283055
985,0.21435523114355232,0.004653108171694464,0.9953468918283055
986,0.21478971150503998,0.004653108171694464,0.9953468918283055
987,0.21478971150503998,0.004670535543124031,0.995329464456876
988,0.21520681265206812,0.004670535543124031,0.995329464456876
989,0.21524157108098713,0.004670535543124031,0.995329464456876
990,0.2156760514424748,0.004670535543124031,0.995329464456876
991,0.2156760514424748,0.004687962914553598,0.9953120370854464
992,0.21635384080639555,0.004687962914553598,0.9953120370854464
993,0.21638859923531456,0.004687962914553598,0.9953120370854464
994,0.21640597844977408,0.004687962914553598,0.9953120370854464
995,0.21644073687869309,0.004687962914553598,0.9953120370854464
996,0.21711852624261382,0.004687962914553598,0.9953120370854464
997,0.21715328467153286,0.004687962914553598,0.9953120370854464
998,0.21788321167883212,0.004687962914553598,0.9953120370854464
999,0.21791797010775113,0.004687962914553598,0.9953120370854464
1000,0.2184219673270768,0.004687962914553598,0.9953120370854464
1001,0.21845672575599584,0.004687962914553598,0.9953120370854464
1002,0.21847410497045533,0.004687962914553598,0.9953120370854464
1003,0.21847410497045533,0.004705390285983165,0.9952946097140168
1004,0.21859575947167187,0.004705390285983165,0.9952946097140168
1005,0.2186305179005909,0.004705390285983165,0.9952946097140168
1006,0.21958637469586376,0.004705390285983165,0.9952946097140168
1007,0.21958637469586376,0.004722817657412733,0.9952771823425872
1008,0.2197080291970803,0.004722817657412733,0.9952771823425872
1009,0.2197080291970803,0.0047402450288423,0.9952597549711577
1010,0.21972540841153979,0.0047402450288423,0.9952597549711577
1011,0.21972540841153979,0.004757672400271867,0.9952423275997281
1012,0.22014250955856796,0.004757672400271867,0.9952423275997281
1013,0.22014250955856796,0.004792527143131001,0.995207472856869
1014,0.22035106013208203,0.004792527143131001,0.995207472856869
1015,0.22035106013208203,0.004809954514560569,0.9951900454854394
1016,0.22038581856100103,0.004809954514560569,0.9951900454854394
1017,0.22038581856100103,0.004827381885990136,0.9951726181140098
1018,0.22066388599235315,0.004827381885990136,0.9951726181140098
1019,0.22066388599235315,0.004844809257419703,0.9951551907425803
1020,0.22075078206465068,0.004844809257419703,0.9951551907425803
1021,0.22075078206465068,0.004862236628849271,0.9951377633711507
1022,0.2210809871393813,0.004862236628849271,0.9951377633711507
1023,0.2210809871393813,0.004879664000278838,0.9951203359997212
1024,0.22130691692735488,0.004879664000278838,0.9951203359997212
1025,0.22130691692735488,0.0048970913717084055,0.9951029086282916
1026,0.2213242961418144,0.0048970913717084055,0.9951029086282916
1027,0.2213242961418144,0.004914518743137973,0.995085481256862
1028,0.22144595064303094,0.004914518743137973,0.995085481256862
1029,0.22148070907194994,0.004914518743137973,0.995085481256862
1030,0.221619742787626,0.004914518743137973,0.995085481256862
1031,0.221619742787626,0.00493194611456754,0.9950680538854325
1032,0.22181091414668058,0.00493194611456754,0.9950680538854325
1033,0.2218456725755996,0.00493194611456754,0.9950680538854325
1034,0.22210636079249219,0.00493194611456754,0.9950680538854325
1035,0.22210636079249219,0.004949373485997107,0.9950506265140029
1036,0.22231491136600626,0.004949373485997107,0.9950506265140029
1037,0.22231491136600626,0.004966800857426674,0.9950331991425734
1038,0.2224539450816823,0.004966800857426674,0.9950331991425734
1039,0.22248870351060132,0.004966800857426674,0.9950331991425734
1040,0.2226798748696559,0.004966800857426674,0.9950331991425734
1041,0.2226798748696559,0.0049842282288562415,0.9950157717711438
1042,0.22307959680222453,0.0049842282288562415,0.9950157717711438
1043,0.22309697601668405,0.005001655600285809,0.9949983443997142
1044,0.22330552659019812,0.005001655600285809,0.9949983443997142
1045,0.22334028501911712,0.005001655600285809,0.9949983443997142
1046,0.22339242266249565,0.005001655600285809,0.9949983443997142
1047,0.22342718109141466,0.005001655600285809,0.9949983443997142
1048,0.22344456030587417,0.005001655600285809,0.9949983443997142
1049,0.22344456030587417,0.005019082971715376,0.9949809170282846
1050,0.2237573861661453,0.005019082971715376,0.9949809170282846
1051,0.2237921445950643,0.005019082971715376,0.9949809170282846
1052,0.22429614181438998,0.005019082971715376,0.9949809170282846
1053,0.22429614181438998,0.005036510343144943,0.9949634896568551
1054,0.22542579075425792,0.005036510343144943,0.9949634896568551
1055,0.22546054918317693,0.005036510343144943,0.9949634896568551
1056,0.22549530761209594,0.005036510343144943,0.9949634896568551
1057,0.22549530761209594,0.00505393771457451,0.9949460622854255
1058,0.22660757733750433,0.00505393771457451,0.9949460622854255
1059,0.22664233576642337,0.00505393771457451,0.9949460622854255
1060,0.22688564476885645,0.00505393771457451,0.9949460622854255
1061,0.22688564476885645,0.005071365086004078,0.994928634913996
1062,0.22733750434480363,0.005071365086004078,0.994928634913996
1063,0.22733750434480363,0.005088792457433646,0.9949112075425663
1064,0.22749391727493917,0.005088792457433646,0.9949112075425663
1065,0.22752867570385818,0.005088792457433646,0.9949112075425663
1066,0.22765033020507472,0.005088792457433646,0.9949112075425663
1067,0.22765033020507472,0.005106219828863213,0.9948937801711368
1068,0.22824122349669795,0.005106219828863213,0.9948937801711368
1069,0.22824122349669795,0.00512364720029278,0.9948763527997072
1070,0.22834549878345498,0.00512364720029278,0.9948763527997072
1071,0.22834549878345498,0.005141074571722347,0.9948589254282777
1072,0.22857142857142856,0.005141074571722347,0.9948589254282777
1073,0.22860618700034757,0.005141074571722347,0.9948589254282777
1074,0.2294577685088634,0.005141074571722347,0.9948589254282777
1075,0.2294577685088634,0.0051585019431519144,0.9948414980568481
1076,0.2302398331595412,0.0051585019431519144,0.9948414980568481
1077,0.2302398331595412,0.005193356686011049,0.9948066433139889
1078,0.23095238095238096,0.005193356686011049,0.9948066433139889
1079,0.23098713938129997,0.005193356686011049,0.9948066433139889
1080,0.231056656239138,0.005193356686011049,0.9948066433139889
1081,0.231056656239138,0.005210784057440616,0.9947892159425594
1082,0.23112617309697603,0.005210784057440616,0.9947892159425594
1083,0.23112617309697603,0.005228211428870183,0.9947717885711298
1084,0.2312999652415711,0.005228211428870183,0.9947717885711298
1085,0.2312999652415711,0.0052456388002997505,0.9947543611997003
1086,0.23229058046576295,0.0052456388002997505,0.9947543611997003
1087,0.23229058046576295,0.005263066171729318,0.9947369338282707
1088,0.232429614181439,0.005263066171729318,0.9947369338282707
1089,0.232429614181439,0.005280493543158886,0.9947195064568412
1090,0.23289885297184568,0.005280493543158886,0.9947195064568412
1091,0.23293361140076468,0.005280493543158886,0.9947195064568412
1092,0.23303788668752173,0.005280493543158886,0.9947195064568412
1093,0.23303788668752173,0.005297920914588453,0.9947020790854115
1094,0.23342022940563087,0.005297920914588453,0.9947020790854115
1095,0.23342022940563087,0.00531534828601802,0.994684651713982
1096,0.2334723670490094,0.00531534828601802,0.994684651713982
1097,0.2334723670490094,0.005332775657447587,0.9946672243425524
1098,0.23394160583941606,0.005332775657447587,0.9946672243425524
1099,0.23394160583941606,0.0053502030288771546,0.9946497969711229
1100,0.23397636426833507,0.0053502030288771546,0.9946497969711229
1101,0.23397636426833507,0.005367630400306722,0.9946323695996933
1102,0.2343065693430657,0.005367630400306722,0.9946323695996933
1103,0.2343065693430657,0.005385057771736289,0.9946149422282637
1104,0.23463677441779632,0.005385057771736289,0.9946149422282637
1105,0.23463677441779632,0.005402485143165856,0.9945975148568341
1106,0.23465415363225584,0.005402485143165856,0.9945975148568341
1107,0.23465415363225584,0.005419912514595423,0.9945800874854046
1108,0.235140771637122,0.005419912514595423,0.9945800874854046
1109,0.23517553006604103,0.005419912514595423,0.9945800874854046
1110,0.23524504692387904,0.005419912514595423,0.9945800874854046
1111,0.23527980535279805,0.005419912514595423,0.9945800874854046
1112,0.23611400764685436,0.005419912514595423,0.9945800874854046
1113,0.23611400764685436,0.005437339886024991,0.994562660113975
1114,0.23614876607577337,0.005437339886024991,0.994562660113975
1115,0.23614876607577337,0.005454767257454558,0.9945452327425455
1116,0.23618352450469238,0.005454767257454558,0.9945452327425455
1117,0.2362182829336114,0.005454767257454558,0.9945452327425455
1118,0.2362356621480709,0.005454767257454558,0.9945452327425455
1119,0.2362704205769899,0.005454767257454558,0.9945452327425455
1120,0.23633993743482795,0.005454767257454558,0.9945452327425455
1121,0.23637469586374696,0.005454767257454558,0.9945452327425455
1122,0.23680917622523462,0.005454767257454558,0.9945452327425455
1123,0.23680917622523462,0.005472194628884125,0.9945278053711158
1124,0.23719151894334375,0.005472194628884125,0.9945278053711158
1125,0.23719151894334375,0.005489622000313693,0.9945103779996863
1126,0.23736531108793882,0.005489622000313693,0.9945103779996863
1127,0.23736531108793882,0.00550704937174326,0.9944929506282567
1128,0.23750434480361488,0.00550704937174326,0.9944929506282567
1129,0.23753910323253388,0.00550704937174326,0.9944929506282567
1130,0.2375912408759124,0.00550704937174326,0.9944929506282567
1131,0.2375912408759124,0.0055244767431728275,0.9944755232568272
1132,0.23776503302050747,0.0055244767431728275,0.9944755232568272
1133,0.23776503302050747,0.005541904114602395,0.9944580958853976
1134,0.23786930830726452,0.005541904114602395,0.9944580958853976
1135,0.23790406673618353,0.005541904114602395,0.9944580958853976
1136,0.23812999652415712,0.005541904114602395,0.9944580958853976
1137,0.23816475495307612,0.005541904114602395,0.9944580958853976
1138,0.23832116788321167,0.005541904114602395,0.9944580958853976
1139,0.2383906847410497,0.005541904114602395,0.9944580958853976
1140,0.23851233924226625,0.005541904114602395,0.9944580958853976
1141,0.23851233924226625,0.005576758857461529,0.9944232411425384
1142,0.23879040667361837,0.005576758857461529,0.9944232411425384
1143,0.23882516510253737,0.005576758857461529,0.9944232411425384
1144,0.23912061174834898,0.005576758857461529,0.9944232411425384
1145,0.23912061174834898,0.005594186228891096,0.9944058137711089
1146,0.23915537017726798,0.005594186228891096,0.9944058137711089
1147,0.23915537017726798,0.0056116136003206635,0.9943883863996793
1148,0.2391727493917275,0.0056116136003206635,0.9943883863996793
1149,0.2391727493917275,0.005629040971750231,0.9943709590282498
1150,0.23955509210983664,0.005629040971750231,0.9943709590282498
1151,0.23955509210983664,0.005646468343179798,0.9943535316568202
1152,0.23983315954118875,0.005646468343179798,0.9943535316568202
1153,0.23983315954118875,0.005663895714609365,0.9943361042853907
1154,0.23993743482794577,0.005663895714609365,0.9943361042853907
1155,0.23993743482794577,0.005681323086038932,0.994318676913961
1156,0.24004171011470282,0.005681323086038932,0.994318676913961
1157,0.24007646854362183,0.005681323086038932,0.994318676913961
1158,0.2402502606882169,0.005681323086038932,0.994318676913961
1159,0.2402850191171359,0.005681323086038932,0.994318676913961
1160,0.24146680570038234,0.005681323086038932,0.994318676913961
1161,0.24146680570038234,0.0056987504574685,0.9943012495425315
1162,0.24150156412930135,0.0056987504574685,0.9943012495425315
1163,0.24150156412930135,0.005716177828898068,0.9942838221711019
1164,0.2416405978449774,0.005716177828898068,0.9942838221711019
1165,0.2416405978449774,0.005733605200327635,0.9942663947996724
1166,0.24174487313173446,0.005733605200327635,0.9942663947996724
1167,0.24174487313173446,0.005751032571757202,0.9942489674282428
1168,0.24184914841849148,0.005751032571757202,0.9942489674282428
1169,0.24184914841849148,0.005768459943186769,0.9942315400568132
1170,0.24205769899200555,0.005768459943186769,0.9942315400568132
1171,0.24209245742092458,0.005768459943186769,0.9942315400568132
1172,0.24214459506430308,0.005768459943186769,0.9942315400568132
1173,0.24214459506430308,0.005785887314616336,0.9942141126853836
1174,0.24228362877997914,0.005785887314616336,0.9942141126853836
1175,0.24231838720889814,0.005785887314616336,0.9942141126853836
1176,0.2423879040667362,0.005785887314616336,0.9942141126853836
1177,0.2424226624956552,0.005785887314616336,0.9942141126853836
1178,0.24261383385470978,0.005785887314616336,0.9942141126853836
1179,0.24261383385470978,0.005803314686045904,0.9941966853139541
1180,0.24414320472714635,0.005803314686045904,0.9941966853139541
1181,0.24414320472714635,0.005820742057475471,0.9941792579425245
1182,0.24443865137295795,0.005820742057475471,0.9941792579425245
1183,0.24449078901633647,0.005820742057475471,0.9941792579425245
1184,0.24476885644768856,0.005820742057475471,0.9941792579425245
1185,0.24480361487660757,0.005820742057475471,0.9941792579425245
1186,0.24480361487660757,0.005855596800334605,0.9941444031996653
1187,0.2448557525199861,0.005855596800334605,0.9941444031996653
1188,0.2448905109489051,0.005855596800334605,0.9941444031996653
1189,0.24520333680917622,0.005855596800334605,0.9941444031996653
1190,0.24523809523809523,0.005855596800334605,0.9941444031996653
1191,0.24544664581160933,0.005855596800334605,0.9941444031996653
1192,0.24548140424052833,0.005855596800334605,0.9941444031996653
1193,0.245881126173097,0.005855596800334605,0.9941444031996653
1194,0.245881126173097,0.0058730241717641725,0.9941269758282358
1195,0.24664581160931526,0.0058730241717641725,0.9941269758282358
1196,0.24664581160931526,0.00589045154319374,0.9941095484568062
1197,0.24690649982620785,0.00589045154319374,0.9941095484568062
1198,0.24694125825512686,0.00589045154319374,0.9941095484568062
1199,0.2470455335418839,0.00589045154319374,0.9941095484568062
1200,0.2470455335418839,0.005907878914623308,0.9940921210853767
1201,0.24725408411539798,0.005907878914623308,0.9940921210853767
1202,0.247288842544317,0.005907878914623308,0.9940921210853767
1203,0.2473062217587765,0.005907878914623308,0.9940921210853767
1204,0.2473409801876955,0.005907878914623308,0.9940921210853767
1205,0.24737573861661452,0.005907878914623308,0.9940921210853767
1206,0.24737573861661452,0.005925306286052875,0.9940746937139471
1207,0.24749739311783106,0.005925306286052875,0.9940746937139471
1208,0.24749739311783106,0.005942733657482442,0.9940572663425176
1209,0.24800139033715676,0.005942733657482442,0.9940572663425176
1210,0.24800139033715676,0.005960161028912009,0.9940398389710879
1211,0.2480535279805353,0.005960161028912009,0.9940398389710879
1212,0.2480882864094543,0.005960161028912009,0.9940398389710879
1213,0.24869655891553702,0.005960161028912009,0.9940398389710879
1214,0.24869655891553702,0.0059775884003415766,0.9940224115996584
1215,0.24873131734445603,0.0059775884003415766,0.9940224115996584
1216,0.24876607577337503,0.0059775884003415766,0.9940224115996584
1217,0.2489398679179701,0.0059775884003415766,0.9940224115996584
1218,0.2489398679179701,0.005995015771771144,0.9940049842282288
1219,0.24897462634688913,0.005995015771771144,0.9940049842282288
1220,0.24930483142161974,0.005995015771771144,0.9940049842282288
1221,0.24930483142161974,0.006012443143200711,0.9939875568567993
1222,0.24954814042405282,0.006012443143200711,0.9939875568567993
1223,0.24954814042405282,0.006029870514630278,0.9939701294853697
1224,0.24989572471324295,0.006029870514630278,0.9939701294853697
1225,0.24993048314216199,0.006029870514630278,0.9939701294853697
1226,0.2500521376433785,0.006029870514630278,0.9939701294853697
1227,0.2500521376433785,0.006047297886059845,0.9939527021139402
1228,0.25060827250608275,0.006047297886059845,0.9939527021139402
1229,0.25064303093500173,0.006047297886059845,0.9939527021139402
1230,0.2507473062217588,0.006047297886059845,0.9939527021139402
1231,0.2507820646506778,0.006047297886059845,0.9939527021139402
1232,0.25140771637122,0.006047297886059845,0.9939527021139402
1233,0.25144247480013904,0.006047297886059845,0.9939527021139402
1234,0.2514772332290581,0.006064725257489413,0.9939352747425105
1235,0.25158150851581507,0.006064725257489413,0.9939352747425105
1236,0.25158150851581507,0.00608215262891898,0.993917847371081
1237,0.25180743830378866,0.00608215262891898,0.993917847371081
1238,0.25180743830378866,0.006099580000348548,0.9939004199996515
1239,0.25232881473757385,0.006099580000348548,0.9939004199996515
1240,0.25232881473757385,0.006117007371778115,0.9938829926282219
1241,0.2524157108098714,0.006117007371778115,0.9938829926282219
1242,0.2524157108098714,0.006134434743207682,0.9938655652567924
1243,0.25253736531108795,0.006134434743207682,0.9938655652567924
1244,0.25253736531108795,0.0061518621146372495,0.9938481378853627
1245,0.2525721237400069,0.0061518621146372495,0.9938481378853627
1246,0.2525721237400069,0.006169289486066817,0.9938307105139332
1247,0.25258950295446647,0.006169289486066817,0.9938307105139332
1248,0.25258950295446647,0.006186716857496384,0.9938132831425036
1249,0.2529718456725756,0.006186716857496384,0.9938132831425036
1250,0.2529718456725756,0.006204144228925951,0.9937958557710741
1251,0.25335418839068474,0.006204144228925951,0.9937958557710741
1252,0.25335418839068474,0.006221571600355518,0.9937784283996445
1253,0.2535106013208203,0.006221571600355518,0.9937784283996445
1254,0.2535106013208203,0.0062389989717850855,0.993761001028215
1255,0.25392770246784846,0.0062389989717850855,0.993761001028215
1256,0.25392770246784846,0.006256426343214653,0.9937435736567853
1257,0.25408411539798403,0.006256426343214653,0.9937435736567853
1258,0.25408411539798403,0.006291281086073787,0.9937087189139262
1259,0.25422314911366006,0.006291281086073787,0.9937087189139262
1260,0.2542579075425791,0.006291281086073787,0.9937087189139262
1261,0.25476190476190474,0.006291281086073787,0.9937087189139262
1262,0.25476190476190474,0.006308708457503355,0.9936912915424967
1263,0.2547792839763643,0.006308708457503355,0.9936912915424967
1264,0.2547792839763643,0.006326135828932922,0.9936738641710671
1265,0.2550921098366354,0.006326135828932922,0.9936738641710671
1266,0.2551268682655544,0.006326135828932922,0.9936738641710671
1267,0.25526590198123045,0.006326135828932922,0.9936738641710671
1268,0.25528328119568994,0.00634356320036249,0.9936564367996376
1269,0.25601320820298923,0.00634356320036249,0.9936564367996376
1270,0.25601320820298923,0.006360990571792057,0.9936390094282079
1271,0.25604796663190826,0.006360990571792057,0.9936390094282079
1272,0.25604796663190826,0.006378417943221624,0.9936215820567784
1273,0.25663885992353147,0.006378417943221624,0.9936215820567784
1274,0.25665623913799096,0.006395845314651191,0.9936041546853488
1275,0.2571428571428571,0.006395845314651191,0.9936041546853488
1276,0.2571428571428571,0.006413272686080758,0.9935867273139193
1277,0.25747306221758776,0.006413272686080758,0.9935867273139193
1278,0.25747306221758776,0.006430700057510326,0.9935692999424897
1279,0.2575251998609663,0.006430700057510326,0.9935692999424897
1280,0.2575599582898853,0.006430700057510326,0.9935692999424897
1281,0.2581160931525895,0.006430700057510326,0.9935692999424897
1282,0.2581508515815085,0.006430700057510326,0.9935692999424897
1283,0.2586548488008342,0.006430700057510326,0.9935692999424897
1284,0.2586896072297532,0.006430700057510326,0.9935692999424897
1285,0.2587591240875912,0.006430700057510326,0.9935692999424897
1286,0.2587591240875912,0.006448127428939893,0.9935518725710601
1287,0.25936739659367397,0.006448127428939893,0.9935518725710601
1288,0.259402155022593,0.006448127428939893,0.9935518725710601
1289,0.2594890510948905,0.006448127428939893,0.9935518725710601
1290,0.2594890510948905,0.00646555480036946,0.9935344451996305
1291,0.25957594716718807,0.00646555480036946,0.9935344451996305
1292,0.25957594716718807,0.006482982171799027,0.993517017828201
1293,0.26020159888773026,0.006482982171799027,0.993517017828201
1294,0.26020159888773026,0.0065004095432285944,0.9934995904567714
1295,0.26034063260340634,0.0065004095432285944,0.9934995904567714
1296,0.2603753910323253,0.0065004095432285944,0.9934995904567714
1297,0.26042752867570385,0.0065004095432285944,0.9934995904567714
1298,0.2604622871046229,0.0065004095432285944,0.9934995904567714
1299,0.260879388251651,0.0065004095432285944,0.9934995904567714
1300,0.260879388251651,0.0065178369146581625,0.9934821630853419
1301,0.2609836635384081,0.0065178369146581625,0.9934821630853419
1302,0.26101842196732705,0.0065178369146581625,0.9934821630853419
1303,0.2614007646854362,0.0065178369146581625,0.9934821630853419
1304,0.2614007646854362,0.00653526428608773,0.9934647357139123
1305,0.2619221411192214,0.00653526428608773,0.9934647357139123
1306,0.2619221411192214,0.006552691657517297,0.9934473083424827
1307,0.2629648939867918,0.006552691657517297,0.9934473083424827
1308,0.2629996524157108,0.006552691657517297,0.9934473083424827
1309,0.26313868613138686,0.006552691657517297,0.9934473083424827
1310,0.2631734445603059,0.006552691657517297,0.9934473083424827
1311,0.26338199513381993,0.006552691657517297,0.9934473083424827
1312,0.26338199513381993,0.006570119028946864,0.9934298809710531
1313,0.26395550921098365,0.006570119028946864,0.9934298809710531
1314,0.26395550921098365,0.006587546400376431,0.9934124535996236
1315,0.26414668057003826,0.006587546400376431,0.9934124535996236
1316,0.26414668057003826,0.0066049737718059985,0.993395026228194
1317,0.26418143899895724,0.0066049737718059985,0.993395026228194
1318,0.26418143899895724,0.006622401143235566,0.9933775988567645
1319,0.26468543621828294,0.006622401143235566,0.9933775988567645
1320,0.2647201946472019,0.006622401143235566,0.9933775988567645
1321,0.26491136600625653,0.006622401143235566,0.9933775988567645
1322,0.2649461244351755,0.006622401143235566,0.9933775988567645
1323,0.26498088286409455,0.006622401143235566,0.9933775988567645
1324,0.26498088286409455,0.006639828514665133,0.9933601714853348
1325,0.2651372957942301,0.006639828514665133,0.9933601714853348
1326,0.2651372957942301,0.0066572558860947,0.9933427441139053
1327,0.2653632255822037,0.0066572558860947,0.9933427441139053
1328,0.2653632255822037,0.006674683257524267,0.9933253167424757
1329,0.26550225929787974,0.006674683257524267,0.9933253167424757
1330,0.26550225929787974,0.006692110628953835,0.9933078893710462
1331,0.26551963851233923,0.006692110628953835,0.9933078893710462
1332,0.26555439694125826,0.006692110628953835,0.9933078893710462
1333,0.26578032672923185,0.006692110628953835,0.9933078893710462
1334,0.26578032672923185,0.006709538000383402,0.9932904619996166
1335,0.2661800486618005,0.006709538000383402,0.9932904619996166
1336,0.2661800486618005,0.00672696537181297,0.9932730346281871
1337,0.2664754953076121,0.00672696537181297,0.9932730346281871
1338,0.2665102537365311,0.00672696537181297,0.9932730346281871
1339,0.26657977059436916,0.00672696537181297,0.9932730346281871
1340,0.26657977059436916,0.006744392743242537,0.9932556072567574
1341,0.2670490093847758,0.006744392743242537,0.9932556072567574
1342,0.2670837678136948,0.006744392743242537,0.9932556072567574
1343,0.26711852624261384,0.006744392743242537,0.9932556072567574
1344,0.26711852624261384,0.006761820114672104,0.9932381798853279
1345,0.2671532846715328,0.006761820114672104,0.9932381798853279
1346,0.2671532846715328,0.0067792474861016715,0.9932207525138983
1347,0.2675877650330205,0.0067792474861016715,0.9932207525138983
1348,0.26762252346193954,0.0067792474861016715,0.9932207525138983
1349,0.2680396246089677,0.0067792474861016715,0.9932207525138983
1350,0.26807438303788667,0.0067792474861016715,0.9932207525138983
1351,0.2683524504692388,0.0067792474861016715,0.9932207525138983
1352,0.2683872088981578,0.0067792474861016715,0.9932207525138983
1353,0.2684741049704553,0.0067792474861016715,0.9932207525138983
1354,0.2684741049704553,0.006796674857531239,0.9932033251424688
1355,0.2689259645464025,0.006796674857531239,0.9932033251424688
1356,0.2689259645464025,0.006831529600390373,0.9931684703996096
1357,0.2697775460549183,0.006831529600390373,0.9931684703996096
1358,0.2697775460549183,0.00684895697181994,0.99315104302818
1359,0.27012513034410846,0.00684895697181994,0.99315104302818
1360,0.27015988877302743,0.00684895697181994,0.99315104302818
1361,0.27019464720194647,0.00684895697181994,0.99315104302818
1362,0.2702294056308655,0.00684895697181994,0.99315104302818
1363,0.270316301703163,0.00684895697181994,0.99315104302818
1364,0.270316301703163,0.0068663843432495075,0.9931336156567505
1365,0.27092457420924576,0.0068663843432495075,0.9931336156567505
1366,0.27092457420924576,0.006883811714679075,0.9931161882853209
1367,0.271584984358707,0.006883811714679075,0.9931161882853209
1368,0.271584984358707,0.006901239086108642,0.9930987609138914
1369,0.2723149113660063,0.006901239086108642,0.9930987609138914
1370,0.27234966979492525,0.006901239086108642,0.9930987609138914
1371,0.2726103580118179,0.006901239086108642,0.9930987609138914
1372,0.2726103580118179,0.006918666457538209,0.9930813335424618
1373,0.2727493917274939,0.006918666457538209,0.9930813335424618
1374,0.2727493917274939,0.006936093828967777,0.9930639061710322
1375,0.27278415015641294,0.006936093828967777,0.9930639061710322
1376,0.27278415015641294,0.006953521200397344,0.9930464787996026
1377,0.27301007994438653,0.006953521200397344,0.9930464787996026
1378,0.27307959680222454,0.006953521200397344,0.9930464787996026
1379,0.2732707681612791,0.006953521200397344,0.9930464787996026
1380,0.2732707681612791,0.006970948571826912,0.9930290514281731
1381,0.27330552659019813,0.006970948571826912,0.9930290514281731
1382,0.2733402850191171,0.006970948571826912,0.9930290514281731
1383,0.2738616614529023,0.006970948571826912,0.9930290514281731
1384,0.2738616614529023,0.006988375943256479,0.9930116240567435
1385,0.27387904066736185,0.006988375943256479,0.9930116240567435
1386,0.27387904066736185,0.007005803314686046,0.992994196685314
1387,0.2739833159541189,0.007005803314686046,0.992994196685314
1388,0.2739833159541189,0.007023230686115613,0.9929767693138843
1389,0.27476538060479666,0.007023230686115613,0.9929767693138843
1390,0.27476538060479666,0.00704065805754518,0.9929593419424548
1391,0.27506082725060826,0.00704065805754518,0.9929593419424548
1392,0.27506082725060826,0.007058085428974748,0.9929419145710252
1393,0.27523461939520333,0.007058085428974748,0.9929419145710252
1394,0.27523461939520333,0.007075512800404315,0.9929244871995957
1395,0.27526937782412236,0.007075512800404315,0.9929244871995957
1396,0.27526937782412236,0.007092940171833882,0.9929070598281661
1397,0.27582551268682654,0.007092940171833882,0.9929070598281661
1398,0.27582551268682654,0.007110367543263449,0.9928896324567366
1399,0.2759993048314216,0.007110367543263449,0.9928896324567366
1400,0.2759993048314216,0.0071452222861225845,0.9928547777138774
1401,0.27606882168925967,0.0071452222861225845,0.9928547777138774
1402,0.27606882168925967,0.007162649657552152,0.9928373503424478
1403,0.27617309697601666,0.007162649657552152,0.9928373503424478
1404,0.2762078554049357,0.007162649657552152,0.9928373503424478
1405,0.27632950990615224,0.007162649657552152,0.9928373503424478
1406,0.27632950990615224,0.007180077028981719,0.9928199229710183
1407,0.27664233576642333,0.007180077028981719,0.9928199229710183
1408,0.27664233576642333,0.007197504400411286,0.9928024955995887
1409,0.2773896419881821,0.007197504400411286,0.9928024955995887
1410,0.2773896419881821,0.007214931771840853,0.9927850682281592
1411,0.2777719847062913,0.007214931771840853,0.9927850682281592
1412,0.2777719847062913,0.0072323591432704205,0.9927676408567295
1413,0.2778241223496698,0.0072323591432704205,0.9927676408567295
1414,0.2778241223496698,0.007249786514699988,0.9927502134853
1415,0.27785888077858883,0.007249786514699988,0.9927502134853
1416,0.27785888077858883,0.007267213886129555,0.9927327861138704
1417,0.2780326729231839,0.007267213886129555,0.9927327861138704
1418,0.2780326729231839,0.007284641257559122,0.9927153587424409
1419,0.27825860271115743,0.007284641257559122,0.9927153587424409
1420,0.27825860271115743,0.007302068628988689,0.9926979313710114
1421,0.2783281195689955,0.007302068628988689,0.9926979313710114
1422,0.2783281195689955,0.0073194960004182566,0.9926805039995817
1423,0.2786930830726451,0.0073194960004182566,0.9926805039995817
1424,0.2786930830726451,0.007336923371847824,0.9926630766281522
1425,0.2789016336461592,0.007336923371847824,0.9926630766281522
1426,0.2789363920750782,0.007336923371847824,0.9926630766281522
1427,0.2790059089329162,0.007336923371847824,0.9926630766281522
1428,0.2790059089329162,0.007354350743277392,0.9926456492567226
1429,0.2794925269377824,0.007354350743277392,0.9926456492567226
1430,0.2794925269377824,0.007371778114706959,0.9926282218852931
1431,0.27963156065345846,0.007371778114706959,0.9926282218852931
1432,0.2796663190823775,0.007371778114706959,0.9926282218852931
1433,0.28022245394508166,0.007371778114706959,0.9926282218852931
1434,0.28022245394508166,0.007389205486136526,0.9926107945138635
1435,0.28043100451859576,0.007389205486136526,0.9926107945138635
1436,0.28043100451859576,0.0074066328575660935,0.992593367142434
1437,0.2805352798053528,0.0074066328575660935,0.992593367142434
1438,0.2805352798053528,0.007424060228995661,0.9925759397710043
1439,0.2806047966631908,0.007424060228995661,0.9925759397710043
1440,0.2806047966631908,0.007441487600425228,0.9925585123995748
1441,0.28063955509210986,0.007441487600425228,0.9925585123995748
1442,0.28063955509210986,0.007458914971854795,0.9925410850281452
1443,0.2808307264511644,0.007458914971854795,0.9925410850281452
1444,0.2808307264511644,0.007476342343284362,0.9925236576567157
1445,0.2811435523114355,0.007476342343284362,0.9925236576567157
1446,0.28117831074035454,0.007476342343284362,0.9925236576567157
1447,0.2814389989572471,0.007476342343284362,0.9925236576567157
1448,0.2814389989572471,0.0074937697147139295,0.9925062302852861
1449,0.2817344456030587,0.0074937697147139295,0.9925062302852861
1450,0.2817344456030587,0.007511197086143497,0.9924888029138565
1451,0.2820994091067084,0.007511197086143497,0.9924888029138565
1452,0.2820994091067084,0.007546051829002632,0.9924539481709974
1453,0.282325338894682,0.007546051829002632,0.9924539481709974
1454,0.282325338894682,0.007563479200432199,0.9924365207995678
1455,0.28234271810914147,0.007563479200432199,0.9924365207995678
1456,0.28234271810914147,0.007580906571861766,0.9924190934281383
1457,0.2827424400417101,0.007580906571861766,0.9924190934281383
1458,0.2827424400417101,0.007598333943291334,0.9924016660567087
1459,0.2828293361140076,0.007598333943291334,0.9924016660567087
1460,0.2828293361140076,0.007615761314720901,0.9923842386852791
1461,0.28340285019117134,0.007615761314720901,0.9923842386852791
1462,0.28340285019117134,0.007633188686150468,0.9923668113138495
1463,0.28345498783454987,0.007633188686150468,0.9923668113138495
1464,0.2834897462634689,0.007633188686150468,0.9923668113138495
1465,0.2835245046923879,0.007633188686150468,0.9923668113138495
1466,0.2835245046923879,0.007650616057580035,0.99234938394242
1467,0.283767813694821,0.007650616057580035,0.99234938394242
1468,0.283767813694821,0.007668043429009602,0.9923319565709904
1469,0.28390684741049704,0.007668043429009602,0.9923319565709904
1470,0.28390684741049704,0.00768547080043917,0.9923145291995609
1471,0.28397636426833506,0.00768547080043917,0.9923145291995609
1472,0.28397636426833506,0.007702898171868737,0.9922971018281312
1473,0.2840285019117136,0.007702898171868737,0.9922971018281312
1474,0.2840285019117136,0.007720325543298304,0.9922796744567017
1475,0.2843934654153632,0.007720325543298304,0.9922796744567017
1476,0.2843934654153632,0.007737752914727871,0.9922622470852721
1477,0.285140771637122,0.007737752914727871,0.9922622470852721
1478,0.285140771637122,0.007755180286157439,0.9922448197138426
1479,0.2851581508515815,0.007755180286157439,0.9922448197138426
1480,0.2851581508515815,0.0077726076575870065,0.992227392342413
1481,0.28550573514077165,0.0077726076575870065,0.992227392342413
1482,0.28550573514077165,0.007790035029016574,0.9922099649709835
1483,0.2855578727841502,0.007790035029016574,0.9922099649709835
1484,0.2855578727841502,0.007807462400446141,0.9921925375995538
1485,0.2857142857142857,0.007807462400446141,0.9921925375995538
1486,0.2857142857142857,0.007824889771875707,0.9921751102281243
1487,0.2861661452902329,0.007824889771875707,0.9921751102281243
1488,0.2861661452902329,0.007842317143305275,0.9921576828566947
1489,0.28684393465415364,0.007842317143305275,0.9921576828566947
1490,0.28684393465415364,0.007859744514734843,0.9921402554852652
1491,0.2868786930830726,0.007859744514734843,0.9921402554852652
1492,0.2868786930830726,0.00787717188616441,0.9921228281138356
1493,0.28774765380604794,0.00787717188616441,0.9921228281138356
1494,0.28774765380604794,0.007894599257593978,0.992105400742406
1495,0.287782412234967,0.007894599257593978,0.992105400742406
1496,0.287782412234967,0.007912026629023544,0.9920879733709764
1497,0.287886687521724,0.007912026629023544,0.9920879733709764
1498,0.287886687521724,0.007946881371882679,0.9920531186281173
1499,0.2883385470976712,0.007946881371882679,0.9920531186281173
1500,0.2883385470976712,0.007981736114741813,0.9920182638852582
1501,0.28851233924226627,0.007981736114741813,0.9920182638852582
1502,0.28854709767118525,0.007981736114741813,0.9920182638852582
1503,0.2888946819603754,0.007981736114741813,0.9920182638852582
1504,0.2888946819603754,0.007999163486171381,0.9920008365138286
1505,0.28906847410497044,0.007999163486171381,0.9920008365138286
1506,0.28906847410497044,0.008016590857600947,0.991983409142399
1507,0.28934654153632255,0.008016590857600947,0.991983409142399
1508,0.28934654153632255,0.008034018229030515,0.9919659817709695
1509,0.28957247132429614,0.008034018229030515,0.9919659817709695
1510,0.28957247132429614,0.008051445600460082,0.9919485543995399
1511,0.28965936739659365,0.008051445600460082,0.9919485543995399
1512,0.28965936739659365,0.00806887297188965,0.9919311270281104
1513,0.28985053875564826,0.00806887297188965,0.9919311270281104
1514,0.28985053875564826,0.008086300343319218,0.9919136996566807
1515,0.2900069516857838,0.008086300343319218,0.9919136996566807
1516,0.2900417101147028,0.008086300343319218,0.9919136996566807
1517,0.29016336461591935,0.008086300343319218,0.9919136996566807
1518,0.29016336461591935,0.008103727714748784,0.9918962722852512
1519,0.29068474104970454,0.008103727714748784,0.9918962722852512
1520,0.29068474104970454,0.008121155086178352,0.9918788449138216
1521,0.2907194994786236,0.008121155086178352,0.9918788449138216
1522,0.2907194994786236,0.008138582457607919,0.9918614175423921
1523,0.29091067083767813,0.008138582457607919,0.9918614175423921
1524,0.29091067083767813,0.008156009829037487,0.9918439901709625
1525,0.29103232533889467,0.008156009829037487,0.9918439901709625
1526,0.2910670837678137,0.008156009829037487,0.9918439901709625
1527,0.2910670837678137,0.008173437200467053,0.991826562799533
1528,0.2911018421967327,0.008173437200467053,0.991826562799533
1529,0.29111922141119223,0.008173437200467053,0.991826562799533
1530,0.29111922141119223,0.008190864571896621,0.9918091354281033
1531,0.2916753562738964,0.008190864571896621,0.9918091354281033
1532,0.29171011470281544,0.008190864571896621,0.9918091354281033
1533,0.2917448731317345,0.008190864571896621,0.9918091354281033
1534,0.2917448731317345,0.008208291943326188,0.9917917080566738
1535,0.29179701077511294,0.008208291943326188,0.9917917080566738
1536,0.29179701077511294,0.008225719314755756,0.9917742806852442
1537,0.2920924574209246,0.008225719314755756,0.9917742806852442
1538,0.2920924574209246,0.008243146686185322,0.9917568533138147
1539,0.2925443169968717,0.008243146686185322,0.9917568533138147
1540,0.2925443169968717,0.00826057405761489,0.9917394259423851
1541,0.29256169621133127,0.00826057405761489,0.9917394259423851
1542,0.29259645464025025,0.00826057405761489,0.9917394259423851
1543,0.2935349322210636,0.00826057405761489,0.9917394259423851
1544,0.2935349322210636,0.008278001429044458,0.9917219985709556
1545,0.29383037886687524,0.008278001429044458,0.9917219985709556
1546,0.29389989572471326,0.008278001429044458,0.9917219985709556
1547,0.29423010079944384,0.008278001429044458,0.9917219985709556
1548,0.29423010079944384,0.008295428800474024,0.9917045711995259
1549,0.294542926659715,0.008295428800474024,0.9917045711995259
1550,0.294542926659715,0.008312856171903592,0.9916871438280964
1551,0.29475147723322903,0.008312856171903592,0.9916871438280964
1552,0.29478623566214807,0.008312856171903592,0.9916871438280964
1553,0.2952728536670142,0.008312856171903592,0.9916871438280964
1554,0.2952728536670142,0.008330283543333159,0.9916697164566668
1555,0.2954118873826903,0.008330283543333159,0.9916697164566668
1556,0.2954118873826903,0.008347710914762727,0.9916522890852373
1557,0.29671532846715326,0.008347710914762727,0.9916522890852373
1558,0.29671532846715326,0.008365138286192293,0.9916348617138077
1559,0.29687174139728884,0.008365138286192293,0.9916348617138077
1560,0.29687174139728884,0.008382565657621861,0.9916174343423781
1561,0.29694125825512685,0.008382565657621861,0.9916174343423781
1562,0.29694125825512685,0.008399993029051428,0.9916000069709485
1563,0.297288842544317,0.008399993029051428,0.9916000069709485
1564,0.297323600973236,0.008399993029051428,0.9916000069709485
1565,0.2975495307612096,0.008399993029051428,0.9916000069709485
1566,0.2975495307612096,0.008417420400480996,0.991582579599519
1567,0.29765380604796665,0.008417420400480996,0.991582579599519
1568,0.29768856447688563,0.008417420400480996,0.991582579599519
1569,0.29787973583594024,0.008417420400480996,0.991582579599519
1570,0.2979144942648592,0.008417420400480996,0.991582579599519
1571,0.2979144942648592,0.008434847771910562,0.9915651522280894
1572,0.29826207855404935,0.008434847771910562,0.9915651522280894
1573,0.29826207855404935,0.00845227514334013,0.9915477248566599
1574,0.2983142161974279,0.00845227514334013,0.9915477248566599
1575,0.2983142161974279,0.008469702514769696,0.9915302974852302
1576,0.2983837330552659,0.008469702514769696,0.9915302974852302
1577,0.2983837330552659,0.008487129886199265,0.9915128701138007
1578,0.2985053875564824,0.008487129886199265,0.9915128701138007
1579,0.29854014598540146,0.008487129886199265,0.9915128701138007
1580,0.2986791797010775,0.008487129886199265,0.9915128701138007
1581,0.2987139381299965,0.008487129886199265,0.9915128701138007
1582,0.2989051094890511,0.008487129886199265,0.9915128701138007
1583,0.2989051094890511,0.008504557257628833,0.9914954427423711
1584,0.29899200556134864,0.008504557257628833,0.9914954427423711
1585,0.29899200556134864,0.008521984629058399,0.9914780153709416
1586,0.2991136600625652,0.008521984629058399,0.9914780153709416
1587,0.2991831769204032,0.008521984629058399,0.9914780153709416
1588,0.2991831769204032,0.008539412000487967,0.991460587999512
1589,0.2993917274939173,0.008539412000487967,0.991460587999512
1590,0.2994091067083768,0.008556839371917533,0.9914431606280825
1591,0.29958289885297185,0.008556839371917533,0.9914431606280825
1592,0.29958289885297185,0.008574266743347101,0.991425733256653
1593,0.2996176572818909,0.008574266743347101,0.991425733256653
1594,0.2997566909975669,0.008574266743347101,0.991425733256653
1595,0.2997566909975669,0.008591694114776668,0.9914083058852233
1596,0.29980882864094544,0.008591694114776668,0.9914083058852233
1597,0.29980882864094544,0.008609121486206236,0.9913908785137938
1598,0.300034758428919,0.008609121486206236,0.9913908785137938
1599,0.300034758428919,0.008626548857635802,0.9913734511423642
1600,0.3000521376433785,0.008626548857635802,0.9913734511423642
1601,0.3000521376433785,0.00864397622906537,0.9913560237709347
1602,0.30024330900243307,0.00864397622906537,0.9913560237709347
1603,0.30024330900243307,0.008661403600494937,0.9913385963995051
1604,0.3003475842891901,0.008661403600494937,0.9913385963995051
1605,0.3003475842891901,0.008678830971924505,0.9913211690280755
1606,0.3010775112964894,0.008678830971924505,0.9913211690280755
1607,0.3010775112964894,0.008696258343354073,0.9913037416566459
1608,0.30126868265554396,0.008696258343354073,0.9913037416566459
1609,0.30126868265554396,0.008713685714783639,0.9912863142852164
1610,0.30128606187000345,0.008713685714783639,0.9912863142852164
1611,0.30128606187000345,0.008731113086213207,0.9912688869137868
1612,0.3015815085158151,0.008731113086213207,0.9912688869137868
1613,0.3016162669447341,0.008731113086213207,0.9912688869137868
1614,0.3018421967327077,0.008731113086213207,0.9912688869137868
1615,0.3018421967327077,0.008748540457642773,0.9912514595423573
1616,0.3019638512339242,0.008748540457642773,0.9912514595423573
1617,0.3019638512339242,0.008765967829072342,0.9912340321709276
1618,0.30238095238095236,0.008765967829072342,0.9912340321709276
1619,0.30238095238095236,0.008783395200501908,0.9912166047994981
1620,0.3024330900243309,0.008783395200501908,0.9912166047994981
1621,0.3024330900243309,0.008800822571931476,0.9911991774280685
1622,0.3030761209593326,0.008800822571931476,0.9911991774280685
1623,0.3030761209593326,0.008818249943361042,0.991181750056639
1624,0.30364963503649633,0.008818249943361042,0.991181750056639
1625,0.30364963503649633,0.00883567731479061,0.9911643226852094
1626,0.30384080639555094,0.00883567731479061,0.9911643226852094
1627,0.3038755648244699,0.00883567731479061,0.9911643226852094
1628,0.30391032325338896,0.00883567731479061,0.9911643226852094
1629,0.30394508168230794,0.00883567731479061,0.9911643226852094
1630,0.3046402502606882,0.00883567731479061,0.9911643226852094
1631,0.30467500868960723,0.00883567731479061,0.9911643226852094
1632,0.30523114355231146,0.00883567731479061,0.9911643226852094
1633,0.30523114355231146,0.008853104686220177,0.9911468953137799
1634,0.30643030935001736,0.008853104686220177,0.9911468953137799
1635,0.3064650677789364,0.008853104686220177,0.9911468953137799
1636,0.3065345846367744,0.008853104686220177,0.9911468953137799
1637,0.3065345846367744,0.008870532057649745,0.9911294679423502
1638,0.30665623913799095,0.008870532057649745,0.9911294679423502
1639,0.30665623913799095,0.008887959429079311,0.9911120405709207
1640,0.30688216892596454,0.008887959429079311,0.9911120405709207
1641,0.30688216892596454,0.00890538680050888,0.9910946131994911
1642,0.30714285714285716,0.00890538680050888,0.9910946131994911
1643,0.30714285714285716,0.008922814171938447,0.9910771858280616
1644,0.3073166492874522,0.008922814171938447,0.9910771858280616
1645,0.3073166492874522,0.008940241543368014,0.991059758456632
1646,0.3078727841501564,0.008940241543368014,0.991059758456632
1647,0.3078727841501564,0.008957668914797582,0.9910423310852025
1648,0.30790754257907543,0.008957668914797582,0.9910423310852025
1649,0.3095585679527285,0.008957668914797582,0.9910423310852025
1650,0.3095585679527285,0.008975096286227148,0.9910249037137728
1651,0.30957594716718806,0.008975096286227148,0.9910249037137728
1652,0.30961070559610704,0.008975096286227148,0.9910249037137728
1653,0.3100451859575947,0.008975096286227148,0.9910249037137728
1654,0.3100451859575947,0.008992523657656716,0.9910074763423433
1655,0.3100799443865137,0.008992523657656716,0.9910074763423433
1656,0.31011470281543274,0.008992523657656716,0.9910074763423433
1657,0.31093152589502954,0.008992523657656716,0.9910074763423433
1658,0.31096628432394857,0.008992523657656716,0.9910074763423433
1659,0.3112443517553007,0.008992523657656716,0.9910074763423433
1660,0.31127911018421967,0.008992523657656716,0.9910074763423433
1661,0.3115571776155718,0.008992523657656716,0.9910074763423433
1662,0.3115571776155718,0.009009951029086282,0.9909900489709137
1663,0.31166145290232883,0.009009951029086282,0.9909900489709137
1664,0.31166145290232883,0.00902737840051585,0.9909726215994842
1665,0.31171359054570735,0.00902737840051585,0.9909726215994842
1666,0.31171359054570735,0.009044805771945417,0.9909551942280546
1667,0.3119742787625999,0.009044805771945417,0.9909551942280546
1668,0.31200903719151896,0.009044805771945417,0.9909551942280546
1669,0.31223496697949255,0.009044805771945417,0.9909551942280546
1670,0.3122697254084115,0.009044805771945417,0.9909551942280546
1671,0.31256517205422313,0.009044805771945417,0.9909551942280546
1672,0.31256517205422313,0.009062233143374985,0.990937766856625
1673,0.3132255822036844,0.009062233143374985,0.990937766856625
1674,0.3132255822036844,0.009079660514804551,0.9909203394851954
1675,0.31332985749044145,0.009079660514804551,0.9909203394851954
1676,0.31332985749044145,0.00909708788623412,0.9909029121137659
1677,0.313521028849496,0.00909708788623412,0.9909029121137659
1678,0.313521028849496,0.009114515257663687,0.9908854847423363
1679,0.31386861313868614,0.009114515257663687,0.9908854847423363
1680,0.31386861313868614,0.009131942629093254,0.9908680573709068
1681,0.3139902676399027,0.009131942629093254,0.9908680573709068
1682,0.3139902676399027,0.009149370000522822,0.9908506299994772
1683,0.3152937087243657,0.009149370000522822,0.9908506299994772
1684,0.3152937087243657,0.009166797371952388,0.9908332026280476
1685,0.31546750086896075,0.009166797371952388,0.9908332026280476
1686,0.31546750086896075,0.009184224743381956,0.990815775256618
1687,0.3155891553701773,0.009184224743381956,0.990815775256618
1688,0.3155891553701773,0.009201652114811523,0.9907983478851885
1689,0.3156934306569343,0.009201652114811523,0.9907983478851885
1690,0.3156934306569343,0.00921907948624109,0.9907809205137589
1691,0.3159714980882864,0.00921907948624109,0.9907809205137589
1692,0.3159714980882864,0.009236506857670657,0.9907634931423294
1693,0.31638859923531454,0.009236506857670657,0.9907634931423294
1694,0.31638859923531454,0.009253934229100225,0.9907460657708997
1695,0.31659714980882864,0.009253934229100225,0.9907460657708997
1696,0.31659714980882864,0.009271361600529791,0.9907286383994702
1697,0.3170490093847758,0.009271361600529791,0.9907286383994702
1698,0.3170490093847758,0.00928878897195936,0.9907112110280406
1699,0.3170663885992353,0.00928878897195936,0.9907112110280406
1700,0.3170663885992353,0.009306216343388928,0.9906937836566111
1701,0.3170837678136948,0.009306216343388928,0.9906937836566111
1702,0.3170837678136948,0.009323643714818494,0.9906763562851815
1703,0.31710114702815434,0.009323643714818494,0.9906763562851815
1704,0.31710114702815434,0.009341071086248062,0.990658928913752
1705,0.31717066388599235,0.009341071086248062,0.990658928913752
1706,0.31717066388599235,0.009358498457677628,0.9906415015423223
1707,0.3172054223149114,0.009358498457677628,0.9906415015423223
1708,0.3172054223149114,0.009375925829107196,0.9906240741708928
1709,0.317500868960723,0.009375925829107196,0.9906240741708928
1710,0.317500868960723,0.009393353200536763,0.9906066467994632
1711,0.31798748696558915,0.009393353200536763,0.9906066467994632
1712,0.31798748696558915,0.00941078057196633,0.9905892194280337
1713,0.3183176920403198,0.00941078057196633,0.9905892194280337
1714,0.3183176920403198,0.009428207943395897,0.9905717920566041
1715,0.31835245046923877,0.009428207943395897,0.9905717920566041
1716,0.3183872088981578,0.009428207943395897,0.9905717920566041
1717,0.3185436218282934,0.009428207943395897,0.9905717920566041
1718,0.3185436218282934,0.009445635314825465,0.9905543646851745
1719,0.31873479318734793,0.009445635314825465,0.9905543646851745
1720,0.31873479318734793,0.009463062686255031,0.9905369373137449
1721,0.31876955161626697,0.009463062686255031,0.9905369373137449
1722,0.31880431004518595,0.009463062686255031,0.9905369373137449
1723,0.319047619047619,0.009463062686255031,0.9905369373137449
1724,0.319047619047619,0.009497917429114166,0.9905020825708858
1725,0.31951685783802575,0.009497917429114166,0.9905020825708858
1726,0.31951685783802575,0.009515344800543734,0.9904846551994563
1727,0.320281543274244,0.009515344800543734,0.9904846551994563
1728,0.320281543274244,0.009532772171973302,0.9904672278280267
1729,0.32040319777546056,0.009532772171973302,0.9904672278280267
1730,0.32040319777546056,0.009550199543402868,0.9904498004565971
1731,0.3207334028501912,0.009550199543402868,0.9904498004565971
1732,0.3207334028501912,0.009567626914832436,0.9904323730851675
1733,0.32130691692735486,0.009567626914832436,0.9904323730851675
1734,0.32130691692735486,0.009585054286262003,0.990414945713738
1735,0.3214807090719499,0.009585054286262003,0.990414945713738
1736,0.3214807090719499,0.00960248165769157,0.9903975183423084
1737,0.32179353493222107,0.00960248165769157,0.9903975183423084
1738,0.32179353493222107,0.009619909029121137,0.9903800909708789
1739,0.3220889815780327,0.009619909029121137,0.9903800909708789
1740,0.3220889815780327,0.009637336400550705,0.9903626635994492
1741,0.32210636079249216,0.009637336400550705,0.9903626635994492
1742,0.32210636079249216,0.009654763771980272,0.9903452362280197
1743,0.3221411192214112,0.009654763771980272,0.9903452362280197
1744,0.3221411192214112,0.00967219114340984,0.9903278088565901
1745,0.32233229058046575,0.00967219114340984,0.9903278088565901
1746,0.32233229058046575,0.009689618514839406,0.9903103814851606
1747,0.32269725408411537,0.009689618514839406,0.9903103814851606
1748,0.32269725408411537,0.009707045886268974,0.990292954113731
1749,0.3227493917274939,0.009707045886268974,0.990292954113731
1750,0.3227493917274939,0.009741900629128109,0.9902580993708718
1751,0.32313173444560306,0.009741900629128109,0.9902580993708718
1752,0.3231664928745221,0.009741900629128109,0.9902580993708718
1753,0.3235140771637122,0.009741900629128109,0.9902580993708718
1754,0.3235488355926312,0.009741900629128109,0.9902580993708718
1755,0.3236009732360097,0.009741900629128109,0.9902580993708718
1756,0.3236009732360097,0.009759328000557677,0.9902406719994423
1757,0.3240006951685784,0.009759328000557677,0.9902406719994423
1758,0.3240006951685784,0.009776755371987243,0.9902232446280128
1759,0.3241223496697949,0.009776755371987243,0.9902232446280128
1760,0.3241223496697949,0.009794182743416811,0.9902058172565832
1761,0.32429614181439,0.009794182743416811,0.9902058172565832
1762,0.32429614181439,0.009811610114846377,0.9901883898851537
1763,0.32440041710114703,0.009811610114846377,0.9901883898851537
1764,0.32440041710114703,0.009829037486275945,0.990170962513724
1765,0.32443517553006607,0.009829037486275945,0.990170962513724
1766,0.32443517553006607,0.009846464857705512,0.9901535351422945
1767,0.3248001390337157,0.009846464857705512,0.9901535351422945
1768,0.3248001390337157,0.00986389222913508,0.9901361077708649
1769,0.3248870351060132,0.00986389222913508,0.9901361077708649
1770,0.3248870351060132,0.009881319600564646,0.9901186803994354
1771,0.3251303441084463,0.009881319600564646,0.9901186803994354
1772,0.3251303441084463,0.009898746971994214,0.9901012530280058
1773,0.3252172401807438,0.009898746971994214,0.9901012530280058
1774,0.3252172401807438,0.00991617434342378,0.9900838256565763
1775,0.3253736531108794,0.00991617434342378,0.9900838256565763
1776,0.3253736531108794,0.009951029086282917,0.9900489709137171
1777,0.3254605491831769,0.009951029086282917,0.9900489709137171
1778,0.3254605491831769,0.009968456457712483,0.9900315435422875
1779,0.32554744525547447,0.009968456457712483,0.9900315435422875
1780,0.32554744525547447,0.009985883829142051,0.990014116170858
1781,0.32577337504344805,0.009985883829142051,0.990014116170858
1782,0.32577337504344805,0.010003311200571617,0.9899966887994284
1783,0.3258950295446646,0.010003311200571617,0.9899966887994284
1784,0.3258950295446646,0.010020738572001186,0.9899792614279989
1785,0.3263295099061522,0.010020738572001186,0.9899792614279989
1786,0.3263295099061522,0.010038165943430752,0.9899618340565692
1787,0.3275808133472367,0.010038165943430752,0.9899618340565692
1788,0.32761557177615575,0.010038165943430752,0.9899618340565692
1789,0.32763295099061523,0.010038165943430752,0.9899618340565692
1790,0.3276677094195342,0.010038165943430752,0.9899618340565692
1791,0.3277372262773723,0.010038165943430752,0.9899618340565692
1792,0.3277372262773723,0.01005559331486032,0.9899444066851397
1793,0.3278588807785888,0.01005559331486032,0.9899444066851397
1794,0.3278588807785888,0.010073020686289886,0.9899269793137101
1795,0.3281021897810219,0.010073020686289886,0.9899269793137101
1796,0.3281021897810219,0.010090448057719454,0.9899095519422806
1797,0.3285540493569691,0.010090448057719454,0.9899095519422806
1798,0.32858880778588806,0.010090448057719454,0.9899095519422806
1799,0.3292144595064303,0.010090448057719454,0.9899095519422806
1800,0.3292144595064303,0.01010787542914902,0.989892124570851
1801,0.3297010775112965,0.01010787542914902,0.989892124570851
1802,0.3297010775112965,0.010125302800578589,0.9898746971994214
1803,0.3304657629475148,0.010125302800578589,0.9898746971994214
1804,0.3304657629475148,0.010142730172008157,0.9898572698279918
1805,0.3304831421619743,0.010142730172008157,0.9898572698279918
1806,0.3304831421619743,0.010160157543437723,0.9898398424565623
1807,0.3307785888077859,0.010160157543437723,0.9898398424565623
1808,0.3307785888077859,0.010177584914867291,0.9898224150851327
1809,0.3310392770246785,0.010177584914867291,0.9898224150851327
1810,0.3310740354535975,0.010177584914867291,0.9898224150851327
1811,0.331195689954814,0.010177584914867291,0.9898224150851327
1812,0.33123044838373306,0.010177584914867291,0.9898224150851327
1813,0.3313694820994091,0.010177584914867291,0.9898224150851327
1814,0.3313694820994091,0.010195012286296858,0.9898049877137032
1815,0.33168230795968023,0.010195012286296858,0.9898049877137032
1816,0.33168230795968023,0.010212439657726426,0.9897875603422736
1817,0.33175182481751825,0.010212439657726426,0.9897875603422736
1818,0.33175182481751825,0.010229867029155992,0.989770132970844
1819,0.3318561001042753,0.010229867029155992,0.989770132970844
1820,0.3318561001042753,0.01024729440058556,0.9897527055994144
1821,0.3321341675356274,0.01024729440058556,0.9897527055994144
1822,0.3321341675356274,0.010282149143444694,0.9897178508565553
1823,0.33225582203684395,0.010282149143444694,0.9897178508565553
1824,0.33227320125130344,0.01029957651487426,0.9897004234851258
1825,0.33229058046576293,0.01029957651487426,0.9897004234851258
1826,0.33229058046576293,0.010317003886303829,0.9896829961136961
1827,0.3323774765380605,0.010317003886303829,0.9896829961136961
1828,0.3323774765380605,0.010334431257733395,0.9896655687422666
1829,0.33253388946819606,0.010334431257733395,0.9896655687422666
1830,0.33253388946819606,0.010369286000592531,0.9896307139994075
1831,0.3332116788321168,0.010369286000592531,0.9896307139994075
1832,0.3332116788321168,0.010386713372022098,0.9896132866279779
1833,0.33345498783454985,0.010386713372022098,0.9896132866279779
1834,0.33345498783454985,0.010404140743451666,0.9895958592565484
1835,0.333698296836983,0.010404140743451666,0.9895958592565484
1836,0.33373305526590197,0.010404140743451666,0.9895958592565484
1837,0.33402850191171357,0.010404140743451666,0.9895958592565484
1838,0.33402850191171357,0.010421568114881232,0.9895784318851187
1839,0.3345846367744178,0.010421568114881232,0.9895784318851187
1840,0.3345846367744178,0.0104389954863108,0.9895610045136892
1841,0.33475842891901286,0.0104389954863108,0.9895610045136892
1842,0.33475842891901286,0.010456422857740367,0.9895435771422596
1843,0.3357142857142857,0.010456422857740367,0.9895435771422596
1844,0.3357490441432047,0.010456422857740367,0.9895435771422596
1845,0.33600973236009735,0.010456422857740367,0.9895435771422596
1846,0.3360444907890163,0.010456422857740367,0.9895435771422596
1847,0.33609662843239485,0.010456422857740367,0.9895435771422596
1848,0.33609662843239485,0.010473850229169935,0.9895261497708301
1849,0.33720889815780325,0.010473850229169935,0.9895261497708301
1850,0.33720889815780325,0.010491277600599501,0.9895087223994005
1851,0.3375217240180744,0.010491277600599501,0.9895087223994005
1852,0.3375217240180744,0.010508704972029069,0.989491295027971
1853,0.33773027459158844,0.010508704972029069,0.989491295027971
1854,0.33773027459158844,0.010526132343458635,0.9894738676565413
1855,0.3379040667361835,0.010526132343458635,0.9894738676565413
1856,0.3379040667361835,0.010560987086317771,0.9894390129136822
1857,0.3381299965241571,0.010560987086317771,0.9894390129136822
1858,0.3381299965241571,0.010578414457747338,0.9894215855422527
1859,0.3383733055265902,0.010578414457747338,0.9894215855422527
1860,0.3383733055265902,0.010595841829176906,0.9894041581708231
1861,0.33849496002780677,0.010595841829176906,0.9894041581708231
1862,0.3385644768856448,0.010595841829176906,0.9894041581708231
1863,0.33889468196037537,0.010595841829176906,0.9894041581708231
1864,0.33889468196037537,0.010613269200606472,0.9893867307993935
1865,0.33903371567605145,0.010613269200606472,0.9893867307993935
1866,0.33903371567605145,0.01063069657203604,0.9893693034279639
1867,0.33955509210983664,0.01063069657203604,0.9893693034279639
1868,0.33955509210983664,0.010648123943465607,0.9893518760565344
1869,0.3397984011122697,0.010648123943465607,0.9893518760565344
1870,0.3397984011122697,0.010665551314895175,0.9893344486851048
1871,0.33983315954118876,0.010665551314895175,0.9893344486851048
1872,0.33983315954118876,0.010682978686324741,0.9893170213136753
1873,0.3399721932568648,0.010682978686324741,0.9893170213136753
1874,0.3400069516857838,0.010682978686324741,0.9893170213136753
1875,0.34021550225929786,0.010682978686324741,0.9893170213136753
1876,0.34021550225929786,0.010700406057754309,0.9892995939422456
1877,0.34035453597497395,0.010700406057754309,0.9892995939422456
1878,0.34035453597497395,0.010717833429183875,0.9892821665708161
1879,0.3409975669099757,0.010717833429183875,0.9892821665708161
1880,0.34103232533889466,0.010717833429183875,0.9892821665708161
1881,0.3412756343413278,0.010717833429183875,0.9892821665708161
1882,0.3412756343413278,0.010735260800613444,0.9892647391993865
1883,0.3414146680570038,0.010735260800613444,0.9892647391993865
1884,0.3414146680570038,0.010752688172043012,0.989247311827957
1885,0.34190128606187,0.010752688172043012,0.989247311827957
1886,0.34190128606187,0.010770115543472578,0.9892298844565274
1887,0.3419534237052485,0.010770115543472578,0.9892298844565274
1888,0.34198818213416754,0.010770115543472578,0.9892298844565274
1889,0.34200556134862703,0.010770115543472578,0.9892298844565274
1890,0.34200556134862703,0.010787542914902146,0.9892124570850979
1891,0.34204031977754606,0.010787542914902146,0.9892124570850979
1892,0.34204031977754606,0.010804970286331712,0.9891950297136682
1893,0.34205769899200555,0.010804970286331712,0.9891950297136682
1894,0.34205769899200555,0.01082239765776128,0.9891776023422387
1895,0.34219673270768164,0.01082239765776128,0.9891776023422387
1896,0.3422314911366006,0.01082239765776128,0.9891776023422387
1897,0.3423879040667362,0.01082239765776128,0.9891776023422387
1898,0.3423879040667362,0.010839825029190847,0.9891601749708091
1899,0.3424574209245742,0.010839825029190847,0.9891601749708091
1900,0.3424574209245742,0.010857252400620415,0.9891427475993796
1901,0.34249217935349324,0.010857252400620415,0.9891427475993796
1902,0.34249217935349324,0.010874679772049981,0.98912532022795
1903,0.3425269377824122,0.010874679772049981,0.98912532022795
1904,0.34256169621133126,0.010874679772049981,0.98912532022795
1905,0.3426659714980883,0.010874679772049981,0.98912532022795
1906,0.3426659714980883,0.01089210714347955,0.9891078928565205
1907,0.34287452207160235,0.01089210714347955,0.9891078928565205
1908,0.34287452207160235,0.010909534514909116,0.9890904654850908
1909,0.34310045185957594,0.010909534514909116,0.9890904654850908
1910,0.34310045185957594,0.010926961886338684,0.9890730381136613
1911,0.343135210288495,0.010926961886338684,0.9890730381136613
1912,0.34316996871741395,0.010926961886338684,0.9890730381136613
1913,0.3434827945776851,0.010926961886338684,0.9890730381136613
1914,0.3434827945776851,0.01094438925776825,0.9890556107422317
1915,0.3435696906499826,0.01094438925776825,0.9890556107422317
1916,0.3435696906499826,0.010961816629197818,0.9890381833708022
1917,0.34362182829336113,0.010961816629197818,0.9890381833708022
1918,0.34362182829336113,0.010979244000627386,0.9890207559993727
1919,0.3436392075078206,0.010979244000627386,0.9890207559993727
1920,0.3436392075078206,0.010996671372056952,0.989003328627943
1921,0.3437782412234967,0.010996671372056952,0.989003328627943
1922,0.3437782412234967,0.01101409874348652,0.9889859012565135
1923,0.3438129996524157,0.01101409874348652,0.9889859012565135
1924,0.3438477580813347,0.01101409874348652,0.9889859012565135
1925,0.34388251651025376,0.01101409874348652,0.9889859012565135
1926,0.34410844629822734,0.01101409874348652,0.9889859012565135
1927,0.34410844629822734,0.011031526114916087,0.9889684738850839
1928,0.34419534237052485,0.011031526114916087,0.9889684738850839
1929,0.34419534237052485,0.011048953486345655,0.9889510465136544
1930,0.34442127215849844,0.011048953486345655,0.9889510465136544
1931,0.34442127215849844,0.011066380857775221,0.9889336191422248
1932,0.344612443517553,0.011066380857775221,0.9889336191422248
1933,0.344612443517553,0.01108380822920479,0.9889161917707953
1934,0.3448383733055266,0.01108380822920479,0.9889161917707953
1935,0.3448383733055266,0.011101235600634356,0.9888987643993656
1936,0.34506430309350017,0.011101235600634356,0.9888987643993656
1937,0.3450990615224192,0.011101235600634356,0.9888987643993656
1938,0.3450990615224192,0.011118662972063924,0.9888813370279361
1939,0.3453945081682308,0.011118662972063924,0.9888813370279361
1940,0.3453945081682308,0.01113609034349349,0.9888639096565065
1941,0.3454292665971498,0.01113609034349349,0.9888639096565065
1942,0.3454292665971498,0.011153517714923058,0.988846482285077
1943,0.3457594716718804,0.011153517714923058,0.988846482285077
1944,0.3457594716718804,0.011170945086352626,0.9888290549136474
1945,0.3459680222453945,0.011170945086352626,0.9888290549136474
1946,0.3459680222453945,0.011188372457782193,0.9888116275422179
1947,0.34608967674661106,0.011188372457782193,0.9888116275422179
1948,0.34608967674661106,0.01120579982921176,0.9887942001707882
1949,0.3462287104622871,0.01120579982921176,0.9887942001707882
1950,0.3462634688912061,0.01120579982921176,0.9887942001707882
1951,0.3465241571080987,0.01120579982921176,0.9887942001707882
1952,0.3465241571080987,0.011223227200641327,0.9887767727993587
1953,0.34713242961418145,0.011223227200641327,0.9887767727993587
1954,0.34713242961418145,0.011240654572070895,0.9887593454279291
1955,0.34714980882864094,0.011240654572070895,0.9887593454279291
1956,0.34718456725756,0.011240654572070895,0.9887593454279291
1957,0.34774070212026414,0.011240654572070895,0.9887593454279291
1958,0.34774070212026414,0.011258081943500461,0.9887419180564996
1959,0.34793187347931875,0.011258081943500461,0.9887419180564996
1960,0.34793187347931875,0.01127550931493003,0.98872449068507
1961,0.3483663538408064,0.01127550931493003,0.98872449068507
1962,0.3484011122697254,0.01127550931493003,0.98872449068507
1963,0.34890510948905107,0.01127550931493003,0.98872449068507
1964,0.34890510948905107,0.011292936686359596,0.9887070633136404
1965,0.34933958985053876,0.011292936686359596,0.9887070633136404
1966,0.34933958985053876,0.01132779142921873,0.9886722085707813
1967,0.3498262078554049,0.01132779142921873,0.9886722085707813
1968,0.3498262078554049,0.011345218800648298,0.9886547811993517
1969,0.349965241571081,0.011345218800648298,0.9886547811993517
1970,0.349965241571081,0.011362646172077865,0.9886373538279222
1971,0.3500173792144595,0.011362646172077865,0.9886373538279222
1972,0.3500521376433785,0.011362646172077865,0.9886373538279222
1973,0.3503128258602711,0.011362646172077865,0.9886373538279222
1974,0.3503475842891901,0.011362646172077865,0.9886373538279222
1975,0.35038234271810914,0.011362646172077865,0.9886373538279222
1976,0.35038234271810914,0.011380073543507433,0.9886199264564925
1977,0.35074730622175876,0.011380073543507433,0.9886199264564925
1978,0.35074730622175876,0.011397500914937,0.988602499085063
1979,0.3511296489398679,0.011397500914937,0.988602499085063
1980,0.3511296489398679,0.011414928286366567,0.9885850717136334
1981,0.3511470281543274,0.011414928286366567,0.9885850717136334
1982,0.3511470281543274,0.011432355657796135,0.9885676443422039
1983,0.35119916579770594,0.011432355657796135,0.9885676443422039
1984,0.35119916579770594,0.011449783029225702,0.9885502169707743
1985,0.3516684045881126,0.011449783029225702,0.9885502169707743
1986,0.35170316301703164,0.011449783029225702,0.9885502169707743
1987,0.35199860966284324,0.011449783029225702,0.9885502169707743
1988,0.35199860966284324,0.01146721040065527,0.9885327895993448
1989,0.3521897810218978,0.01146721040065527,0.9885327895993448
1990,0.3521897810218978,0.011484637772084836,0.9885153622279151
1991,0.35227667709419536,0.011484637772084836,0.9885153622279151
1992,0.35227667709419536,0.011502065143514404,0.9884979348564856
1993,0.3524504692387904,0.011502065143514404,0.9884979348564856
1994,0.3524504692387904,0.01151949251494397,0.988480507485056
1995,0.3529892248870351,0.01151949251494397,0.988480507485056
1996,0.3529892248870351,0.011536919886373538,0.9884630801136265
1997,0.3530066041014946,0.011536919886373538,0.9884630801136265
1998,0.3530066041014946,0.011554347257803105,0.9884456527421969
1999,0.3530413625304136,0.011554347257803105,0.9884456527421969
2000,0.3530413625304136,0.011571774629232673,0.9884282253707674
2001,0.3532325338894682,0.011571774629232673,0.9884282253707674
2002,0.3532325338894682,0.011589202000662241,0.9884107979993377
2003,0.35331942996176574,0.011589202000662241,0.9884107979993377
2004,0.35331942996176574,0.011606629372091807,0.9883933706279082
2005,0.3534237052485228,0.011606629372091807,0.9883933706279082
2006,0.3534237052485228,0.011624056743521375,0.9883759432564786
2007,0.3534410844629823,0.011624056743521375,0.9883759432564786
2008,0.3534410844629823,0.011641484114950942,0.9883585158850491
2009,0.3534932221063608,0.011641484114950942,0.9883585158850491
2010,0.3534932221063608,0.01165891148638051,0.9883410885136195
2011,0.3535627389641988,0.01165891148638051,0.9883410885136195
2012,0.35359749739311785,0.01165891148638051,0.9883410885136195
2013,0.3537886687521724,0.01165891148638051,0.9883410885136195
2014,0.3537886687521724,0.011676338857810076,0.98832366114219
2015,0.3538234271810914,0.011676338857810076,0.98832366114219
2016,0.3538234271810914,0.011693766229239644,0.9883062337707603
2017,0.3540319777546055,0.011693766229239644,0.9883062337707603
2018,0.3540319777546055,0.01171119360066921,0.9882888063993308
2019,0.35413625304136254,0.01171119360066921,0.9882888063993308
2020,0.3541710114702815,0.01171119360066921,0.9882888063993308
2021,0.3543448036148766,0.01171119360066921,0.9882888063993308
2022,0.3543448036148766,0.011746048343528345,0.9882539516564717
2023,0.3545359749739312,0.011746048343528345,0.9882539516564717
2024,0.3545359749739312,0.011763475714957913,0.988236524285042
2025,0.35486618004866183,0.011763475714957913,0.988236524285042
2026,0.35486618004866183,0.01178090308638748,0.9882190969136125
2027,0.35531803962460895,0.01178090308638748,0.9882190969136125
2028,0.35531803962460895,0.011798330457817047,0.9882016695421829
2029,0.3554396941258255,0.011798330457817047,0.9882016695421829
2030,0.3554396941258255,0.011815757829246615,0.9881842421707534
2031,0.35606534584636773,0.011815757829246615,0.9881842421707534
2032,0.35606534584636773,0.011833185200676182,0.9881668147993238
2033,0.3562043795620438,0.011833185200676182,0.9881668147993238
2034,0.3562043795620438,0.01185061257210575,0.9881493874278943
2035,0.3564650677789364,0.01185061257210575,0.9881493874278943
2036,0.3564650677789364,0.011868039943535316,0.9881319600564646
2037,0.3565867222801529,0.011868039943535316,0.9881319600564646
2038,0.3565867222801529,0.01190289468639445,0.9880971053136055
2039,0.35663885992353145,0.01190289468639445,0.9880971053136055
2040,0.35663885992353145,0.011920322057824019,0.988079677942176
2041,0.35669099756691,0.011920322057824019,0.988079677942176
2042,0.35669099756691,0.011955176800683153,0.9880448231993169
2043,0.3570559610705596,0.011955176800683153,0.9880448231993169
2044,0.3570907194994786,0.011955176800683153,0.9880448231993169
2045,0.35775112964893985,0.011955176800683153,0.9880448231993169
2046,0.35775112964893985,0.01197260417211272,0.9880273958278872
2047,0.35780326729231837,0.01197260417211272,0.9880273958278872
2048,0.35780326729231837,0.011990031543542288,0.9880099684564577
2049,0.357994438651373,0.011990031543542288,0.9880099684564577
2050,0.357994438651373,0.012007458914971856,0.9879925410850281
2051,0.35801181786583247,0.012007458914971856,0.9879925410850281
2052,0.35801181786583247,0.012024886286401422,0.9879751137135986
2053,0.35827250608272504,0.012024886286401422,0.9879751137135986
2054,0.35827250608272504,0.01204231365783099,0.987957686342169
2055,0.3584115397984011,0.01204231365783099,0.987957686342169
2056,0.3584115397984011,0.012077168400690124,0.9879228315993098
2057,0.3584289190128606,0.012077168400690124,0.9879228315993098
2058,0.3584289190128606,0.01209459577211969,0.9879054042278803
2059,0.3587069864442127,0.01209459577211969,0.9879054042278803
2060,0.3587069864442127,0.012112023143549259,0.9878879768564507
2061,0.3587417448731317,0.012112023143549259,0.9878879768564507
2062,0.3587417448731317,0.012129450514978825,0.9878705494850212
2063,0.3591936044490789,0.012129450514978825,0.9878705494850212
2064,0.3591936044490789,0.012181732629267528,0.9878182673707325
2065,0.35921098366353843,0.012181732629267528,0.9878182673707325
2066,0.35921098366353843,0.012199160000697096,0.9878008399993029
2067,0.3592283628779979,0.012199160000697096,0.9878008399993029
2068,0.3592283628779979,0.012216587372126662,0.9877834126278734
2069,0.359436913451512,0.012216587372126662,0.9877834126278734
2070,0.359436913451512,0.01223401474355623,0.9877659852564438
2071,0.3599930483142162,0.01223401474355623,0.9877659852564438
2072,0.3599930483142162,0.012251442114985796,0.9877485578850143
2073,0.3602015988877303,0.012251442114985796,0.9877485578850143
2074,0.3602015988877303,0.012268869486415365,0.9877311305135846
2075,0.36074035453597497,0.012268869486415365,0.9877311305135846
2076,0.36074035453597497,0.012303724229274499,0.9876962757707255
2077,0.360775112964894,0.012303724229274499,0.9876962757707255
2078,0.360775112964894,0.012321151600704065,0.987678848399296
2079,0.3608620090371915,0.012321151600704065,0.987678848399296
2080,0.3608620090371915,0.012338578972133633,0.9876614210278664
2081,0.3609315258950295,0.012338578972133633,0.9876614210278664
2082,0.36096628432394856,0.012338578972133633,0.9876614210278664
2083,0.36126173096976016,0.012338578972133633,0.9876614210278664
2084,0.36126173096976016,0.0123560063435632,0.9876439936564368
2085,0.3616266944734098,0.0123560063435632,0.9876439936564368
2086,0.3616266944734098,0.012373433714992768,0.9876265662850072
2087,0.36169621133124785,0.012373433714992768,0.9876265662850072
2088,0.36169621133124785,0.012390861086422334,0.9876091389135777
2089,0.3618178658324644,0.012390861086422334,0.9876091389135777
2090,0.3618178658324644,0.012408288457851902,0.9875917115421481
2091,0.36200903719151895,0.012408288457851902,0.9875917115421481
2092,0.36200903719151895,0.01242571582928147,0.9875742841707186
2093,0.3621654501216545,0.01242571582928147,0.9875742841707186
2094,0.3621654501216545,0.012443143200711037,0.987556856799289
2095,0.3624782759819256,0.012443143200711037,0.987556856799289
2096,0.3624782759819256,0.012460570572140605,0.9875394294278594
2097,0.3627563434132777,0.012460570572140605,0.9875394294278594
2098,0.3627563434132777,0.012477997943570171,0.9875220020564298
2099,0.3630170316301703,0.012477997943570171,0.9875220020564298
2100,0.36305179005908933,0.012477997943570171,0.9875220020564298
2101,0.36312130691692734,0.012477997943570171,0.9875220020564298
2102,0.36312130691692734,0.012495425314999739,0.9875045746850003
2103,0.363451511991658,0.012495425314999739,0.9875045746850003
2104,0.363451511991658,0.012512852686429305,0.9874871473135707
2105,0.3635384080639555,0.012512852686429305,0.9874871473135707
2106,0.3635384080639555,0.012530280057858873,0.9874697199421412
2107,0.3638164754953076,0.012530280057858873,0.9874697199421412
2108,0.3638164754953076,0.01254770742928844,0.9874522925707115
2109,0.36383385470976715,0.01254770742928844,0.9874522925707115
2110,0.36383385470976715,0.012582562172147574,0.9874174378278524
2111,0.36385123392422664,0.012582562172147574,0.9874174378278524
2112,0.36385123392422664,0.012599989543577142,0.9874000104564229
2113,0.3639555092109837,0.012599989543577142,0.9874000104564229
2114,0.3639555092109837,0.01261741691500671,0.9873825830849933
2115,0.3640250260688217,0.01261741691500671,0.9873825830849933
2116,0.3640250260688217,0.012634844286436277,0.9873651557135638
2117,0.3640597844977407,0.012634844286436277,0.9873651557135638
2118,0.3640597844977407,0.012652271657865845,0.9873477283421341
2119,0.3644073687869308,0.012652271657865845,0.9873477283421341
2120,0.3644073687869308,0.012669699029295411,0.9873303009707046
2121,0.36473757386166145,0.012669699029295411,0.9873303009707046
2122,0.36478971150503997,0.012669699029295411,0.9873303009707046
2123,0.364824469933959,0.012669699029295411,0.9873303009707046
2124,0.364859228362878,0.012669699029295411,0.9873303009707046
2125,0.36487660757733753,0.012669699029295411,0.9873303009707046
2126,0.36487660757733753,0.01268712640072498,0.987312873599275
2127,0.36494612443517555,0.01268712640072498,0.987312873599275
2128,0.36494612443517555,0.012704553772154546,0.9872954462278455
2129,0.3654153632255822,0.012704553772154546,0.9872954462278455
2130,0.3654153632255822,0.012721981143584114,0.9872780188564159
2131,0.3655717761557178,0.012721981143584114,0.9872780188564159
2132,0.3655717761557178,0.01273940851501368,0.9872605914849863
2133,0.3657108098713938,0.01273940851501368,0.9872605914849863
2134,0.3657108098713938,0.012756835886443248,0.9872431641135567
2135,0.36576294751477234,0.012756835886443248,0.9872431641135567
2136,0.36576294751477234,0.012774263257872814,0.9872257367421272
2137,0.36584984358706985,0.012774263257872814,0.9872257367421272
2138,0.36584984358706985,0.012791690629302382,0.9872083093706976
2139,0.3659714980882864,0.012791690629302382,0.9872083093706976
2140,0.3659714980882864,0.012809118000731949,0.9871908819992681
2141,0.3662148070907195,0.012809118000731949,0.9871908819992681
2142,0.3662148070907195,0.012826545372161517,0.9871734546278385
2143,0.36635384080639555,0.012826545372161517,0.9871734546278385
2144,0.36635384080639555,0.012843972743591085,0.9871560272564089
2145,0.36687521724018074,0.012843972743591085,0.9871560272564089
2146,0.3669099756690998,0.012843972743591085,0.9871560272564089
2147,0.36718804310045183,0.012843972743591085,0.9871560272564089
2148,0.36718804310045183,0.012861400115020651,0.9871385998849793
2149,0.3672575599582899,0.012861400115020651,0.9871385998849793
2150,0.3672575599582899,0.01287882748645022,0.9871211725135498
2151,0.367500868960723,0.01287882748645022,0.9871211725135498
2152,0.367500868960723,0.012896254857879786,0.9871037451421202
2153,0.36767466110531805,0.012896254857879786,0.9871037451421202
2154,0.36767466110531805,0.012913682229309354,0.9870863177706907
2155,0.36776155717761555,0.012913682229309354,0.9870863177706907
2156,0.36776155717761555,0.012948536972168488,0.9870514630278315
2157,0.3685957594716719,0.012948536972168488,0.9870514630278315
2158,0.3685957594716719,0.012965964343598054,0.9870340356564019
2159,0.3690997566909976,0.012965964343598054,0.9870340356564019
2160,0.3690997566909976,0.012983391715027623,0.9870166082849724
2161,0.3695516162669447,0.012983391715027623,0.9870166082849724
2162,0.3695516162669447,0.013000819086457189,0.9869991809135428
2163,0.3696906499826208,0.013000819086457189,0.9869991809135428
2164,0.3696906499826208,0.013018246457886757,0.9869817535421133
2165,0.3697601668404588,0.013018246457886757,0.9869817535421133
2166,0.3697601668404588,0.013035673829316325,0.9869643261706836
2167,0.36986444212721586,0.013035673829316325,0.9869643261706836
2168,0.36986444212721586,0.013053101200745891,0.9869468987992541
2169,0.3699860966284324,0.013053101200745891,0.9869468987992541
2170,0.3699860966284324,0.01307052857217546,0.9869294714278245
2171,0.37003823427181093,0.01307052857217546,0.9869294714278245
2172,0.37003823427181093,0.013087955943605026,0.986912044056395
2173,0.37024678484532497,0.013087955943605026,0.986912044056395
2174,0.37024678484532497,0.013105383315034594,0.9868946166849654
2175,0.3702989224887035,0.013105383315034594,0.9868946166849654
2176,0.37033368091762253,0.013105383315034594,0.9868946166849654
2177,0.370351060132082,0.013105383315034594,0.9868946166849654
2178,0.370351060132082,0.01312281068646416,0.9868771893135359
2179,0.37127215849843587,0.01312281068646416,0.9868771893135359
2180,0.37127215849843587,0.013140238057893728,0.9868597619421062
2181,0.37158498435870696,0.013140238057893728,0.9868597619421062
2182,0.37158498435870696,0.013157665429323295,0.9868423345706767
2183,0.37179353493222106,0.013157665429323295,0.9868423345706767
2184,0.3718282933611401,0.013157665429323295,0.9868423345706767
2185,0.3718630517900591,0.013157665429323295,0.9868423345706767
2186,0.3719151894334376,0.013157665429323295,0.9868423345706767
2187,0.3719325686478971,0.013157665429323295,0.9868423345706767
2188,0.3719325686478971,0.013175092800752863,0.9868249071992471
2189,0.3719673270768161,0.013175092800752863,0.9868249071992471
2190,0.3719673270768161,0.013192520172182429,0.9868074798278176
2191,0.37224539450816824,0.013192520172182429,0.9868074798278176
2192,0.37224539450816824,0.013227374915041563,0.9867726250849584
2193,0.37229753215154676,0.013227374915041563,0.9867726250849584
2194,0.37229753215154676,0.013244802286471132,0.9867551977135288
2195,0.37288842544316997,0.013244802286471132,0.9867551977135288
2196,0.37288842544316997,0.0132622296579007,0.9867377703420993
2197,0.3731491136600626,0.0132622296579007,0.9867377703420993
2198,0.3731491136600626,0.013279657029330266,0.9867203429706697
2199,0.3732186305179006,0.013279657029330266,0.9867203429706697
2200,0.3732186305179006,0.013297084400759834,0.9867029155992402
2201,0.37327076816127913,0.013297084400759834,0.9867029155992402
2202,0.37327076816127913,0.0133145117721894,0.9866854882278105
2203,0.37339242266249567,0.0133145117721894,0.9866854882278105
2204,0.37339242266249567,0.013331939143618968,0.986668060856381
2205,0.3737921445950643,0.013331939143618968,0.986668060856381
2206,0.3737921445950643,0.013366793886478103,0.9866332061135219
2207,0.3739833159541189,0.013366793886478103,0.9866332061135219
2208,0.3740180743830379,0.013366793886478103,0.9866332061135219
2209,0.3741049704553354,0.013366793886478103,0.9866332061135219
2210,0.3741049704553354,0.01338422125790767,0.9866157787420924
2211,0.37420924574209247,0.01338422125790767,0.9866157787420924
2212,0.37420924574209247,0.013401648629337237,0.9865983513706628
2213,0.37466110531803964,0.013401648629337237,0.9865983513706628
2214,0.37466110531803964,0.013419076000766804,0.9865809239992333
2215,0.3748001390337157,0.013419076000766804,0.9865809239992333
2216,0.3748001390337157,0.013436503372196372,0.9865634966278036
2217,0.3748348974626347,0.013436503372196372,0.9865634966278036
2218,0.3753562738964199,0.013436503372196372,0.9865634966278036
2219,0.3753562738964199,0.01345393074362594,0.9865460692563741
2220,0.3755126868265554,0.01345393074362594,0.9865460692563741
2221,0.3755126868265554,0.013471358115055506,0.9865286418849445
2222,0.375599582898853,0.013471358115055506,0.9865286418849445
2223,0.375599582898853,0.013488785486485074,0.986511214513515
2224,0.37579075425790753,0.013488785486485074,0.986511214513515
2225,0.37579075425790753,0.01350621285791464,0.9864937871420854
2226,0.37608620090371914,0.01350621285791464,0.9864937871420854
2227,0.37608620090371914,0.013523640229344209,0.9864763597706558
2228,0.37613833854709766,0.013523640229344209,0.9864763597706558
2229,0.37613833854709766,0.013541067600773775,0.9864589323992262
2230,0.3768508863399374,0.013541067600773775,0.9864589323992262
2231,0.3768508863399374,0.013558494972203343,0.9864415050277967
2232,0.376972540841154,0.013558494972203343,0.9864415050277967
2233,0.376972540841154,0.01357592234363291,0.9864240776563671
2234,0.3769899200556135,0.01357592234363291,0.9864240776563671
2235,0.3769899200556135,0.013593349715062477,0.9864066502849376
2236,0.3778588807785888,0.013593349715062477,0.9864066502849376
2237,0.3778588807785888,0.013610777086492044,0.986389222913508
2238,0.37789363920750785,0.013610777086492044,0.986389222913508
2239,0.37789363920750785,0.013628204457921612,0.9863717955420784
2240,0.378310740354536,0.013628204457921612,0.9863717955420784
2241,0.378310740354536,0.01364563182935118,0.9863543681706488
2242,0.37848453249913105,0.01364563182935118,0.9863543681706488
2243,0.37848453249913105,0.013663059200780746,0.9863369407992193
2244,0.3785888077858881,0.013663059200780746,0.9863369407992193
2245,0.3785888077858881,0.013680486572210314,0.9863195134277897
2246,0.37907542579075426,0.013680486572210314,0.9863195134277897
2247,0.37907542579075426,0.01369791394363988,0.9863020860563602
2248,0.37938825165102535,0.01369791394363988,0.9863020860563602
2249,0.3794230100799444,0.01369791394363988,0.9863020860563602
2250,0.3794403892944039,0.01369791394363988,0.9863020860563602
2251,0.3794403892944039,0.013715341315069449,0.9862846586849305
2252,0.3794577685088634,0.013715341315069449,0.9862846586849305
2253,0.3794577685088634,0.013732768686499015,0.986267231313501
2254,0.37961418143899894,0.013732768686499015,0.986267231313501
2255,0.37961418143899894,0.013750196057928583,0.9862498039420714
2256,0.3800312825860271,0.013750196057928583,0.9862498039420714
2257,0.3800312825860271,0.01376762342935815,0.9862323765706419
2258,0.38011817865832465,0.01376762342935815,0.9862323765706419
2259,0.38011817865832465,0.013785050800787717,0.9862149491992123
2260,0.38039624608967676,0.013785050800787717,0.9862149491992123
2261,0.38039624608967676,0.013802478172217284,0.9861975218277828
2262,0.38065693430656933,0.013802478172217284,0.9861975218277828
2263,0.38065693430656933,0.013819905543646852,0.9861800944563531
2264,0.3807438303788669,0.013819905543646852,0.9861800944563531
2265,0.3807438303788669,0.013837332915076418,0.9861626670849236
2266,0.3807612095933264,0.013837332915076418,0.9861626670849236
2267,0.3807612095933264,0.013854760286505986,0.986145239713494
2268,0.3807959680222454,0.013854760286505986,0.986145239713494
2269,0.3808307264511644,0.013854760286505986,0.986145239713494
2270,0.3809697601668405,0.013854760286505986,0.986145239713494
2271,0.3809697601668405,0.013872187657935554,0.9861278123420645
2272,0.38171706638859926,0.013872187657935554,0.9861278123420645
2273,0.38171706638859926,0.01388961502936512,0.9861103849706349
2274,0.38209940910670837,0.01388961502936512,0.9861103849706349
2275,0.38209940910670837,0.013907042400794689,0.9860929575992053
2276,0.38223844282238445,0.013907042400794689,0.9860929575992053
2277,0.38223844282238445,0.013924469772224255,0.9860755302277757
2278,0.382429614181439,0.013924469772224255,0.9860755302277757
2279,0.382429614181439,0.013941897143653823,0.9860581028563462
2280,0.3826555439694126,0.013941897143653823,0.9860581028563462
2281,0.3826555439694126,0.013976751886512958,0.9860232481134871
2282,0.3829683698296837,0.013976751886512958,0.9860232481134871
2283,0.3829683698296837,0.013994179257942524,0.9860058207420574
2284,0.3830900243309002,0.013994179257942524,0.9860058207420574
2285,0.3830900243309002,0.014011606629372092,0.9859883933706279
2286,0.38312478275981926,0.014011606629372092,0.9859883933706279
2287,0.3831595411887383,0.014011606629372092,0.9859883933706279
2288,0.38328119568995483,0.014011606629372092,0.9859883933706279
2289,0.38328119568995483,0.014029034000801658,0.9859709659991983
2290,0.3835071254779284,0.014029034000801658,0.9859709659991983
2291,0.3835418839068474,0.014029034000801658,0.9859709659991983
2292,0.3836114007646854,0.014029034000801658,0.9859709659991983
2293,0.3836114007646854,0.014046461372231226,0.9859535386277688
2294,0.3837504344803615,0.014046461372231226,0.9859535386277688
2295,0.3837851929092805,0.014046461372231226,0.9859535386277688
2296,0.38387208898157804,0.014046461372231226,0.9859535386277688
2297,0.38387208898157804,0.014063888743660794,0.9859361112563392
2298,0.38392422662495657,0.014063888743660794,0.9859361112563392
2299,0.38392422662495657,0.01408131611509036,0.9859186838849097
2300,0.3840285019117136,0.01408131611509036,0.9859186838849097
2301,0.3840285019117136,0.014098743486519929,0.98590125651348
2302,0.3842718109141467,0.014098743486519929,0.98590125651348
2303,0.3842718109141467,0.014116170857949495,0.9858838291420505
2304,0.3854362182829336,0.014116170857949495,0.9858838291420505
2305,0.3854362182829336,0.014133598229379063,0.9858664017706209
2306,0.3856621480709072,0.014133598229379063,0.9858664017706209
2307,0.3856621480709072,0.01415102560080863,0.9858489743991914
2308,0.3864268335071255,0.01415102560080863,0.9858489743991914
2309,0.3864268335071255,0.014168452972238198,0.9858315470277618
2310,0.386478971150504,0.014168452972238198,0.9858315470277618
2311,0.386478971150504,0.014185880343667764,0.9858141196563323
2312,0.38661800486618003,0.014185880343667764,0.9858141196563323
2313,0.38665276329509907,0.014185880343667764,0.9858141196563323
2314,0.38687869308307266,0.014185880343667764,0.9858141196563323
2315,0.38687869308307266,0.014203307715097332,0.9857966922849026
2316,0.38689607229753215,0.014203307715097332,0.9857966922849026
2317,0.3869308307264512,0.014203307715097332,0.9857966922849026
2318,0.38733055265901983,0.014203307715097332,0.9857966922849026
2319,0.38733055265901983,0.014220735086526898,0.9857792649134731
2320,0.3877302745915885,0.014220735086526898,0.9857792649134731
2321,0.3877302745915885,0.014238162457956467,0.9857618375420435
2322,0.38800834202294054,0.014238162457956467,0.9857618375420435
2323,0.38800834202294054,0.014255589829386033,0.985744410170614
2324,0.38828640945429266,0.014255589829386033,0.985744410170614
2325,0.38828640945429266,0.014273017200815601,0.9857269827991844
2326,0.3883211678832117,0.014273017200815601,0.9857269827991844
2327,0.3883385470976712,0.014273017200815601,0.9857269827991844
2328,0.3883385470976712,0.014290444572245169,0.9857095554277548
2329,0.38903371567605144,0.014290444572245169,0.9857095554277548
2330,0.38903371567605144,0.014307871943674735,0.9856921280563252
2331,0.38910323253388945,0.014307871943674735,0.9856921280563252
2332,0.38910323253388945,0.01434272668653387,0.9856572733134661
2333,0.3897288842544317,0.01434272668653387,0.9856572733134661
2334,0.3897288842544317,0.014377581429393004,0.985622418570607
2335,0.3902502606882169,0.014377581429393004,0.985622418570607
2336,0.3902502606882169,0.014395008800822572,0.9856049911991774
2337,0.3903719151894334,0.014395008800822572,0.9856049911991774
2338,0.3903719151894334,0.014412436172252139,0.9855875638277478
2339,0.39040667361835246,0.014412436172252139,0.9855875638277478
2340,0.39040667361835246,0.014447290915111273,0.9855527090848887
2341,0.3905804657629475,0.014447290915111273,0.9855527090848887
2342,0.3905804657629475,0.014464718286540841,0.9855352817134592
2343,0.39085853319429964,0.014464718286540841,0.9855352817134592
2344,0.39085853319429964,0.01448214565797041,0.9855178543420295
2345,0.39092805005213765,0.01448214565797041,0.9855178543420295
2346,0.39092805005213765,0.014499573029399975,0.9855004269706
2347,0.39120611748348977,0.014499573029399975,0.9855004269706
2348,0.39120611748348977,0.014517000400829544,0.9854829995991704
2349,0.39122349669794926,0.014517000400829544,0.9854829995991704
2350,0.39122349669794926,0.01453442777225911,0.9854655722277409
2351,0.3913625304136253,0.01453442777225911,0.9854655722277409
2352,0.3913625304136253,0.014551855143688678,0.9854481448563113
2353,0.39146680570038234,0.014551855143688678,0.9854481448563113
2354,0.39146680570038234,0.014569282515118244,0.9854307174848818
2355,0.3915537017726799,0.014569282515118244,0.9854307174848818
2356,0.3915537017726799,0.014586709886547812,0.9854132901134521
2357,0.3916405978449774,0.014586709886547812,0.9854132901134521
2358,0.3916405978449774,0.014604137257977379,0.9853958627420226
2359,0.39174487313173445,0.014604137257977379,0.9853958627420226
2360,0.39174487313173445,0.014621564629406947,0.985378435370593
2361,0.3922314911366006,0.014621564629406947,0.985378435370593
2362,0.3922314911366006,0.014638992000836513,0.9853610079991635
2363,0.3923010079944387,0.014638992000836513,0.9853610079991635
2364,0.3923010079944387,0.014656419372266081,0.985343580627734
2365,0.39231838720889817,0.014656419372266081,0.985343580627734
2366,0.39235314563781715,0.014656419372266081,0.985343580627734
2367,0.3925964546402503,0.014656419372266081,0.985343580627734
2368,0.3925964546402503,0.014673846743695648,0.9853261532563043
2369,0.3929440389294404,0.014673846743695648,0.9853261532563043
2370,0.3929440389294404,0.014691274115125216,0.9853087258848748
2371,0.3929614181438999,0.014691274115125216,0.9853087258848748
2372,0.3929614181438999,0.014708701486554784,0.9852912985134452
2373,0.3930483142161974,0.014708701486554784,0.9852912985134452
2374,0.3930483142161974,0.014743556229413918,0.9852564437705861
2375,0.3935001737921446,0.014743556229413918,0.9852564437705861
2376,0.3935001737921446,0.014760983600843484,0.9852390163991566
2377,0.39365658672228016,0.014760983600843484,0.9852390163991566
2378,0.39365658672228016,0.014778410972273053,0.9852215890277269
2379,0.3940041710114703,0.014778410972273053,0.9852215890277269
2380,0.3940041710114703,0.014813265715132187,0.9851867342848678
2381,0.39423010079944387,0.014813265715132187,0.9851867342848678
2382,0.39423010079944387,0.014830693086561753,0.9851693069134383
2383,0.3943691345151199,0.014830693086561753,0.9851693069134383
2384,0.3943691345151199,0.014848120457991321,0.9851518795420087
2385,0.3944212721584984,0.014848120457991321,0.9851518795420087
2386,0.3944212721584984,0.014865547829420888,0.9851344521705792
2387,0.394508168230796,0.014865547829420888,0.9851344521705792
2388,0.394508168230796,0.014882975200850456,0.9851170247991495
2389,0.39490789016336464,0.014882975200850456,0.9851170247991495
2390,0.3949426485922836,0.014882975200850456,0.9851170247991495
2391,0.39497740702120265,0.014882975200850456,0.9851170247991495
2392,0.39497740702120265,0.014900402572280024,0.98509959742772
2393,0.39520333680917624,0.014900402572280024,0.98509959742772
2394,0.39520333680917624,0.01491782994370959,0.9850821700562904
2395,0.39529023288147375,0.01491782994370959,0.9850821700562904
2396,0.39529023288147375,0.014935257315139158,0.9850647426848609
2397,0.3953945081682308,0.014935257315139158,0.9850647426848609
2398,0.3953945081682308,0.014952684686568725,0.9850473153134313
2399,0.3954640250260688,0.014952684686568725,0.9850473153134313
2400,0.3954640250260688,0.014987539429427859,0.9850124605705721
2401,0.39556830031282586,0.014987539429427859,0.9850124605705721
2402,0.39556830031282586,0.015004966800857427,0.9849950331991426
2403,0.39558567952728535,0.015004966800857427,0.9849950331991426
2404,0.3956378171706639,0.015004966800857427,0.9849950331991426
2405,0.39581160931525894,0.015004966800857427,0.9849950331991426
2406,0.39581160931525894,0.015022394172286993,0.984977605827713
2407,0.3959680222453945,0.015022394172286993,0.984977605827713
2408,0.3959680222453945,0.015039821543716561,0.9849601784562835
2409,0.3960375391032325,0.015039821543716561,0.9849601784562835
2410,0.3960375391032325,0.015074676286575696,0.9849253237134243
2411,0.396054918317692,0.015074676286575696,0.9849253237134243
2412,0.396054918317692,0.015092103658005264,0.9849078963419947
2413,0.39640250260688215,0.015092103658005264,0.9849078963419947
2414,0.39640250260688215,0.01510953102943483,0.9848904689705652
2415,0.39661105318039624,0.01510953102943483,0.9848904689705652
2416,0.39661105318039624,0.015144385772293965,0.9848556142277061
2417,0.3967153284671533,0.015144385772293965,0.9848556142277061
2418,0.3967153284671533,0.015161813143723533,0.9848381868562764
2419,0.3967327076816128,0.015161813143723533,0.9848381868562764
2420,0.3967327076816128,0.015179240515153099,0.9848207594848469
2421,0.3967500868960723,0.015179240515153099,0.9848207594848469
2422,0.3967500868960723,0.015196667886582667,0.9848033321134173
2423,0.3970976711852624,0.015196667886582667,0.9848033321134173
2424,0.3970976711852624,0.015214095258012234,0.9847859047419878
2425,0.39711505039972195,0.015214095258012234,0.9847859047419878
2426,0.39711505039972195,0.015231522629441802,0.9847684773705582
2427,0.3973062217587765,0.015231522629441802,0.9847684773705582
2428,0.3973062217587765,0.015248950000871368,0.9847510499991287
2429,0.3975495307612096,0.015248950000871368,0.9847510499991287
2430,0.3975495307612096,0.01530123211516007,0.9846987678848399
2431,0.3976016684045881,0.01530123211516007,0.9846987678848399
2432,0.3976016684045881,0.015318659486589638,0.9846813405134104
2433,0.3981751824817518,0.015318659486589638,0.9846813405134104
2434,0.3981751824817518,0.015336086858019205,0.9846639131419808
2435,0.39824469933958984,0.015336086858019205,0.9846639131419808
2436,0.39824469933958984,0.015353514229448773,0.9846464857705512
2437,0.3983489746263469,0.015353514229448773,0.9846464857705512
2438,0.3983489746263469,0.01537094160087834,0.9846290583991216
2439,0.39845324991310394,0.01537094160087834,0.9846290583991216
2440,0.39845324991310394,0.015388368972307907,0.9846116310276921
2441,0.39852276677094195,0.015388368972307907,0.9846116310276921
2442,0.39854014598540144,0.015405796343737474,0.9845942036562625
2443,0.398661800486618,0.015405796343737474,0.9845942036562625
2444,0.3986791797010775,0.015423223715167042,0.984576776284833
2445,0.3990789016336462,0.015423223715167042,0.984576776284833
2446,0.3990789016336462,0.015440651086596608,0.9845593489134034
2447,0.3995828988529718,0.015440651086596608,0.9845593489134034
2448,0.3995828988529718,0.015458078458026176,0.9845419215419738
2449,0.3996524157108099,0.015458078458026176,0.9845419215419738
2450,0.3996524157108099,0.015475505829455742,0.9845244941705442
2451,0.40006951685783804,0.015475505829455742,0.9845244941705442
2452,0.40006951685783804,0.01549293320088531,0.9845070667991147
2453,0.40015641293013554,0.01549293320088531,0.9845070667991147
2454,0.40015641293013554,0.015527787943744445,0.9844722120562556
2455,0.40036496350364964,0.015527787943744445,0.9844722120562556
2456,0.40036496350364964,0.015545215315174013,0.984454784684826
2457,0.40038234271810913,0.015545215315174013,0.984454784684826
2458,0.40038234271810913,0.01556264268660358,0.9844373573133964
2459,0.4006951685783803,0.01556264268660358,0.9844373573133964
2460,0.4006951685783803,0.015580070058033147,0.9844199299419668
2461,0.4010775112964894,0.015580070058033147,0.9844199299419668
2462,0.4010775112964894,0.015597497429462714,0.9844025025705373
2463,0.40152937087243656,0.015597497429462714,0.9844025025705373
2464,0.40152937087243656,0.015614924800892282,0.9843850751991077
2465,0.4015815085158151,0.015614924800892282,0.9843850751991077
2466,0.4016336461591936,0.015614924800892282,0.9843850751991077
2467,0.4018595759471672,0.015614924800892282,0.9843850751991077
2468,0.4018595759471672,0.01563235217232185,0.9843676478276782
2469,0.40203336809176227,0.01563235217232185,0.9843676478276782
2470,0.40203336809176227,0.015649779543751415,0.9843502204562485
2471,0.4021724018074383,0.015649779543751415,0.9843502204562485
2472,0.4021724018074383,0.015667206915180983,0.984332793084819
2473,0.4023114355231144,0.015667206915180983,0.984332793084819
2474,0.4023114355231144,0.01568463428661055,0.9843153657133894
2475,0.402606882168926,0.01568463428661055,0.9843153657133894
2476,0.402606882168926,0.01570206165804012,0.9842979383419599
2477,0.4026242613833855,0.01570206165804012,0.9842979383419599
2478,0.4026242613833855,0.015719489029469687,0.9842805109705303
2479,0.402745915884602,0.015719489029469687,0.9842805109705303
2480,0.402745915884602,0.01573691640089925,0.9842630835991008
2481,0.40285019117135906,0.01573691640089925,0.9842630835991008
2482,0.40285019117135906,0.01575434377232882,0.9842456562276711
2483,0.40288494960027804,0.01575434377232882,0.9842456562276711
2484,0.40288494960027804,0.015771771143758388,0.9842282288562416
2485,0.4030239833159541,0.015771771143758388,0.9842282288562416
2486,0.4030587417448731,0.015771771143758388,0.9842282288562416
2487,0.4032846715328467,0.015771771143758388,0.9842282288562416
2488,0.4032846715328467,0.015789198515187956,0.984210801484812
2489,0.40345846367744176,0.015789198515187956,0.984210801484812
2490,0.40345846367744176,0.01580662588661752,0.9841933741133825
2491,0.4037017726798749,0.01580662588661752,0.9841933741133825
2492,0.4037017726798749,0.01582405325804709,0.9841759467419529
2493,0.4039277024678484,0.01582405325804709,0.9841759467419529
2494,0.4039277024678484,0.015858908000906224,0.9841410919990938
2495,0.40394508168230797,0.015858908000906224,0.9841410919990938
2496,0.40394508168230797,0.01587633537233579,0.9841236646276642
2497,0.4040319777546055,0.01587633537233579,0.9841236646276642
2498,0.4040667361835245,0.01587633537233579,0.9841236646276642
2499,0.4042231491136601,0.01587633537233579,0.9841236646276642
2500,0.4042231491136601,0.015893762743765357,0.9841062372562347
2501,0.4043274244004171,0.015893762743765357,0.9841062372562347
2502,0.4043274244004171,0.015911190115194925,0.9840888098848051
2503,0.4043621828293361,0.015911190115194925,0.9840888098848051
2504,0.40439694125825515,0.015911190115194925,0.9840888098848051
2505,0.40439694125825515,0.015928617486624493,0.9840713825133756
2506,0.40443169968717413,0.015928617486624493,0.9840713825133756
2507,0.4044490789016336,0.015928617486624493,0.9840713825133756
2508,0.4044490789016336,0.01594604485805406,0.9840539551419459
2509,0.4051616266944734,0.01594604485805406,0.9840539551419459
2510,0.4051616266944734,0.015963472229483626,0.9840365277705164
2511,0.405352798053528,0.015963472229483626,0.9840365277705164
2512,0.405352798053528,0.015980899600913194,0.9840191003990868
2513,0.4054744525547445,0.015980899600913194,0.9840191003990868
2514,0.4054744525547445,0.015998326972342762,0.9840016730276573
2515,0.40557872784150156,0.015998326972342762,0.9840016730276573
2516,0.4056134862704206,0.015998326972342762,0.9840016730276573
2517,0.4056308654848801,0.015998326972342762,0.9840016730276573
2518,0.4056308654848801,0.01601575434377233,0.9839842456562277
2519,0.4056482446993396,0.01601575434377233,0.9839842456562277
2520,0.4056482446993396,0.016033181715201895,0.9839668182847982
2521,0.4057003823427181,0.016033181715201895,0.9839668182847982
2522,0.4057003823427181,0.016050609086631463,0.9839493909133685
2523,0.40573514077163714,0.016050609086631463,0.9839493909133685
2524,0.40573514077163714,0.01606803645806103,0.983931963541939
2525,0.4057525199860966,0.01606803645806103,0.983931963541939
2526,0.4057525199860966,0.0160854638294906,0.9839145361705094
2527,0.4062738964198818,0.0160854638294906,0.9839145361705094
2528,0.4062738964198818,0.016102891200920164,0.9838971087990799
2529,0.4064476885644769,0.016102891200920164,0.9838971087990799
2530,0.4064476885644769,0.01612031857234973,0.9838796814276503
2531,0.4064998262078554,0.01612031857234973,0.9838796814276503
2532,0.4064998262078554,0.0161377459437793,0.9838622540562207
2533,0.406656239137991,0.0161377459437793,0.9838622540562207
2534,0.406656239137991,0.016155173315208868,0.9838448266847911
2535,0.4071080987139381,0.016155173315208868,0.9838448266847911
2536,0.40714285714285714,0.016155173315208868,0.9838448266847911
2537,0.4075425790754258,0.016155173315208868,0.9838448266847911
2538,0.4075425790754258,0.016172600686638436,0.9838273993133616
2539,0.40764685436218284,0.016172600686638436,0.9838273993133616
2540,0.40764685436218284,0.016190028058068,0.983809971941932
2541,0.4078380257212374,0.016190028058068,0.983809971941932
2542,0.4078380257212374,0.01620745542949757,0.9837925445705025
2543,0.408202989224887,0.01620745542949757,0.9837925445705025
2544,0.408202989224887,0.016224882800927137,0.9837751171990728
2545,0.4084115397984011,0.016224882800927137,0.9837751171990728
2546,0.4084115397984011,0.016242310172356705,0.9837576898276433
2547,0.40860271115745567,0.016242310172356705,0.9837576898276433
2548,0.40860271115745567,0.01625973754378627,0.9837402624562137
2549,0.40874174487313175,0.01625973754378627,0.9837402624562137
2550,0.40874174487313175,0.016277164915215837,0.9837228350847842
2551,0.4092283628779979,0.016277164915215837,0.9837228350847842
2552,0.40926312130691694,0.016277164915215837,0.9837228350847842
2553,0.40926312130691694,0.016294592286645405,0.9837054077133546
2554,0.4096802224539451,0.016294592286645405,0.9837054077133546
2555,0.4096802224539451,0.016312019658074974,0.9836879803419251
2556,0.40985401459854015,0.016312019658074974,0.9836879803419251
2557,0.4098887730274592,0.016312019658074974,0.9836879803419251
2558,0.41016684045881124,0.016312019658074974,0.9836879803419251
2559,0.41016684045881124,0.016329447029504538,0.9836705529704954
2560,0.4101842196732708,0.016329447029504538,0.9836705529704954
2561,0.4101842196732708,0.016346874400934106,0.9836531255990659
2562,0.4102363573166493,0.016346874400934106,0.9836531255990659
2563,0.4102363573166493,0.016364301772363674,0.9836356982276363
2564,0.4103232533889468,0.016364301772363674,0.9836356982276363
2565,0.4103232533889468,0.016381729143793242,0.9836182708562068
2566,0.41065345846367746,0.016381729143793242,0.9836182708562068
2567,0.41065345846367746,0.01639915651522281,0.9836008434847772
2568,0.410809871393813,0.01639915651522281,0.9836008434847772
2569,0.410809871393813,0.016416583886652375,0.9835834161133477
2570,0.410844629822732,0.016416583886652375,0.9835834161133477
2571,0.410844629822732,0.016434011258081943,0.983565988741918
2572,0.41126173096976015,0.016434011258081943,0.983565988741918
2573,0.41126173096976015,0.01645143862951151,0.9835485613704885
2574,0.41145290232881476,0.01645143862951151,0.9835485613704885
2575,0.41145290232881476,0.016486293372370644,0.9835137066276294
2576,0.4119568995481404,0.016486293372370644,0.9835137066276294
2577,0.4119568995481404,0.016503720743800212,0.9834962792561998
2578,0.41197427876259995,0.016503720743800212,0.9834962792561998
2579,0.41200903719151893,0.016503720743800212,0.9834962792561998
2580,0.412148070907195,0.016503720743800212,0.9834962792561998
2581,0.412148070907195,0.01652114811522978,0.9834788518847702
2582,0.41226972540841156,0.01652114811522978,0.9834788518847702
2583,0.41226972540841156,0.016556002858088916,0.9834439971419111
2584,0.41256517205422316,0.016556002858088916,0.9834439971419111
2585,0.41256517205422316,0.01657343022951848,0.9834265697704815
2586,0.41279110184219675,0.01657343022951848,0.9834265697704815
2587,0.41279110184219675,0.01659085760094805,0.983409142399052
2588,0.41312130691692733,0.01659085760094805,0.983409142399052
2589,0.41312130691692733,0.016608284972377617,0.9833917150276223
2590,0.4133472367049009,0.016608284972377617,0.9833917150276223
2591,0.4133472367049009,0.016625712343807185,0.9833742876561928
2592,0.413521028849496,0.016625712343807185,0.9833742876561928
2593,0.413555787278415,0.016625712343807185,0.9833742876561928
2594,0.4138512339242266,0.016625712343807185,0.9833742876561928
2595,0.4138512339242266,0.01664313971523675,0.9833568602847632
2596,0.4138686131386861,0.01664313971523675,0.9833568602847632
2597,0.4138686131386861,0.016660567086666318,0.9833394329133337
2598,0.41426833507125477,0.016660567086666318,0.9833394329133337
2599,0.4143030935001738,0.016660567086666318,0.9833394329133337
2600,0.41449426485922836,0.016660567086666318,0.9833394329133337
2601,0.41449426485922836,0.016677994458095886,0.9833220055419041
2602,0.41451164407368785,0.016677994458095886,0.9833220055419041
2603,0.41451164407368785,0.016730276572384586,0.9832697234276154
2604,0.41463329857490444,0.016730276572384586,0.9832697234276154
2605,0.41463329857490444,0.016747703943814155,0.9832522960561858
2606,0.41472019464720195,0.016747703943814155,0.9832522960561858
2607,0.414754953076121,0.016747703943814155,0.9832522960561858
2608,0.41529370872436566,0.016747703943814155,0.9832522960561858
2609,0.41529370872436566,0.016765131315243723,0.9832348686847563
2610,0.4153284671532847,0.016765131315243723,0.9832348686847563
2611,0.4153284671532847,0.01678255868667329,0.9832174413133267
2612,0.4153458463677442,0.01678255868667329,0.9832174413133267
2613,0.4153458463677442,0.016799986058102855,0.9832000139418972
2614,0.41574556830031284,0.016799986058102855,0.9832000139418972
2615,0.41574556830031284,0.016817413429532423,0.9831825865704675
2616,0.41604101494612444,0.016817413429532423,0.9831825865704675
2617,0.4160757733750434,0.016817413429532423,0.9831825865704675
2618,0.4161452902328815,0.016817413429532423,0.9831825865704675
2619,0.4161452902328815,0.01683484080096199,0.983165159199038
2620,0.41685783802572124,0.01683484080096199,0.983165159199038
2621,0.41685783802572124,0.01685226817239156,0.9831477318276084
2622,0.41699687174139727,0.01685226817239156,0.9831477318276084
2623,0.41699687174139727,0.016869695543821124,0.9831303044561789
2624,0.41713590545707335,0.016869695543821124,0.9831303044561789
2625,0.41713590545707335,0.016887122915250692,0.9831128770847493
2626,0.417535627389642,0.016887122915250692,0.9831128770847493
2627,0.417570385818561,0.016887122915250692,0.9831128770847493
2628,0.417570385818561,0.01690455028668026,0.9830954497133197
2629,0.4177963156065346,0.01690455028668026,0.9830954497133197
2630,0.4177963156065346,0.01692197765810983,0.9830780223418901
2631,0.41788321167883213,0.01692197765810983,0.9830780223418901
2632,0.41788321167883213,0.016939405029539393,0.9830605949704606
2633,0.41795272853667015,0.016939405029539393,0.9830605949704606
2634,0.41795272853667015,0.01695683240096896,0.983043167599031
2635,0.4180743830378867,0.01695683240096896,0.983043167599031
2636,0.4180743830378867,0.01697425977239853,0.9830257402276015
2637,0.4181265206812652,0.01697425977239853,0.9830257402276015
2638,0.4181265206812652,0.016991687143828097,0.9830083128561719
2639,0.41817865832464374,0.016991687143828097,0.9830083128561719
2640,0.41817865832464374,0.017009114515257665,0.9829908854847423
2641,0.41856100104275284,0.017009114515257665,0.9829908854847423
2642,0.41856100104275284,0.017043969258116798,0.9829560307418832
2643,0.4191518943343761,0.017043969258116798,0.9829560307418832
2644,0.4191518943343761,0.017061396629546366,0.9829386033704537
2645,0.41927354883559265,0.017061396629546366,0.9829386033704537
2646,0.41927354883559265,0.017078824000975934,0.9829211759990241
2647,0.4196906499826208,0.017078824000975934,0.9829211759990241
2648,0.4196906499826208,0.0170962513724055,0.9829037486275946
2649,0.4199687174139729,0.0170962513724055,0.9829037486275946
2650,0.4199687174139729,0.017113678743835067,0.9828863212561649
2651,0.4200556134862704,0.017113678743835067,0.9828863212561649
2652,0.4200556134862704,0.017131106115264635,0.9828688938847354
2653,0.4203336809176225,0.017131106115264635,0.9828688938847354
2654,0.4203336809176225,0.01716596085812377,0.9828340391418763
2655,0.420351060132082,0.01716596085812377,0.9828340391418763
2656,0.420351060132082,0.017183388229553336,0.9828166117704467
2657,0.42036843934654156,0.017183388229553336,0.9828166117704467
2658,0.42040319777546054,0.017183388229553336,0.9828166117704467
2659,0.42069864442127214,0.017183388229553336,0.9828166117704467
2660,0.4207334028501912,0.017183388229553336,0.9828166117704467
2661,0.42095933263816476,0.017183388229553336,0.9828166117704467
2662,0.42095933263816476,0.017200815600982904,0.9827991843990171
2663,0.42104622871046227,0.017200815600982904,0.9827991843990171
2664,0.42104622871046227,0.01721824297241247,0.9827817570275875
2665,0.4215328467153285,0.01721824297241247,0.9827817570275875
2666,0.4215328467153285,0.01723567034384204,0.982764329656158
2667,0.42156760514424746,0.01723567034384204,0.982764329656158
2668,0.4216023635731665,0.01723567034384204,0.982764329656158
2669,0.421654501216545,0.01723567034384204,0.982764329656158
2670,0.421654501216545,0.017253097715271604,0.9827469022847284
2671,0.421689259645464,0.017253097715271604,0.9827469022847284
2672,0.421689259645464,0.017270525086701172,0.9827294749132989
2673,0.42170663885992354,0.017270525086701172,0.9827294749132989
2674,0.42170663885992354,0.01728795245813074,0.9827120475418692
2675,0.4218282933611401,0.01728795245813074,0.9827120475418692
2676,0.4218282933611401,0.01730537982956031,0.9826946201704397
2677,0.42198470629127566,0.01730537982956031,0.9826946201704397
2678,0.42198470629127566,0.017322807200989873,0.9826771927990101
2679,0.42201946472019464,0.017322807200989873,0.9826771927990101
2680,0.42201946472019464,0.01734023457241944,0.9826597654275806
2681,0.4221758776503302,0.01734023457241944,0.9826597654275806
2682,0.4221758776503302,0.01735766194384901,0.982642338056151
2683,0.4223322905804658,0.01735766194384901,0.982642338056151
2684,0.4223322905804658,0.017375089315278577,0.9826249106847215
2685,0.4224018074383038,0.017375089315278577,0.9826249106847215
2686,0.4224018074383038,0.017392516686708145,0.9826074833132918
2687,0.4224713242961418,0.017392516686708145,0.9826074833132918
2688,0.4224713242961418,0.01740994405813771,0.9825900559418623
2689,0.42252346193952034,0.01740994405813771,0.9825900559418623
2690,0.42252346193952034,0.017427371429567278,0.9825726285704327
2691,0.42288842544316996,0.017427371429567278,0.9825726285704327
2692,0.42288842544316996,0.017444798800996846,0.9825552011990032
2693,0.42304483837330553,0.017444798800996846,0.9825552011990032
2694,0.42307959680222457,0.017444798800996846,0.9825552011990032
2695,0.4231491136600626,0.017444798800996846,0.9825552011990032
2696,0.4231491136600626,0.017462226172426414,0.9825377738275736
2697,0.42316649287452207,0.017462226172426414,0.9825377738275736
2698,0.42316649287452207,0.01747965354385598,0.9825203464561441
2699,0.4233055265901981,0.01747965354385598,0.9825203464561441
2700,0.4233055265901981,0.017497080915285547,0.9825029190847144
2701,0.4234445603058742,0.017497080915285547,0.9825029190847144
2702,0.4234445603058742,0.017514508286715115,0.9824854917132849
2703,0.4236704900938478,0.017514508286715115,0.9824854917132849
2704,0.4236704900938478,0.017531935658144683,0.9824680643418553
2705,0.42368786930830726,0.017531935658144683,0.9824680643418553
2706,0.42368786930830726,0.017549363029574248,0.9824506369704258
2707,0.42398331595411887,0.017549363029574248,0.9824506369704258
2708,0.42398331595411887,0.017566790401003816,0.9824332095989962
2709,0.42443517553006604,0.017566790401003816,0.9824332095989962
2710,0.42443517553006604,0.017584217772433384,0.9824157822275666
2711,0.42445255474452553,0.017584217772433384,0.9824157822275666
2712,0.42445255474452553,0.01761907251529252,0.9823809274847075
2713,0.4248348974626347,0.01761907251529252,0.9823809274847075
2714,0.4248348974626347,0.017636499886722085,0.9823635001132779
2715,0.425634341327772,0.017636499886722085,0.9823635001132779
2716,0.425634341327772,0.017653927258151653,0.9823460727418484
2717,0.42603406326034066,0.017653927258151653,0.9823460727418484
2718,0.42603406326034066,0.01767135462958122,0.9823286453704188
2719,0.42605144247480015,0.01767135462958122,0.9823286453704188
2720,0.42605144247480015,0.01768878200101079,0.9823112179989892
2721,0.4262947514772332,0.01768878200101079,0.9823112179989892
2722,0.4262947514772332,0.017706209372440353,0.9822937906275596
2723,0.42643378519290925,0.017706209372440353,0.9822937906275596
2724,0.42643378519290925,0.01772363674386992,0.9822763632561301
2725,0.4264685436218283,0.01772363674386992,0.9822763632561301
2726,0.4265033020507473,0.01772363674386992,0.9822763632561301
2727,0.4265380604796663,0.01772363674386992,0.9822763632561301
2728,0.4265380604796663,0.01774106411529949,0.9822589358847005
2729,0.42655543969412585,0.01774106411529949,0.9822589358847005
2730,0.42655543969412585,0.017758491486729058,0.982241508513271
2731,0.42659019812304483,0.017758491486729058,0.982241508513271
2732,0.42659019812304483,0.017775918858158622,0.9822240811418413
2733,0.4266944734098019,0.017775918858158622,0.9822240811418413
2734,0.4266944734098019,0.01779334622958819,0.9822066537704118
2735,0.4267466110531804,0.01779334622958819,0.9822066537704118
2736,0.4267466110531804,0.01781077360101776,0.9821892263989822
2737,0.42693778241223496,0.01781077360101776,0.9821892263989822
2738,0.42693778241223496,0.017828200972447326,0.9821717990275527
2739,0.42752867570385816,0.017828200972447326,0.9821717990275527
2740,0.42752867570385816,0.017845628343876895,0.9821543716561231
2741,0.42765033020507476,0.017845628343876895,0.9821543716561231
2742,0.42765033020507476,0.01786305571530646,0.9821369442846936
2743,0.42766770941953425,0.01786305571530646,0.9821369442846936
2744,0.42766770941953425,0.017915337829595163,0.9820846621704048
2745,0.4277893639207508,0.017915337829595163,0.9820846621704048
2746,0.4277893639207508,0.017932765201024728,0.9820672347989753
2747,0.42841501564129303,0.017932765201024728,0.9820672347989753
2748,0.42841501564129303,0.017950192572454296,0.9820498074275457
2749,0.42850191171359053,0.017950192572454296,0.9820498074275457
2750,0.42850191171359053,0.017985047315313432,0.9820149526846865
2751,0.4287278415015641,0.017985047315313432,0.9820149526846865
2752,0.4287278415015641,0.018002474686743,0.981997525313257
2753,0.42879735835940214,0.018002474686743,0.981997525313257
2754,0.42879735835940214,0.018019902058172565,0.9819800979418274
2755,0.42884949600278066,0.018019902058172565,0.9819800979418274
2756,0.42884949600278066,0.018037329429602133,0.9819626705703979
2757,0.4289537712895377,0.018037329429602133,0.9819626705703979
2758,0.4289537712895377,0.0180547568010317,0.9819452431989683
2759,0.42921445950643033,0.0180547568010317,0.9819452431989683
2760,0.42921445950643033,0.01807218417246127,0.9819278158275387
2761,0.4292318387208898,0.01807218417246127,0.9819278158275387
2762,0.4292318387208898,0.018089611543890834,0.9819103884561091
2763,0.4294056308654849,0.018089611543890834,0.9819103884561091
2764,0.4294056308654849,0.01812446628674997,0.98187553371325
2765,0.42952728536670143,0.01812446628674997,0.98187553371325
2766,0.42952728536670143,0.018141893658179538,0.9818581063418205
2767,0.42956204379562046,0.018141893658179538,0.9818581063418205
2768,0.42956204379562046,0.018159321029609102,0.9818406789703908
2769,0.42959680222453944,0.018159321029609102,0.9818406789703908
2770,0.42959680222453944,0.01819417577246824,0.9818058242275317
2771,0.4296315606534585,0.01819417577246824,0.9818058242275317
2772,0.4296315606534585,0.018211603143897807,0.9817883968561022
2773,0.4298401112269725,0.018211603143897807,0.9817883968561022
2774,0.4298401112269725,0.018229030515327375,0.9817709694846726
2775,0.4300486618004866,0.018229030515327375,0.9817709694846726
2776,0.4300486618004866,0.01824645788675694,0.9817535421132431
2777,0.43015293708724367,0.01824645788675694,0.9817535421132431
2778,0.43015293708724367,0.018263885258186507,0.9817361147418135
2779,0.4302572123740007,0.018263885258186507,0.9817361147418135
2780,0.4302919708029197,0.018263885258186507,0.9817361147418135
2781,0.4303093500173792,0.018263885258186507,0.9817361147418135
2782,0.4303093500173792,0.018281312629616076,0.9817186873703839
2783,0.43070907194994784,0.018281312629616076,0.9817186873703839
2784,0.43070907194994784,0.018298740001045644,0.9817012599989543
2785,0.4307959680222454,0.018298740001045644,0.9817012599989543
2786,0.4307959680222454,0.018316167372475208,0.9816838326275248
2787,0.43093500173792143,0.018316167372475208,0.9816838326275248
2788,0.43093500173792143,0.018333594743904776,0.9816664052560953
2789,0.431091414668057,0.018333594743904776,0.9816664052560953
2790,0.431091414668057,0.018351022115334344,0.9816489778846657
2791,0.43123044838373303,0.018351022115334344,0.9816489778846657
2792,0.43123044838373303,0.018368449486763912,0.9816315505132361
2793,0.43126520681265207,0.018368449486763912,0.9816315505132361
2794,0.43126520681265207,0.018385876858193477,0.9816141231418065
2795,0.4316127911018422,0.018385876858193477,0.9816141231418065
2796,0.43164754953076123,0.018385876858193477,0.9816141231418065
2797,0.43173444560305874,0.018385876858193477,0.9816141231418065
2798,0.43173444560305874,0.018403304229623045,0.981596695770377
2799,0.4319777546054918,0.018403304229623045,0.981596695770377
2800,0.4319777546054918,0.018420731601052613,0.9815792683989474
2801,0.43199513381995136,0.018420731601052613,0.9815792683989474
2802,0.43199513381995136,0.01843815897248218,0.9815618410275179
2803,0.4320646506777894,0.01843815897248218,0.9815618410275179
2804,0.4320646506777894,0.01845558634391175,0.9815444136560882
2805,0.4321341675356274,0.01845558634391175,0.9815444136560882
2806,0.4321341675356274,0.018473013715341314,0.9815269862846587
2807,0.43225582203684393,0.018473013715341314,0.9815269862846587
2808,0.43225582203684393,0.018490441086770882,0.9815095589132291
2809,0.4322732012513034,0.018490441086770882,0.9815095589132291
2810,0.4322732012513034,0.01850786845820045,0.9814921315417996
2811,0.4324817518248175,0.01850786845820045,0.9814921315417996
2812,0.43251651025373655,0.01850786845820045,0.9814921315417996
2813,0.43253388946819604,0.01850786845820045,0.9814921315417996
2814,0.43253388946819604,0.018525295829630018,0.98147470417037
2815,0.43260340632603406,0.018525295829630018,0.98147470417037
2816,0.4326381647549531,0.018525295829630018,0.98147470417037
2817,0.4329336114007647,0.018525295829630018,0.98147470417037
2818,0.4329336114007647,0.018542723201059583,0.9814572767989405
2819,0.43309002433090027,0.018542723201059583,0.9814572767989405
2820,0.43312478275981925,0.018542723201059583,0.9814572767989405
2821,0.4332464372610358,0.018542723201059583,0.9814572767989405
2822,0.4332464372610358,0.01856015057248915,0.9814398494275108
2823,0.4335071254779284,0.01856015057248915,0.9814398494275108
2824,0.4335071254779284,0.01857757794391872,0.9814224220560813
2825,0.43355926312130694,0.01857757794391872,0.9814224220560813
2826,0.4335940215502259,0.01857757794391872,0.9814224220560813
2827,0.43413277719847065,0.01857757794391872,0.9814224220560813
2828,0.43413277719847065,0.018595005315348287,0.9814049946846517
2829,0.43475842891901284,0.018595005315348287,0.9814049946846517
2830,0.43475842891901284,0.018612432686777855,0.9813875673132222
2831,0.4348627042057699,0.018612432686777855,0.9813875673132222
2832,0.4348627042057699,0.01862986005820742,0.9813701399417926
2833,0.43503649635036495,0.01862986005820742,0.9813701399417926
2834,0.43503649635036495,0.018647287429636988,0.981352712570363
2835,0.43517553006604104,0.018647287429636988,0.981352712570363
2836,0.43517553006604104,0.018682142172496124,0.9813178578275039
2837,0.43521028849496,0.018682142172496124,0.9813178578275039
2838,0.43521028849496,0.01869956954392569,0.9813004304560743
2839,0.4353667014250956,0.01869956954392569,0.9813004304560743
2840,0.4353667014250956,0.018716996915355257,0.9812830030846448
2841,0.43554049356969066,0.018716996915355257,0.9812830030846448
2842,0.43554049356969066,0.018734424286784825,0.9812655757132152
2843,0.4358011817865832,0.018734424286784825,0.9812655757132152
2844,0.4358011817865832,0.018751851658214393,0.9812481483417856
2845,0.4361140076468544,0.018751851658214393,0.9812481483417856
2846,0.4361140076468544,0.018769279029643957,0.981230720970356
2847,0.4364615919360445,0.018769279029643957,0.981230720970356
2848,0.4364615919360445,0.018786706401073525,0.9812132935989265
2849,0.4366180048661801,0.018786706401073525,0.9812132935989265
2850,0.4366180048661801,0.018804133772503093,0.9811958662274969
2851,0.4367570385818561,0.018804133772503093,0.9811958662274969
2852,0.4367570385818561,0.01882156114393266,0.9811784388560674
2853,0.4374174487313173,0.01882156114393266,0.9811784388560674
2854,0.4374174487313173,0.01883898851536223,0.9811610114846377
2855,0.43760862009037194,0.01883898851536223,0.9811610114846377
2856,0.43760862009037194,0.018856415886791794,0.9811435841132082
2857,0.4376259993048314,0.018856415886791794,0.9811435841132082
2858,0.4376259993048314,0.018873843258221362,0.9811261567417786
2859,0.43774765380604796,0.018873843258221362,0.9811261567417786
2860,0.43774765380604796,0.01889127062965093,0.9811087293703491
2861,0.4377997914494265,0.01889127062965093,0.9811087293703491
2862,0.4377997914494265,0.0189086980010805,0.9810913019989195
2863,0.43792144595064303,0.0189086980010805,0.9810913019989195
2864,0.43792144595064303,0.018926125372510063,0.98107387462749
2865,0.43799096280848104,0.018926125372510063,0.98107387462749
2866,0.43799096280848104,0.01894355274393963,0.9810564472560603
2867,0.4381647549530761,0.01894355274393963,0.9810564472560603
2868,0.43819951338199514,0.01894355274393963,0.9810564472560603
2869,0.4387556482446993,0.01894355274393963,0.9810564472560603
2870,0.4387556482446993,0.0189609801153692,0.9810390198846308
2871,0.43880778588807784,0.0189609801153692,0.9810390198846308
2872,0.43880778588807784,0.018978407486798767,0.9810215925132012
2873,0.4389120611748349,0.018978407486798767,0.9810215925132012
2874,0.4389120611748349,0.018995834858228332,0.9810041651417717
2875,0.4389294403892944,0.018995834858228332,0.9810041651417717
2876,0.4389294403892944,0.0190132622296579,0.9809867377703421
2877,0.43899895724713245,0.0190132622296579,0.9809867377703421
2878,0.43899895724713245,0.019030689601087468,0.9809693103989126
2879,0.439259645464025,0.019030689601087468,0.9809693103989126
2880,0.439259645464025,0.019048116972517036,0.9809518830274829
2881,0.4393986791797011,0.019048116972517036,0.9809518830274829
2882,0.4393986791797011,0.019065544343946604,0.9809344556560534
2883,0.4394160583941606,0.019065544343946604,0.9809344556560534
2884,0.4394160583941606,0.019117826458235305,0.9808821735417647
2885,0.43958985053875566,0.019117826458235305,0.9808821735417647
2886,0.43958985053875566,0.019135253829664873,0.9808647461703351
2887,0.43960722975321515,0.019135253829664873,0.9808647461703351
2888,0.43960722975321515,0.019152681201094438,0.9808473187989055
2889,0.43974626346889123,0.019152681201094438,0.9808473187989055
2890,0.43974626346889123,0.019170108572524006,0.980829891427476
2891,0.4399895724713243,0.019170108572524006,0.980829891427476
2892,0.4399895724713243,0.019187535943953574,0.9808124640560464
2893,0.4400243309002433,0.019187535943953574,0.9808124640560464
2894,0.4402850191171359,0.019187535943953574,0.9808124640560464
2895,0.4402850191171359,0.01920496331538314,0.9807950366846169
2896,0.4403023983315954,0.01920496331538314,0.9807950366846169
2897,0.4403023983315954,0.019222390686812706,0.9807776093131872
2898,0.4403197775460549,0.019222390686812706,0.9807776093131872
2899,0.4403545359749739,0.019222390686812706,0.9807776093131872
2900,0.4407368786930831,0.019222390686812706,0.9807776093131872
2901,0.4407368786930831,0.019239818058242274,0.9807601819417577
2902,0.4410844629822732,0.019239818058242274,0.9807601819417577
2903,0.4410844629822732,0.019309527543960543,0.9806904724560395
2904,0.4411713590545707,0.019309527543960543,0.9806904724560395
2905,0.4411713590545707,0.01932695491539011,0.9806730450846098
2906,0.44120611748348976,0.01932695491539011,0.9806730450846098
2907,0.44120611748348976,0.01934438228681968,0.9806556177131803
2908,0.4412582551268683,0.01934438228681968,0.9806556177131803
2909,0.4412582551268683,0.019361809658249247,0.9806381903417507
2910,0.44143204727146335,0.019361809658249247,0.9806381903417507
2911,0.44143204727146335,0.019379237029678812,0.9806207629703212
2912,0.4414668057003823,0.019379237029678812,0.9806207629703212
2913,0.44158846020159886,0.019379237029678812,0.9806207629703212
2914,0.44158846020159886,0.019414091772537948,0.980585908227462
2915,0.44165797705943693,0.019414091772537948,0.980585908227462
2916,0.44165797705943693,0.019431519143967516,0.9805684808560324
2917,0.44176225234619393,0.019431519143967516,0.9805684808560324
2918,0.44176225234619393,0.019448946515397084,0.9805510534846029
2919,0.441936044490789,0.019448946515397084,0.9805510534846029
2920,0.441936044490789,0.01946637388682665,0.9805336261131734
2921,0.44210983663538406,0.01946637388682665,0.9805336261131734
2922,0.44210983663538406,0.019483801258256217,0.9805161987417438
2923,0.4421272158498436,0.019483801258256217,0.9805161987417438
2924,0.4421272158498436,0.019501228629685785,0.9804987713703142
2925,0.44233576642335765,0.019501228629685785,0.9804987713703142
2926,0.44233576642335765,0.019518656001115353,0.9804813439988846
2927,0.44238790406673617,0.019518656001115353,0.9804813439988846
2928,0.44238790406673617,0.019536083372544918,0.9804639166274551
2929,0.44254431699687174,0.019536083372544918,0.9804639166274551
2930,0.44254431699687174,0.019553510743974486,0.9804464892560255
2931,0.44259645464025027,0.019553510743974486,0.9804464892560255
2932,0.44259645464025027,0.019570938115404054,0.980429061884596
2933,0.4428745220716024,0.019570938115404054,0.980429061884596
2934,0.44290928050052136,0.019570938115404054,0.980429061884596
2935,0.44365658672228014,0.019570938115404054,0.980429061884596
2936,0.44365658672228014,0.019588365486833622,0.9804116345131664
2937,0.4439867917970108,0.019588365486833622,0.9804116345131664
2938,0.4439867917970108,0.019605792858263187,0.9803942071417369
2939,0.4440736878693083,0.019605792858263187,0.9803942071417369
2940,0.4440736878693083,0.019623220229692755,0.9803767797703072
2941,0.444508168230796,0.019623220229692755,0.9803767797703072
2942,0.444508168230796,0.019640647601122323,0.9803593523988777
2943,0.44471671880431,0.019640647601122323,0.9803593523988777
2944,0.44475147723322905,0.019640647601122323,0.9803593523988777
2945,0.4449426485922836,0.019640647601122323,0.9803593523988777
2946,0.4449426485922836,0.01965807497255189,0.9803419250274481
2947,0.44499478623566213,0.01965807497255189,0.9803419250274481
2948,0.44499478623566213,0.01967550234398146,0.9803244976560186
2949,0.4450990615224192,0.01967550234398146,0.9803244976560186
2950,0.4450990615224192,0.019692929715411023,0.980307070284589
2951,0.44511644073687867,0.019692929715411023,0.980307070284589
2952,0.44511644073687867,0.01971035708684059,0.9802896429131595
2953,0.44520333680917623,0.01971035708684059,0.9802896429131595
2954,0.44520333680917623,0.01972778445827016,0.9802722155417298
2955,0.4453597497393118,0.01972778445827016,0.9802722155417298
2956,0.4453597497393118,0.019745211829699728,0.9802547881703003
2957,0.44553354188390687,0.019745211829699728,0.9802547881703003
2958,0.44556830031282585,0.019745211829699728,0.9802547881703003
2959,0.4456030587417449,0.019745211829699728,0.9802547881703003
2960,0.4456030587417449,0.019762639201129292,0.9802373607988707
2961,0.4456204379562044,0.019762639201129292,0.9802373607988707
2962,0.4456204379562044,0.01978006657255886,0.9802199334274412
2963,0.4456551963851234,0.01978006657255886,0.9802199334274412
2964,0.4456899548140424,0.01978006657255886,0.9802199334274412
2965,0.4457420924574209,0.01978006657255886,0.9802199334274412
2966,0.4457420924574209,0.01979749394398843,0.9802025060560116
2967,0.4461070559610706,0.01979749394398843,0.9802025060560116
2968,0.4461070559610706,0.019814921315417997,0.980185078684582
2969,0.4462460896767466,0.019814921315417997,0.980185078684582
2970,0.4462460896767466,0.01983234868684756,0.9801676513131524
2971,0.44631560653458463,0.01983234868684756,0.9801676513131524
2972,0.44631560653458463,0.01984977605827713,0.9801502239417229
2973,0.44666319082377476,0.01984977605827713,0.9801502239417229
2974,0.44666319082377476,0.019867203429706697,0.9801327965702933
2975,0.4468369829683698,0.019867203429706697,0.9801327965702933
2976,0.4468369829683698,0.019884630801136265,0.9801153691988638
2977,0.4470802919708029,0.019884630801136265,0.9801153691988638
2978,0.4470802919708029,0.019902058172565833,0.9800979418274341
2979,0.4473409801876955,0.019902058172565833,0.9800979418274341
2980,0.4473409801876955,0.019936912915424966,0.980063087084575
2981,0.44770594369134514,0.019936912915424966,0.980063087084575
2982,0.4477407021202642,0.019936912915424966,0.980063087084575
2983,0.44798401112269726,0.019936912915424966,0.980063087084575
2984,0.44798401112269726,0.019954340286854534,0.9800456597131455
2985,0.44829683698296835,0.019954340286854534,0.9800456597131455
2986,0.44829683698296835,0.019971767658284102,0.9800282323417159
2987,0.44848800834202296,0.019971767658284102,0.9800282323417159
2988,0.44848800834202296,0.019989195029713667,0.9800108049702864
2989,0.44881821341675354,0.019989195029713667,0.9800108049702864
2990,0.44881821341675354,0.020024049772572803,0.9799759502274272
2991,0.4488529718456726,0.020024049772572803,0.9799759502274272
2992,0.4488529718456726,0.02004147714400237,0.9799585228559976
2993,0.4489398679179701,0.02004147714400237,0.9799585228559976
2994,0.4489398679179701,0.020076331886861504,0.9799236681131385
2995,0.44907890163364617,0.020076331886861504,0.9799236681131385
2996,0.44907890163364617,0.020093759258291072,0.979906240741709
2997,0.44911366006256515,0.020093759258291072,0.979906240741709
2998,0.44911366006256515,0.02011118662972064,0.9798888133702793
2999,0.44933958985053873,0.02011118662972064,0.9798888133702793
3000,0.44933958985053873,0.020128614001150208,0.9798713859988498
3001,0.4494264859228363,0.020128614001150208,0.9798713859988498
3002,0.4494264859228363,0.020146041372579773,0.9798539586274202
3003,0.4495133819951338,0.020146041372579773,0.9798539586274202
3004,0.4495133819951338,0.02016346874400934,0.9798365312559907
3005,0.4496697949252694,0.02016346874400934,0.9798365312559907
3006,0.4496697949252694,0.02018089611543891,0.9798191038845611
3007,0.44975669099756693,0.02018089611543891,0.9798191038845611
3008,0.44975669099756693,0.020198323486868477,0.9798016765131315
3009,0.4497914494264859,0.020198323486868477,0.9798016765131315
3010,0.4497914494264859,0.02021575085829804,0.9797842491417019
3011,0.45010427528675706,0.02021575085829804,0.9797842491417019
3012,0.45010427528675706,0.02023317822972761,0.9797668217702724
3013,0.45013903371567604,0.02023317822972761,0.9797668217702724
3014,0.45013903371567604,0.020250605601157178,0.9797493943988428
3015,0.45039972193256866,0.020250605601157178,0.9797493943988428
3016,0.45039972193256866,0.020268032972586746,0.9797319670274133
3017,0.45069516857838027,0.020268032972586746,0.9797319670274133
3018,0.45069516857838027,0.020285460344016314,0.9797145396559837
3019,0.4507473062217588,0.020285460344016314,0.9797145396559837
3020,0.4507473062217588,0.020302887715445878,0.9796971122845541
3021,0.45119916579770597,0.020302887715445878,0.9796971122845541
3022,0.45119916579770597,0.020320315086875446,0.9796796849131245
3023,0.45121654501216546,0.020320315086875446,0.9796796849131245
3024,0.45121654501216546,0.020355169829734582,0.9796448301702654
3025,0.45177267987486963,0.020355169829734582,0.9796448301702654
3026,0.45177267987486963,0.020372597201164147,0.9796274027988359
3027,0.4522245394508168,0.020372597201164147,0.9796274027988359
3028,0.4522245394508168,0.020390024572593715,0.9796099754274062
3029,0.4525199860966284,0.020390024572593715,0.9796099754274062
3030,0.4525199860966284,0.020407451944023283,0.9795925480559767
3031,0.4527285366701425,0.020407451944023283,0.9795925480559767
3032,0.45276329509906155,0.020407451944023283,0.9795925480559767
3033,0.4527980535279805,0.020407451944023283,0.9795925480559767
3034,0.4527980535279805,0.02042487931545285,0.9795751206845471
3035,0.45285019117135905,0.02042487931545285,0.9795751206845471
3036,0.4528849496002781,0.02042487931545285,0.9795751206845471
3037,0.45291970802919707,0.02042487931545285,0.9795751206845471
3038,0.45291970802919707,0.020442306686882416,0.9795576933131176
3039,0.4530239833159541,0.020442306686882416,0.9795576933131176
3040,0.45305874174487315,0.020442306686882416,0.9795576933131176
3041,0.45307612095933264,0.020442306686882416,0.9795576933131176
3042,0.45307612095933264,0.020459734058311984,0.979540265941688
3043,0.45314563781717065,0.020459734058311984,0.979540265941688
3044,0.45314563781717065,0.02049458880117112,0.9795054111988288
3045,0.4534063260340633,0.02049458880117112,0.9795054111988288
3046,0.4534063260340633,0.020529443544030253,0.9794705564559697
3047,0.4534758428919013,0.020529443544030253,0.9794705564559697
3048,0.4534758428919013,0.02054687091545982,0.9794531290845402
3049,0.45358011817865834,0.02054687091545982,0.9794531290845402
3050,0.45358011817865834,0.02056429828688939,0.9794357017131106
3051,0.4538234271810914,0.02056429828688939,0.9794357017131106
3052,0.4538234271810914,0.020581725658318957,0.979418274341681
3053,0.45410149461244353,0.020581725658318957,0.979418274341681
3054,0.45410149461244353,0.02059915302974852,0.9794008469702514
3055,0.4542231491136601,0.02059915302974852,0.9794008469702514
3056,0.4542231491136601,0.02061658040117809,0.9793834195988219
3057,0.4542752867570386,0.02061658040117809,0.9793834195988219
3058,0.4542752867570386,0.020634007772607658,0.9793659922273923
3059,0.4547271463329858,0.020634007772607658,0.9793659922273923
3060,0.4547271463329858,0.020651435144037226,0.9793485648559628
3061,0.45491831769204033,0.020651435144037226,0.9793485648559628
3062,0.4549530761209593,0.020651435144037226,0.9793485648559628
3063,0.45519638512339244,0.020651435144037226,0.9793485648559628
3064,0.4552311435523114,0.020651435144037226,0.9793485648559628
3065,0.4553701772679875,0.020651435144037226,0.9793485648559628
3066,0.4553701772679875,0.02066886251546679,0.9793311374845333
3067,0.4554744525547445,0.02066886251546679,0.9793311374845333
3068,0.4554744525547445,0.02068628988689636,0.9793137101131036
3069,0.45556134862704206,0.02068628988689636,0.9793137101131036
3070,0.45556134862704206,0.020703717258325927,0.979296282741674
3071,0.4556308654848801,0.020703717258325927,0.979296282741674
3072,0.4556656239137991,0.020703717258325927,0.979296282741674
3073,0.45578727841501565,0.020703717258325927,0.979296282741674
3074,0.45578727841501565,0.020721144629755495,0.9792788553702445
3075,0.4561870003475843,0.020721144629755495,0.9792788553702445
3076,0.4561870003475843,0.020755999372614627,0.9792440006273854
3077,0.4564303093500174,0.020755999372614627,0.9792440006273854
3078,0.4564303093500174,0.020773426744044195,0.9792265732559559
3079,0.4565693430656934,0.020773426744044195,0.9792265732559559
3080,0.4565693430656934,0.020790854115473763,0.9792091458845262
3081,0.4567778936392075,0.020790854115473763,0.9792091458845262
3082,0.45681265206812655,0.020790854115473763,0.9792091458845262
3083,0.4569516857838026,0.020790854115473763,0.9792091458845262
3084,0.4569516857838026,0.02080828148690333,0.9791917185130967
3085,0.4570038234271811,0.02080828148690333,0.9791917185130967
3086,0.4570038234271811,0.020825708858332896,0.9791742911416671
3087,0.45714285714285713,0.020825708858332896,0.9791742911416671
3088,0.45714285714285713,0.020860563601192032,0.979139436398808
3089,0.4575078206465068,0.020860563601192032,0.979139436398808
3090,0.4575078206465068,0.0208779909726216,0.9791220090273784
3091,0.45769899200556136,0.0208779909726216,0.9791220090273784
3092,0.45769899200556136,0.02089541834405117,0.9791045816559488
3093,0.4577511296489399,0.02089541834405117,0.9791045816559488
3094,0.4577511296489399,0.020912845715480733,0.9790871542845193
3095,0.45815085158150853,0.020912845715480733,0.9790871542845193
3096,0.4581856100104275,0.020912845715480733,0.9790871542845193
3097,0.45830726451164405,0.020912845715480733,0.9790871542845193
3098,0.45830726451164405,0.0209302730869103,0.9790697269130897
3099,0.4586722280152937,0.0209302730869103,0.9790697269130897
3100,0.4586722280152937,0.02094770045833987,0.9790522995416602
3101,0.45879388251651027,0.02094770045833987,0.9790522995416602
3102,0.45882864094542924,0.02094770045833987,0.9790522995416602
3103,0.45924574209245744,0.02094770045833987,0.9790522995416602
3104,0.45924574209245744,0.020965127829769437,0.9790348721702306
3105,0.45931525895029546,0.020965127829769437,0.9790348721702306
3106,0.45931525895029546,0.020982555201199002,0.979017444798801
3107,0.45933263816475495,0.020982555201199002,0.979017444798801
3108,0.45933263816475495,0.02099998257262857,0.9790000174273714
3109,0.45940215502259296,0.02099998257262857,0.9790000174273714
3110,0.459436913451512,0.02099998257262857,0.9790000174273714
3111,0.4595238095238095,0.02099998257262857,0.9790000174273714
3112,0.4595238095238095,0.021017409944058138,0.9789825900559419
3113,0.45959332638164757,0.021017409944058138,0.9789825900559419
3114,0.45962808481056655,0.021017409944058138,0.9789825900559419
3115,0.4597844977407021,0.021017409944058138,0.9789825900559419
3116,0.4597844977407021,0.02105226468691727,0.9789477353130828
3117,0.4600104275286757,0.02105226468691727,0.9789477353130828
3118,0.4600104275286757,0.02106969205834684,0.9789303079416531
3119,0.46013208202989225,0.02106969205834684,0.9789303079416531
3120,0.46013208202989225,0.021087119429776407,0.9789128805702236
3121,0.46041014946124437,0.021087119429776407,0.9789128805702236
3122,0.46044490789016335,0.021087119429776407,0.9789128805702236
3123,0.46101842196732706,0.021087119429776407,0.9789128805702236
3124,0.46101842196732706,0.021104546801205975,0.978895453198794
3125,0.4611053180396246,0.021104546801205975,0.978895453198794
3126,0.4611053180396246,0.021121974172635543,0.9788780258273645
3127,0.46124435175530065,0.021121974172635543,0.9788780258273645
3128,0.46124435175530065,0.021139401544065108,0.9788605984559349
3129,0.46126173096976014,0.021139401544065108,0.9788605984559349
3130,0.46126173096976014,0.021156828915494676,0.9788431710845054
3131,0.4612964893986792,0.021156828915494676,0.9788431710845054
3132,0.4612964893986792,0.021174256286924244,0.9788257437130757
3133,0.46145290232881475,0.021174256286924244,0.9788257437130757
3134,0.46145290232881475,0.021191683658353812,0.9788083163416462
3135,0.46183524504692386,0.021191683658353812,0.9788083163416462
3136,0.46183524504692386,0.021209111029783376,0.9787908889702166
3137,0.4618700034758429,0.021209111029783376,0.9787908889702166
3138,0.4618700034758429,0.021226538401212944,0.9787734615987871
3139,0.4618873826903024,0.021226538401212944,0.9787734615987871
3140,0.4618873826903024,0.021243965772642513,0.9787560342273575
3141,0.46202641640597847,0.021243965772642513,0.9787560342273575
3142,0.46202641640597847,0.02126139314407208,0.978738606855928
3143,0.46220020855057353,0.02126139314407208,0.978738606855928
3144,0.46220020855057353,0.021278820515501645,0.9787211794844983
3145,0.46226972540841155,0.021278820515501645,0.9787211794844983
3146,0.4623044838373305,0.021278820515501645,0.9787211794844983
3147,0.4624782759819256,0.021278820515501645,0.9787211794844983
3148,0.4624782759819256,0.02131367525836078,0.9786863247416392
3149,0.46254779283976366,0.02131367525836078,0.9786863247416392
3150,0.46254779283976366,0.02133110262979035,0.9786688973702097
3151,0.4626694473409802,0.02133110262979035,0.9786688973702097
3152,0.4626694473409802,0.021348530001219918,0.97865146999878
3153,0.4627563434132777,0.021348530001219918,0.97865146999878
3154,0.4627563434132777,0.021365957372649482,0.9786340426273505
3155,0.46286061870003475,0.021365957372649482,0.9786340426273505
3156,0.4628953771289538,0.021365957372649482,0.9786340426273505
3157,0.4629822732012513,0.021365957372649482,0.9786340426273505
3158,0.4629822732012513,0.02138338474407905,0.9786166152559209
3159,0.4630517900590893,0.02138338474407905,0.9786166152559209
3160,0.4630517900590893,0.021400812115508618,0.9785991878844914
3161,0.4632082029892249,0.021400812115508618,0.9785991878844914
3162,0.4632429614181439,0.021400812115508618,0.9785991878844914
3163,0.46336461591936046,0.021400812115508618,0.9785991878844914
3164,0.46336461591936046,0.021418239486938186,0.9785817605130618
3165,0.4635731664928745,0.021418239486938186,0.9785817605130618
3166,0.4635731664928745,0.02143566685836775,0.9785643331416323
3167,0.46359054570733405,0.02143566685836775,0.9785643331416323
3168,0.46359054570733405,0.02145309422979732,0.9785469057702026
3169,0.46366006256517206,0.02145309422979732,0.9785469057702026
3170,0.46366006256517206,0.021470521601226887,0.9785294783987731
3171,0.46392075078206463,0.021470521601226887,0.9785294783987731
3172,0.46392075078206463,0.021487948972656455,0.9785120510273435
3173,0.4639381299965242,0.021487948972656455,0.9785120510273435
3174,0.4639381299965242,0.021505376344086023,0.978494623655914
3175,0.4640597844977407,0.021505376344086023,0.978494623655914
3176,0.4640597844977407,0.021522803715515588,0.9784771962844844
3177,0.4640945429266597,0.021522803715515588,0.9784771962844844
3178,0.4640945429266597,0.021540231086945156,0.9784597689130549
3179,0.4641293013555787,0.021540231086945156,0.9784597689130549
3180,0.4641293013555787,0.021557658458374724,0.9784423415416252
3181,0.46438998957247135,0.021557658458374724,0.9784423415416252
3182,0.46438998957247135,0.021575085829804292,0.9784249141701957
3183,0.46440736878693084,0.021575085829804292,0.9784249141701957
3184,0.46440736878693084,0.021592513201233857,0.9784074867987661
3185,0.4644421272158498,0.021592513201233857,0.9784074867987661
3186,0.4644421272158498,0.021609940572663425,0.9783900594273366
3187,0.46501564129301354,0.021609940572663425,0.9783900594273366
3188,0.46501564129301354,0.021627367944092993,0.978372632055907
3189,0.4651546750086896,0.021627367944092993,0.978372632055907
3190,0.4651894334376086,0.021627367944092993,0.978372632055907
3191,0.46531108793882514,0.021627367944092993,0.978372632055907
3192,0.46531108793882514,0.02164479531552256,0.9783552046844775
3193,0.46553701772679873,0.02164479531552256,0.9783552046844775
3194,0.46553701772679873,0.021662222686952125,0.9783377773130478
3195,0.4656934306569343,0.021662222686952125,0.9783377773130478
3196,0.4656934306569343,0.021679650058381694,0.9783203499416183
3197,0.4657108098713938,0.021679650058381694,0.9783203499416183
3198,0.4657108098713938,0.02169707742981126,0.9783029225701887
3199,0.46581508515815084,0.02169707742981126,0.9783029225701887
3200,0.46581508515815084,0.02171450480124083,0.9782854951987592
3201,0.46586722280152937,0.02171450480124083,0.9782854951987592
3202,0.46586722280152937,0.021731932172670398,0.9782680678273296
3203,0.46588460201598886,0.021731932172670398,0.9782680678273296
3204,0.46588460201598886,0.021749359544099962,0.9782506404559
3205,0.466232186305179,0.021749359544099962,0.9782506404559
3206,0.466232186305179,0.02176678691552953,0.9782332130844704
3207,0.4665102537365311,0.02176678691552953,0.9782332130844704
3208,0.4665102537365311,0.0217842142869591,0.9782157857130409
3209,0.4665797705943691,0.0217842142869591,0.9782157857130409
3210,0.4665797705943691,0.021801641658388667,0.9781983583416113
3211,0.46661452902328815,0.021801641658388667,0.9781983583416113
3212,0.46661452902328815,0.02181906902981823,0.9781809309701818
3213,0.4667361835245047,0.02181906902981823,0.9781809309701818
3214,0.4667361835245047,0.0218364964012478,0.9781635035987521
3215,0.46692735488355924,0.0218364964012478,0.9781635035987521
3216,0.46692735488355924,0.021853923772677367,0.9781460762273226
3217,0.4669968717413973,0.021853923772677367,0.9781460762273226
3218,0.4669968717413973,0.021871351144106935,0.978128648855893
3219,0.46763990267639904,0.021871351144106935,0.978128648855893
3220,0.46763990267639904,0.0218887785155365,0.9781112214844635
3221,0.46765728189085853,0.0218887785155365,0.9781112214844635
3222,0.46765728189085853,0.021906205886966068,0.9780937941130339
3223,0.4678832116788321,0.021906205886966068,0.9780937941130339
3224,0.4678832116788321,0.021923633258395636,0.9780763667416044
3225,0.4679005908932916,0.021923633258395636,0.9780763667416044
3226,0.4679005908932916,0.021941060629825204,0.9780589393701749
3227,0.4680396246089677,0.021941060629825204,0.9780589393701749
3228,0.4680396246089677,0.021958488001254772,0.9780415119987452
3229,0.4681438998957247,0.021958488001254772,0.9780415119987452
3230,0.4681438998957247,0.021975915372684337,0.9780240846273157
3231,0.4685783802572124,0.021975915372684337,0.9780240846273157
3232,0.4685783802572124,0.021993342744113905,0.9780066572558861
3233,0.4687000347584289,0.021993342744113905,0.9780066572558861
3234,0.4687000347584289,0.022010770115543473,0.9779892298844566
3235,0.46880431004518597,0.022010770115543473,0.9779892298844566
3236,0.46880431004518597,0.02202819748697304,0.977971802513027
3237,0.4690823774765381,0.02202819748697304,0.977971802513027
3238,0.4690823774765381,0.022045624858402606,0.9779543751415974
3239,0.46934306569343065,0.022045624858402606,0.9779543751415974
3240,0.46934306569343065,0.022063052229832174,0.9779369477701678
3241,0.4694473409801877,0.022063052229832174,0.9779369477701678
3242,0.4694473409801877,0.022080479601261742,0.9779195203987383
3243,0.46962113312478276,0.022080479601261742,0.9779195203987383
3244,0.4696558915537018,0.022080479601261742,0.9779195203987383
3245,0.4696558915537018,0.02209790697269131,0.9779020930273087
3246,0.4699687174139729,0.02209790697269131,0.9779020930273087
3247,0.4699687174139729,0.022115334344120875,0.9778846656558792
3248,0.47009037191518943,0.022115334344120875,0.9778846656558792
3249,0.47009037191518943,0.02215018908698001,0.97784981091302
3250,0.47012513034410847,0.02215018908698001,0.97784981091302
3251,0.47012513034410847,0.02216761645840958,0.9778323835415904
3252,0.4701946472019465,0.02216761645840958,0.9778323835415904
3253,0.4701946472019465,0.022185043829839147,0.9778149561701609
3254,0.4702641640597845,0.022185043829839147,0.9778149561701609
3255,0.4702641640597845,0.02220247120126871,0.9777975287987313
3256,0.47035106013208205,0.02220247120126871,0.9777975287987313
3257,0.47035106013208205,0.02221989857269828,0.9777801014273018
3258,0.47042057698992007,0.02221989857269828,0.9777801014273018
3259,0.47042057698992007,0.022237325944127848,0.9777626740558721
3260,0.4705422314911366,0.022237325944127848,0.9777626740558721
3261,0.4705422314911366,0.022254753315557416,0.9777452466844426
3262,0.4706117483489746,0.022254753315557416,0.9777452466844426
3263,0.4706117483489746,0.02227218068698698,0.977727819313013
3264,0.4706291275634341,0.02227218068698698,0.977727819313013
3265,0.4706291275634341,0.02228960805841655,0.9777103919415835
3266,0.4707160236357317,0.02228960805841655,0.9777103919415835
3267,0.4707160236357317,0.022307035429846116,0.9776929645701539
3268,0.4709940910670838,0.022307035429846116,0.9776929645701539
3269,0.4709940910670838,0.022324462801275684,0.9776755371987244
3270,0.4710983663538408,0.022324462801275684,0.9776755371987244
3271,0.4710983663538408,0.022341890172705253,0.9776581098272947
3272,0.47141119221411193,0.022341890172705253,0.9776581098272947
3273,0.47141119221411193,0.022359317544134817,0.9776406824558652
3274,0.47146332985749045,0.022359317544134817,0.9776406824558652
3275,0.47149808828640943,0.022359317544134817,0.9776406824558652
3276,0.471724018074383,0.022359317544134817,0.9776406824558652
3277,0.471724018074383,0.022376744915564385,0.9776232550844356
3278,0.47182829336114007,0.022376744915564385,0.9776232550844356
3279,0.47182829336114007,0.022394172286993953,0.9776058277130061
3280,0.47184567257559956,0.022394172286993953,0.9776058277130061
3281,0.47184567257559956,0.02241159965842352,0.9775884003415765
3282,0.4718630517900591,0.02241159965842352,0.9775884003415765
3283,0.4718630517900591,0.022429027029853086,0.977570972970147
3284,0.4721758776503302,0.022429027029853086,0.977570972970147
3285,0.4721758776503302,0.022446454401282654,0.9775535455987173
3286,0.47281890858533193,0.022446454401282654,0.9775535455987173
3287,0.47281890858533193,0.022463881772712222,0.9775361182272878
3288,0.47294056308654847,0.022463881772712222,0.9775361182272878
3289,0.47294056308654847,0.02248130914414179,0.9775186908558582
3290,0.47346193952033366,0.02248130914414179,0.9775186908558582
3291,0.47346193952033366,0.022498736515571355,0.9775012634844287
3292,0.4734966979492527,0.022498736515571355,0.9775012634844287
3293,0.47353145637817173,0.022498736515571355,0.9775012634844287
3294,0.4735662148070907,0.022498736515571355,0.9775012634844287
3295,0.4735662148070907,0.022516163887000923,0.977483836112999
3296,0.4736531108793883,0.022516163887000923,0.977483836112999
3297,0.4736531108793883,0.02255101862986006,0.9774489813701399
3298,0.4739485575251999,0.02255101862986006,0.9774489813701399
3299,0.4739485575251999,0.022568446001289627,0.9774315539987104
3300,0.47396593673965937,0.022568446001289627,0.9774315539987104
3301,0.47396593673965937,0.02260330074414876,0.9773966992558513
3302,0.4741049704553354,0.02260330074414876,0.9773966992558513
3303,0.4741049704553354,0.022620728115578328,0.9773792718844216
3304,0.4745568300312826,0.022620728115578328,0.9773792718844216
3305,0.4745568300312826,0.022638155487007896,0.9773618445129921
3306,0.4749044143204727,0.022638155487007896,0.9773618445129921
3307,0.4749044143204727,0.02265558285843746,0.9773444171415625
3308,0.4751477233229058,0.02265558285843746,0.9773444171415625
3309,0.4751824817518248,0.02265558285843746,0.9773444171415625
3310,0.4753910323253389,0.02265558285843746,0.9773444171415625
3311,0.4753910323253389,0.02267301022986703,0.977326989770133
3312,0.4754953076120959,0.02267301022986703,0.977326989770133
3313,0.4754953076120959,0.022690437601296597,0.9773095623987034
3314,0.475773375043448,0.022690437601296597,0.9773095623987034
3315,0.475773375043448,0.022707864972726165,0.9772921350272739
3316,0.4770246784845325,0.022707864972726165,0.9772921350272739
3317,0.4770594369134515,0.022707864972726165,0.9772921350272739
3318,0.4772506082725061,0.022707864972726165,0.9772921350272739
3319,0.4772506082725061,0.02272529234415573,0.9772747076558442
3320,0.4772679874869656,0.02272529234415573,0.9772747076558442
3321,0.4772679874869656,0.022742719715585297,0.9772572802844147
3322,0.47744177963156065,0.022742719715585297,0.9772572802844147
3323,0.47744177963156065,0.022760147087014865,0.9772398529129851
3324,0.4774765380604797,0.022760147087014865,0.9772398529129851
3325,0.4774765380604797,0.022777574458444434,0.9772224255415556
3326,0.4777893639207508,0.022777574458444434,0.9772224255415556
3327,0.4777893639207508,0.022795001829874,0.977204998170126
3328,0.4778588807785888,0.022795001829874,0.977204998170126
3329,0.4778588807785888,0.022812429201303566,0.9771875707986964
3330,0.4779979144942649,0.022812429201303566,0.9771875707986964
3331,0.4779979144942649,0.022829856572733134,0.9771701434272668
3332,0.47825860271115744,0.022829856572733134,0.9771701434272668
3333,0.47825860271115744,0.022847283944162702,0.9771527160558373
3334,0.478380257212374,0.022847283944162702,0.9771527160558373
3335,0.478380257212374,0.02286471131559227,0.9771352886844077
3336,0.4785714285714286,0.02286471131559227,0.9771352886844077
3337,0.4785714285714286,0.022882138687021835,0.9771178613129782
3338,0.4786583246437261,0.022882138687021835,0.9771178613129782
3339,0.4786583246437261,0.022899566058451403,0.9771004339415486
3340,0.4789190128606187,0.022899566058451403,0.9771004339415486
3341,0.4789190128606187,0.02291699342988097,0.977083006570119
3342,0.4790059089329162,0.02291699342988097,0.977083006570119
3343,0.4790059089329162,0.02293442080131054,0.9770655791986894
3344,0.4792492179353493,0.02293442080131054,0.9770655791986894
3345,0.4792492179353493,0.02298670291559924,0.9770132970844008
3346,0.47959680222453943,0.02298670291559924,0.9770132970844008
3347,0.47959680222453943,0.023004130287028808,0.9769958697129711
3348,0.479683698296837,0.023004130287028808,0.9769958697129711
3349,0.479683698296837,0.023021557658458376,0.9769784423415416
3350,0.4801181786583246,0.023021557658458376,0.9769784423415416
3351,0.4801181786583246,0.02303898502988794,0.976961014970112
3352,0.48013555787278417,0.02303898502988794,0.976961014970112
3353,0.48013555787278417,0.023073839772747077,0.9769261602272529
3354,0.4801876955161627,0.023073839772747077,0.9769261602272529
3355,0.4801876955161627,0.02310869451560621,0.9768913054843937
3356,0.4803441084462982,0.02310869451560621,0.9768913054843937
3357,0.4803441084462982,0.023126121887035778,0.9768738781129642
3358,0.48069169273548834,0.023126121887035778,0.9768738781129642
3359,0.48069169273548834,0.023143549258465346,0.9768564507415347
3360,0.4807090719499479,0.023143549258465346,0.9768564507415347
3361,0.4807090719499479,0.023178404001324482,0.9768215959986755
3362,0.4807959680222454,0.023178404001324482,0.9768215959986755
3363,0.4807959680222454,0.023195831372754046,0.976804168627246
3364,0.4808307264511644,0.023195831372754046,0.976804168627246
3365,0.4808307264511644,0.023213258744183615,0.9767867412558164
3366,0.481021897810219,0.023213258744183615,0.9767867412558164
3367,0.481021897810219,0.02324811348704275,0.9767518865129573
3368,0.4812304483837331,0.02324811348704275,0.9767518865129573
3369,0.4812304483837331,0.023265540858472315,0.9767344591415277
3370,0.4812999652415711,0.023265540858472315,0.9767344591415277
3371,0.4812999652415711,0.02330039560133145,0.9766996043986685
3372,0.48154327424400417,0.02330039560133145,0.9766996043986685
3373,0.48154327424400417,0.02331782297276102,0.976682177027239
3374,0.4815954118873827,0.02331782297276102,0.976682177027239
3375,0.4815954118873827,0.023335250344190584,0.9766647496558094
3376,0.48169968717413975,0.023335250344190584,0.9766647496558094
3377,0.48169968717413975,0.023352677715620152,0.9766473222843799
3378,0.4817344456030587,0.023352677715620152,0.9766473222843799
3379,0.4817344456030587,0.02338753245847929,0.9766124675415208
3380,0.48192561696211333,0.02338753245847929,0.9766124675415208
3381,0.48192561696211333,0.023404959829908856,0.9765950401700911
3382,0.48239485575252,0.023404959829908856,0.9765950401700911
3383,0.48239485575252,0.02343981457276799,0.976560185427232
3384,0.482429614181439,0.02343981457276799,0.976560185427232
3385,0.482429614181439,0.023457241944197557,0.9765427580558025
3386,0.4826381647549531,0.023457241944197557,0.9765427580558025
3387,0.4826381647549531,0.023474669315627125,0.9765253306843729
3388,0.4829509906152242,0.023474669315627125,0.9765253306843729
3389,0.4829509906152242,0.02349209668705669,0.9765079033129433
3390,0.4834376086200904,0.02349209668705669,0.9765079033129433
3391,0.4834376086200904,0.023509524058486258,0.9764904759415137
3392,0.48354188390684744,0.023509524058486258,0.9764904759415137
3393,0.48354188390684744,0.023526951429915826,0.9764730485700842
3394,0.48390684741049705,0.023526951429915826,0.9764730485700842
3395,0.48390684741049705,0.023544378801345394,0.9764556211986546
3396,0.48399374348279456,0.023544378801345394,0.9764556211986546
3397,0.48399374348279456,0.02356180617277496,0.9764381938272251
3398,0.4840806395550921,0.02356180617277496,0.9764381938272251
3399,0.4840806395550921,0.023579233544204527,0.9764207664557955
3400,0.4842544316996872,0.023579233544204527,0.9764207664557955
3401,0.4842544316996872,0.023614088287063663,0.9763859117129363
3402,0.4843065693430657,0.023614088287063663,0.9763859117129363
3403,0.4843413277719847,0.023614088287063663,0.9763859117129363
3404,0.4843413277719847,0.02363151565849323,0.9763684843415068
3405,0.4843760862009037,0.02363151565849323,0.9763684843415068
3406,0.4843760862009037,0.023648943029922796,0.9763510569700772
3407,0.48470629127563436,0.023648943029922796,0.9763510569700772
3408,0.48470629127563436,0.023666370401352364,0.9763336295986477
3409,0.4848974626346889,0.023666370401352364,0.9763336295986477
3410,0.4848974626346889,0.02368379777278193,0.976316202227218
3411,0.4849148418491484,0.02368379777278193,0.976316202227218
3412,0.4849148418491484,0.0237012251442115,0.9762987748557885
3413,0.4849843587069864,0.0237012251442115,0.9762987748557885
3414,0.4849843587069864,0.023718652515641064,0.9762813474843589
3415,0.48526242613833853,0.023718652515641064,0.9762813474843589
3416,0.48526242613833853,0.0237535072585002,0.9762464927414998
3417,0.48538408063955507,0.0237535072585002,0.9762464927414998
3418,0.48538408063955507,0.02377093462992977,0.9762290653700703
3419,0.4855752519986097,0.02377093462992977,0.9762290653700703
3420,0.4855752519986097,0.023788362001359337,0.9762116379986406
3421,0.48561001042752866,0.023788362001359337,0.9762116379986406
3422,0.48561001042752866,0.0238057893727889,0.9761942106272111
3423,0.4856447688564477,0.0238057893727889,0.9761942106272111
3424,0.4856447688564477,0.02382321674421847,0.9761767832557815
3425,0.4857316649287452,0.02382321674421847,0.9761767832557815
3426,0.4857316649287452,0.023840644115648037,0.976159355884352
3427,0.48576642335766423,0.023840644115648037,0.976159355884352
3428,0.48606187000347584,0.023840644115648037,0.976159355884352
3429,0.48606187000347584,0.023858071487077605,0.9761419285129224
3430,0.4860792492179353,0.023858071487077605,0.9761419285129224
3431,0.4860792492179353,0.02387549885850717,0.9761245011414929
3432,0.4860966284323949,0.02387549885850717,0.9761245011414929
3433,0.4860966284323949,0.023892926229936738,0.9761070737700632
3434,0.48620090371915187,0.023892926229936738,0.9761070737700632
3435,0.48620090371915187,0.023910353601366306,0.9760896463986337
3436,0.4862182829336114,0.023910353601366306,0.9760896463986337
3437,0.4862182829336114,0.023927780972795874,0.9760722190272041
3438,0.4862530413625304,0.023927780972795874,0.9760722190272041
3439,0.4862530413625304,0.02394520834422544,0.9760547916557746
3440,0.4862877997914494,0.02394520834422544,0.9760547916557746
3441,0.4862877997914494,0.023962635715655007,0.976037364284345
3442,0.4866701425095586,0.023962635715655007,0.976037364284345
3443,0.4866701425095586,0.023980063087084575,0.9760199369129154
3444,0.48684393465415365,0.023980063087084575,0.9760199369129154
3445,0.48684393465415365,0.02401491782994371,0.9759850821700563
3446,0.48686131386861314,0.02401491782994371,0.9759850821700563
3447,0.48686131386861314,0.024032345201373276,0.9759676547986267
3448,0.48706986444212724,0.024032345201373276,0.9759676547986267
3449,0.48706986444212724,0.024049772572802844,0.9759502274271972
3450,0.48720889815780327,0.024049772572802844,0.9759502274271972
3451,0.48720889815780327,0.024067199944232412,0.9759328000557675
3452,0.48743482794577686,0.024067199944232412,0.9759328000557675
3453,0.48743482794577686,0.02408462731566198,0.975915372684338
3454,0.48752172401807436,0.02408462731566198,0.975915372684338
3455,0.4875564824469934,0.02408462731566198,0.975915372684338
3456,0.4875564824469934,0.024102054687091545,0.9758979453129084
3457,0.48774765380604795,0.024102054687091545,0.9758979453129084
3458,0.48774765380604795,0.024119482058521113,0.9758805179414789
3459,0.48797358359402154,0.024119482058521113,0.9758805179414789
3460,0.48797358359402154,0.02413690942995068,0.9758630905700493
3461,0.4884428223844282,0.02413690942995068,0.9758630905700493
3462,0.4884428223844282,0.02415433680138025,0.9758456631986198
3463,0.4885123392422662,0.02415433680138025,0.9758456631986198
3464,0.4885123392422662,0.024171764172809813,0.9758282358271901
3465,0.4886861313868613,0.024171764172809813,0.9758282358271901
3466,0.4886861313868613,0.02418919154423938,0.9758108084557606
3467,0.4888251651025374,0.02418919154423938,0.9758108084557606
3468,0.48885992353145635,0.02418919154423938,0.9758108084557606
3469,0.4888946819603754,0.02418919154423938,0.9758108084557606
3470,0.4889294403892944,0.02418919154423938,0.9758108084557606
3471,0.4889468196037539,0.02418919154423938,0.9758108084557606
3472,0.4889641988182134,0.02420661891566895,0.975793381084331
3473,0.4892422662495655,0.02420661891566895,0.975793381084331
3474,0.4892422662495655,0.024241473658528086,0.9757585263414719
3475,0.48927702467848455,0.024241473658528086,0.9757585263414719
3476,0.48931178310740353,0.024241473658528086,0.9757585263414719
3477,0.48931178310740353,0.02425890102995765,0.9757410989700424
3478,0.4894681960375391,0.02425890102995765,0.9757410989700424
3479,0.4894681960375391,0.02427632840138722,0.9757236715986127
3480,0.48986791797010776,0.02427632840138722,0.9757236715986127
3481,0.48988529718456725,0.024293755772816786,0.9757062442271832
3482,0.4899200556134863,0.024293755772816786,0.9757062442271832
3483,0.4899200556134863,0.024311183144246355,0.9756888168557536
3484,0.4900590893291623,0.024311183144246355,0.9756888168557536
3485,0.4900590893291623,0.02432861051567592,0.9756713894843241
3486,0.49014598540145987,0.02432861051567592,0.9756713894843241
3487,0.49014598540145987,0.024346037887105487,0.9756539621128946
3488,0.49045881126173096,0.024346037887105487,0.9756539621128946
3489,0.49045881126173096,0.024363465258535055,0.975636534741465
3490,0.49068474104970455,0.024363465258535055,0.975636534741465
3491,0.49068474104970455,0.024380892629964623,0.9756191073700353
3492,0.4907194994786236,0.024380892629964623,0.9756191073700353
3493,0.4907194994786236,0.02439832000139419,0.9756016799986058
3494,0.49091067083767814,0.02439832000139419,0.9756016799986058
3495,0.49091067083767814,0.024415747372823756,0.9755842526271763
3496,0.49099756690997565,0.024415747372823756,0.9755842526271763
3497,0.49099756690997565,0.024433174744253324,0.9755668252557467
3498,0.4910149461244352,0.024433174744253324,0.9755668252557467
3499,0.4910149461244352,0.024450602115682892,0.9755493978843172
3500,0.4910323253388947,0.024450602115682892,0.9755493978843172
3501,0.4910323253388947,0.02446802948711246,0.9755319705128875
3502,0.4911539798401112,0.02446802948711246,0.9755319705128875
3503,0.4911539798401112,0.024485456858542025,0.975514543141458
3504,0.4913103927702468,0.024485456858542025,0.975514543141458
3505,0.4913103927702468,0.024502884229971593,0.9754971157700284
3506,0.4913625304136253,0.024502884229971593,0.9754971157700284
3507,0.4913625304136253,0.02452031160140116,0.9754796883985989
3508,0.4913799096280848,0.02452031160140116,0.9754796883985989
3509,0.4913799096280848,0.02453773897283073,0.9754622610271693
3510,0.4916058394160584,0.02453773897283073,0.9754622610271693
3511,0.4916058394160584,0.024572593715689862,0.9754274062843101
3512,0.4916232186305179,0.024572593715689862,0.9754274062843101
3513,0.4916232186305179,0.02459002108711943,0.9754099789128806
3514,0.4916579770594369,0.02459002108711943,0.9754099789128806
3515,0.4916927354883559,0.02459002108711943,0.9754099789128806
3516,0.491970802919708,0.02459002108711943,0.9754099789128806
3517,0.491970802919708,0.0246597305728377,0.9753402694271623
3518,0.4921967327076816,0.0246597305728377,0.9753402694271623
3519,0.4921967327076816,0.024677157944267267,0.9753228420557327
3520,0.49231838720889814,0.024677157944267267,0.9753228420557327
3521,0.49231838720889814,0.024694585315696835,0.9753054146843032
3522,0.4924400417101147,0.024694585315696835,0.9753054146843032
3523,0.4924400417101147,0.0247120126871264,0.9752879873128736
3524,0.4924748001390337,0.0247120126871264,0.9752879873128736
3525,0.4924748001390337,0.024729440058555967,0.9752705599414441
3526,0.4924921793534932,0.024729440058555967,0.9752705599414441
3527,0.4924921793534932,0.024746867429985536,0.9752531325700144
3528,0.4927876259993048,0.024746867429985536,0.9752531325700144
3529,0.4927876259993048,0.024764294801415104,0.9752357051985849
3530,0.49336114007646853,0.024764294801415104,0.9752357051985849
3531,0.49336114007646853,0.024781722172844668,0.9752182778271553
3532,0.49341327771984705,0.024781722172844668,0.9752182778271553
3533,0.4934480361487661,0.024781722172844668,0.9752182778271553
3534,0.4934480361487661,0.024816576915703804,0.9751834230842962
3535,0.4935349322210636,0.024816576915703804,0.9751834230842962
3536,0.4935349322210636,0.02485143165856294,0.975148568341437
3537,0.49365658672228013,0.02485143165856294,0.975148568341437
3538,0.49365658672228013,0.024868859029992505,0.9751311409700075
3539,0.49398679179701077,0.024868859029992505,0.9751311409700075
3540,0.49398679179701077,0.024886286401422073,0.9751137135985779
3541,0.4940563086548488,0.024886286401422073,0.9751137135985779
3542,0.4940563086548488,0.02490371377285164,0.9750962862271484
3543,0.4940910670837678,0.02490371377285164,0.9750962862271484
3544,0.4940910670837678,0.02492114114428121,0.9750788588557188
3545,0.4943169968717414,0.02492114114428121,0.9750788588557188
3546,0.4943169968717414,0.024938568515710774,0.9750614314842893
3547,0.494681960375391,0.024938568515710774,0.9750614314842893
3548,0.494681960375391,0.024955995887140342,0.9750440041128596
3549,0.4949078901633646,0.024955995887140342,0.9750440041128596
3550,0.4949078901633646,0.02497342325856991,0.9750265767414301
3551,0.49525547445255474,0.02497342325856991,0.9750265767414301
3552,0.49525547445255474,0.024990850629999478,0.9750091493700005
3553,0.4954466458116093,0.024990850629999478,0.9750091493700005
3554,0.4954466458116093,0.025008278001429043,0.974991721998571
3555,0.49556830031282584,0.025008278001429043,0.974991721998571
3556,0.49556830031282584,0.02504313274428818,0.9749568672557118
3557,0.4956725755995829,0.02504313274428818,0.9749568672557118
3558,0.4957073340285019,0.02504313274428818,0.9749568672557118
3559,0.4958985053875565,0.02504313274428818,0.9749568672557118
3560,0.4958985053875565,0.025060560115717747,0.9749394398842822
3561,0.4959680222453945,0.025060560115717747,0.9749394398842822
3562,0.4959680222453945,0.025077987487147315,0.9749220125128527
3563,0.49608967674661103,0.025077987487147315,0.9749220125128527
3564,0.49608967674661103,0.02509541485857688,0.9749045851414231
3565,0.4961070559610706,0.02509541485857688,0.9749045851414231
3566,0.4961070559610706,0.025130269601436016,0.974869730398564
3567,0.4961070559610706,0.025147696972865584,0.9748523030271344
3568,0.49641988182134167,0.025147696972865584,0.9748523030271344
3569,0.49641988182134167,0.02516512434429515,0.9748348756557048
3570,0.4964720194647202,0.02516512434429515,0.9748348756557048
3571,0.4964720194647202,0.025182551715724717,0.9748174482842753
3572,0.4967674661105318,0.025182551715724717,0.9748174482842753
3573,0.4967674661105318,0.025199979087154285,0.9748000209128457
3574,0.49694125825512686,0.025199979087154285,0.9748000209128457
3575,0.49694125825512686,0.025217406458583853,0.9747825935414162
3576,0.4969933958985054,0.025217406458583853,0.9747825935414162
3577,0.4969933958985054,0.02523483383001342,0.9747651661699865
3578,0.4970629127563434,0.02523483383001342,0.9747651661699865
3579,0.4970629127563434,0.025252261201442985,0.974747738798557
3580,0.4971150503997219,0.025252261201442985,0.974747738798557
3581,0.4971150503997219,0.025269688572872553,0.9747303114271274
3582,0.49714980882864096,0.025269688572872553,0.9747303114271274
3583,0.49718456725755994,0.025269688572872553,0.9747303114271274
3584,0.497323600973236,0.025269688572872553,0.9747303114271274
3585,0.497323600973236,0.02528711594430212,0.9747128840556979
3586,0.497358359402155,0.02528711594430212,0.9747128840556979
3587,0.497358359402155,0.02530454331573169,0.9746954566842683
3588,0.49739311783107404,0.02530454331573169,0.9746954566842683
3589,0.49739311783107404,0.025321970687161254,0.9746780293128388
3590,0.49748001390337154,0.025321970687161254,0.9746780293128388
3591,0.49748001390337154,0.025339398058590822,0.9746606019414091
3592,0.49775808133472366,0.025339398058590822,0.9746606019414091
3593,0.49775808133472366,0.02535682543002039,0.9746431745699796
3594,0.49782759819256167,0.02535682543002039,0.9746431745699796
3595,0.49782759819256167,0.025391680172879523,0.9746083198271205
3596,0.49796663190823776,0.025391680172879523,0.9746083198271205
3597,0.49796663190823776,0.02540910754430909,0.9745908924556909
3598,0.4980187695516163,0.02540910754430909,0.9745908924556909
3599,0.4980187695516163,0.02542653491573866,0.9745734650842613
3600,0.49803614876607577,0.02542653491573866,0.9745734650842613
3601,0.4980709071949948,0.02542653491573866,0.9745734650842613
3602,0.4983315954118874,0.02542653491573866,0.9745734650842613
3603,0.4983315954118874,0.025443962287168227,0.9745560377128317
3604,0.4985401459854015,0.025443962287168227,0.9745560377128317
3605,0.4985401459854015,0.025461389658597795,0.9745386103414022
3606,0.49857490441432045,0.025461389658597795,0.9745386103414022
3607,0.49857490441432045,0.02547881703002736,0.9745211829699726
3608,0.4986444212721585,0.02547881703002736,0.9745211829699726
3609,0.4986444212721585,0.025496244401456928,0.9745037555985431
3610,0.4989051094890511,0.025496244401456928,0.9745037555985431
3611,0.4989051094890511,0.025531099144316064,0.9744689008556839
3612,0.4991310392770247,0.025531099144316064,0.9744689008556839
3613,0.4991310392770247,0.025565953887175197,0.9744340461128248
3614,0.4997566909975669,0.025565953887175197,0.9744340461128248
3615,0.4997566909975669,0.025583381258604765,0.9744166187413952
3616,0.4999826207855405,0.025583381258604765,0.9744166187413952
3617,0.4999826207855405,0.025600808630034333,0.9743991913699657
3618,0.5000868960722975,0.025600808630034333,0.9743991913699657
3619,0.5001216545012166,0.025600808630034333,0.9743991913699657
3620,0.5005213764337852,0.025600808630034333,0.9743991913699657
3621,0.5005213764337852,0.025618236001463898,0.9743817639985362
3622,0.5005387556482447,0.025618236001463898,0.9743817639985362
3623,0.5005387556482447,0.025635663372893466,0.9743643366271065
3624,0.5005735140771637,0.025635663372893466,0.9743643366271065
3625,0.5005735140771637,0.025653090744323034,0.974346909255677
3626,0.5006430309350017,0.025653090744323034,0.974346909255677
3627,0.5006604101494613,0.025670518115752602,0.9743294818842474
3628,0.5007299270072992,0.025670518115752602,0.9743294818842474
3629,0.5007299270072992,0.02568794548718217,0.9743120545128179
3630,0.5007473062217588,0.02568794548718217,0.9743120545128179
3631,0.5007473062217588,0.025705372858611734,0.9742946271413883
3632,0.5007820646506778,0.025705372858611734,0.9742946271413883
3633,0.5007820646506778,0.025722800230041303,0.9742771997699587
3634,0.5008689607229754,0.025722800230041303,0.9742771997699587
3635,0.5008689607229754,0.02574022760147087,0.9742597723985291
3636,0.5009210983663538,0.02574022760147087,0.9742597723985291
3637,0.5009558567952729,0.02574022760147087,0.9742597723985291
3638,0.5010427528675704,0.02574022760147087,0.9742597723985291
3639,0.5010427528675704,0.02575765497290044,0.9742423450270996
3640,0.5014946124435176,0.02575765497290044,0.9742423450270996
3641,0.5014946124435176,0.025775082344330003,0.97422491765567
3642,0.501616266944734,0.025775082344330003,0.97422491765567
3643,0.501616266944734,0.02579250971575957,0.9742074902842405
3644,0.5017379214459506,0.02579250971575957,0.9742074902842405
3645,0.5017379214459506,0.02580993708718914,0.9741900629128109
3646,0.5018943343760862,0.02580993708718914,0.9741900629128109
3647,0.5019290928050052,0.02580993708718914,0.9741900629128109
3648,0.5022766770941953,0.02580993708718914,0.9741900629128109
3649,0.5022766770941953,0.025827364458618707,0.9741726355413813
3650,0.5023288147375738,0.025827364458618707,0.9741726355413813
3651,0.5023288147375738,0.025844791830048276,0.9741552081699517
3652,0.5024157108098714,0.025844791830048276,0.9741552081699517
3653,0.5024157108098714,0.02586221920147784,0.9741377807985222
3654,0.5025895029544665,0.02586221920147784,0.9741377807985222
3655,0.5025895029544665,0.025879646572907408,0.9741203534270926
3656,0.502780674313521,0.025879646572907408,0.9741203534270926
3657,0.502780674313521,0.025897073944336976,0.9741029260556631
3658,0.50281543274244,0.025897073944336976,0.9741029260556631
3659,0.50281543274244,0.025914501315766544,0.9740854986842334
3660,0.502919708029197,0.025914501315766544,0.9740854986842334
3661,0.502919708029197,0.02593192868719611,0.9740680713128039
3662,0.5029544664581161,0.02593192868719611,0.9740680713128039
3663,0.5029544664581161,0.025949356058625677,0.9740506439413743
3664,0.5029718456725756,0.025949356058625677,0.9740506439413743
3665,0.5029718456725756,0.025966783430055245,0.9740332165699448
3666,0.5033715676051442,0.025966783430055245,0.9740332165699448
3667,0.5033715676051442,0.025984210801484813,0.9740157891985152
3668,0.5036148766075773,0.025984210801484813,0.9740157891985152
3669,0.5036148766075773,0.026019065544343946,0.973980934455656
3670,0.5038581856100104,0.026019065544343946,0.973980934455656
3671,0.5038581856100104,0.026036492915773514,0.9739635070842265
3672,0.504257907542579,0.026036492915773514,0.9739635070842265
3673,0.504257907542579,0.026053920287203082,0.9739460797127969
3674,0.5043100451859576,0.026053920287203082,0.9739460797127969
3675,0.5043100451859576,0.02607134765863265,0.9739286523413674
3676,0.5044490789016336,0.02607134765863265,0.9739286523413674
3677,0.5044490789016336,0.026088775030062215,0.9739112249699378
3678,0.5044838373305527,0.026088775030062215,0.9739112249699378
3679,0.5044838373305527,0.026106202401491783,0.9738937975985082
3680,0.5045012165450121,0.026106202401491783,0.9738937975985082
3681,0.5045012165450121,0.02612362977292135,0.9738763702270786
3682,0.5046402502606883,0.02612362977292135,0.9738763702270786
3683,0.5046402502606883,0.02614105714435092,0.9738589428556491
3684,0.5048835592631213,0.02614105714435092,0.9738589428556491
3685,0.5048835592631213,0.026158484515780484,0.9738415154842195
3686,0.5049183176920403,0.026158484515780484,0.9738415154842195
3687,0.5049183176920403,0.02619333925863962,0.9738066607413604
3688,0.5053006604101494,0.02619333925863962,0.9738066607413604
3689,0.5053006604101494,0.026210766630069188,0.9737892333699308
3690,0.5057872784150157,0.026210766630069188,0.9737892333699308
3691,0.5057872784150157,0.026228194001498752,0.9737718059985012
3692,0.5058567952728537,0.026228194001498752,0.9737718059985012
3693,0.5058567952728537,0.02624562137292832,0.9737543786270717
3694,0.5061001042752867,0.02624562137292832,0.9737543786270717
3695,0.5061001042752867,0.02626304874435789,0.9737369512556421
3696,0.5061522419186653,0.02626304874435789,0.9737369512556421
3697,0.5061522419186653,0.026280476115787457,0.9737195238842126
3698,0.5061870003475842,0.026280476115787457,0.9737195238842126
3699,0.5061870003475842,0.026297903487217025,0.9737020965127829
3700,0.5063086548488008,0.026297903487217025,0.9737020965127829
3701,0.5063086548488008,0.02631533085864659,0.9736846691413534
3702,0.5064129301355579,0.02631533085864659,0.9736846691413534
3703,0.5064476885644769,0.02631533085864659,0.9736846691413534
3704,0.5064998262078554,0.02631533085864659,0.9736846691413534
3705,0.5064998262078554,0.026332758230076157,0.9736672417699238
3706,0.5069864442127215,0.026332758230076157,0.9736672417699238
3707,0.5069864442127215,0.026367612972935293,0.9736323870270647
3708,0.5070559610705596,0.026367612972935293,0.9736323870270647
3709,0.5070559610705596,0.026385040344364858,0.9736149596556352
3710,0.5070907194994786,0.026385040344364858,0.9736149596556352
3711,0.5070907194994786,0.026402467715794426,0.9735975322842055
3712,0.5074209245742093,0.026402467715794426,0.9735975322842055
3713,0.5074209245742093,0.026419895087223994,0.973580104912776
3714,0.5075599582898853,0.026419895087223994,0.973580104912776
3715,0.5075599582898853,0.026437322458653562,0.9735626775413464
3716,0.5075947167188043,0.026437322458653562,0.9735626775413464
3717,0.5075947167188043,0.026454749830083127,0.9735452501699169
3718,0.5078727841501565,0.026454749830083127,0.9735452501699169
3719,0.5078727841501565,0.026472177201512695,0.9735278227984873
3720,0.508133472367049,0.026472177201512695,0.9735278227984873
3721,0.508133472367049,0.026489604572942263,0.9735103954270578
3722,0.508272506082725,0.026489604572942263,0.9735103954270578
3723,0.508272506082725,0.02650703194437183,0.9734929680556281
3724,0.5083594021550226,0.02650703194437183,0.9734929680556281
3725,0.5083594021550226,0.0265244593158014,0.9734755406841986
3726,0.5083767813694821,0.0265244593158014,0.9734755406841986
3727,0.5083767813694821,0.026541886687230964,0.973458113312769
3728,0.5085853319429962,0.026541886687230964,0.973458113312769
3729,0.5085853319429962,0.026559314058660532,0.9734406859413395
3730,0.5089502954466458,0.026559314058660532,0.9734406859413395
3731,0.5089850538755648,0.026559314058660532,0.9734406859413395
3732,0.5093673965936739,0.026559314058660532,0.9734406859413395
3733,0.509402155022593,0.026559314058660532,0.9734406859413395
3734,0.509436913451512,0.026559314058660532,0.9734406859413395
3735,0.509436913451512,0.0265767414300901,0.9734232585699099
3736,0.5095238095238095,0.0265767414300901,0.9734232585699099
3737,0.5095238095238095,0.026594168801519668,0.9734058311984803
3738,0.5095933263816476,0.026594168801519668,0.9734058311984803
3739,0.5095933263816476,0.026611596172949233,0.9733884038270507
3740,0.5096976016684046,0.026611596172949233,0.9733884038270507
3741,0.5096976016684046,0.0266290235443788,0.9733709764556212
3742,0.5097497393117831,0.0266290235443788,0.9733709764556212
3743,0.5097497393117831,0.02664645091580837,0.9733535490841916
3744,0.5097671185262426,0.02664645091580837,0.9733535490841916
3745,0.5097671185262426,0.026663878287237937,0.9733361217127621
3746,0.5098540145985402,0.026663878287237937,0.9733361217127621
3747,0.5098540145985402,0.026681305658667505,0.9733186943413324
3748,0.5099061522419187,0.026681305658667505,0.9733186943413324
3749,0.5099061522419187,0.02669873303009707,0.9733012669699029
3750,0.5099409106708377,0.02669873303009707,0.9733012669699029
3751,0.5099409106708377,0.026733587772956206,0.9732664122270438
3752,0.5101320820298922,0.026733587772956206,0.9732664122270438
3753,0.5101320820298922,0.026751015144385774,0.9732489848556142
3754,0.5106534584636775,0.026751015144385774,0.9732489848556142
3755,0.5106534584636775,0.026785869887244906,0.973214130112755
3756,0.510705596107056,0.026785869887244906,0.973214130112755
3757,0.510705596107056,0.026803297258674474,0.9731967027413255
3758,0.5107229753215154,0.026803297258674474,0.9731967027413255
3759,0.5107229753215154,0.026820724630104043,0.973179275369896
3760,0.5108620090371915,0.026820724630104043,0.973179275369896
3761,0.5108620090371915,0.026838152001533607,0.9731618479984664
3762,0.5110358011817866,0.026838152001533607,0.9731618479984664
3763,0.5110358011817866,0.026855579372963175,0.9731444206270369
3764,0.5111922141119222,0.026855579372963175,0.9731444206270369
3765,0.5111922141119222,0.026873006744392743,0.9731269932556073
3766,0.5113833854709767,0.026873006744392743,0.9731269932556073
3767,0.5113833854709767,0.02689043411582231,0.9731095658841777
3768,0.5115050399721932,0.02689043411582231,0.9731095658841777
3769,0.5115050399721932,0.02690786148725188,0.9730921385127481
3770,0.5116266944734098,0.02690786148725188,0.9730921385127481
3771,0.5116266944734098,0.026925288858681444,0.9730747111413186
3772,0.5120090371915189,0.026925288858681444,0.9730747111413186
3773,0.5120090371915189,0.026942716230111012,0.973057283769889
3774,0.5120264164059785,0.026942716230111012,0.973057283769889
3775,0.5120264164059785,0.02696014360154058,0.9730398563984595
3776,0.512113312478276,0.02696014360154058,0.9730398563984595
3777,0.512113312478276,0.026977570972970148,0.9730224290270298
3778,0.512217587765033,0.026977570972970148,0.9730224290270298
3779,0.512217587765033,0.026994998344399713,0.9730050016556003
3780,0.5123044838373305,0.026994998344399713,0.9730050016556003
3781,0.5123392422662496,0.026994998344399713,0.9730050016556003
3782,0.5124087591240876,0.026994998344399713,0.9730050016556003
3783,0.5124435175530067,0.026994998344399713,0.9730050016556003
3784,0.5124956551963851,0.026994998344399713,0.9730050016556003
3785,0.5124956551963851,0.02701242571582928,0.9729875742841707
3786,0.5125477928397636,0.02701242571582928,0.9729875742841707
3787,0.5125477928397636,0.02702985308725885,0.9729701469127412
3788,0.5125999304831421,0.02702985308725885,0.9729701469127412
3789,0.5125999304831421,0.02706470783011798,0.9729352921698821
3790,0.5126694473409802,0.02706470783011798,0.9729352921698821
3791,0.5126694473409802,0.02708213520154755,0.9729178647984524
3792,0.5127911018421968,0.02708213520154755,0.9729178647984524
3793,0.5127911018421968,0.027099562572977118,0.9729004374270229
3794,0.5131386861313869,0.027099562572977118,0.9729004374270229
3795,0.5131386861313869,0.027116989944406686,0.9728830100555933
3796,0.5132082029892249,0.027116989944406686,0.9728830100555933
3797,0.5132082029892249,0.027134417315836254,0.9728655826841638
3798,0.5133298574904415,0.027134417315836254,0.9728655826841638
3799,0.5133298574904415,0.02715184468726582,0.9728481553127342
3800,0.5135036496350365,0.02715184468726582,0.9728481553127342
3801,0.5135036496350365,0.027169272058695387,0.9728307279413047
3802,0.5136079249217935,0.027169272058695387,0.9728307279413047
3803,0.5136079249217935,0.027186699430124955,0.972813300569875
3804,0.5137295794230101,0.027186699430124955,0.972813300569875
3805,0.5137295794230101,0.027204126801554523,0.9727958731984455
3806,0.5138338547097672,0.027204126801554523,0.9727958731984455
3807,0.5138338547097672,0.027221554172984087,0.9727784458270159
3808,0.5141293013555788,0.027221554172984087,0.9727784458270159
3809,0.5141466805700382,0.027238981544413655,0.9727610184555864
3810,0.5142683350712548,0.027238981544413655,0.9727610184555864
3811,0.5142683350712548,0.027256408915843224,0.9727435910841568
3812,0.5145637817170664,0.027256408915843224,0.9727435910841568
3813,0.5146159193604449,0.027256408915843224,0.9727435910841568
3814,0.5147028154327424,0.027256408915843224,0.9727435910841568
3815,0.5147028154327424,0.02727383628727279,0.9727261637127272
3816,0.5149808828640945,0.02727383628727279,0.9727261637127272
3817,0.5149808828640945,0.027308691030131924,0.9726913089698681
3818,0.5154153632255822,0.027308691030131924,0.9726913089698681
3819,0.5154153632255822,0.027326118401561492,0.9726738815984385
3820,0.5156239137990963,0.027326118401561492,0.9726738815984385
3821,0.5156239137990963,0.02734354577299106,0.972656454227009
3822,0.5157803267292318,0.02734354577299106,0.972656454227009
3823,0.5157803267292318,0.02736097314442063,0.9726390268555793
3824,0.5159888773027459,0.02736097314442063,0.9726390268555793
3825,0.5159888773027459,0.027378400515850193,0.9726215994841498
3826,0.5164928745220716,0.027378400515850193,0.9726215994841498
3827,0.5164928745220716,0.02739582788727976,0.9726041721127202
3828,0.5165450121654501,0.02739582788727976,0.9726041721127202
3829,0.5165450121654501,0.02741325525870933,0.9725867447412907
3830,0.5168230795968022,0.02741325525870933,0.9725867447412907
3831,0.5168578380257213,0.02741325525870933,0.9725867447412907
3832,0.5170142509558568,0.02741325525870933,0.9725867447412907
3833,0.5170142509558568,0.027430682630138897,0.9725693173698611
3834,0.5171011470281544,0.027430682630138897,0.9725693173698611
3835,0.5171011470281544,0.027448110001568462,0.9725518899984316
3836,0.5171359054570733,0.027448110001568462,0.9725518899984316
3837,0.5171359054570733,0.02746553737299803,0.9725344626270019
3838,0.5171706638859923,0.02746553737299803,0.9725344626270019
3839,0.5171880431004519,0.02746553737299803,0.9725344626270019
3840,0.5171880431004519,0.027482964744427598,0.9725170352555724
3841,0.5172401807438304,0.027482964744427598,0.9725170352555724
3842,0.5172401807438304,0.027500392115857166,0.9724996078841428
3843,0.517500868960723,0.027500392115857166,0.9724996078841428
3844,0.517500868960723,0.027517819487286734,0.9724821805127133
3845,0.5175530066041015,0.027517819487286734,0.9724821805127133
3846,0.5175530066041015,0.0275352468587163,0.9724647531412837
3847,0.5175877650330205,0.0275352468587163,0.9724647531412837
3848,0.5175877650330205,0.027570101601575435,0.9724298983984245
3849,0.5177963156065346,0.027570101601575435,0.9724298983984245
3850,0.5177963156065346,0.027587528973005003,0.972412471026995
3851,0.517813694820994,0.027587528973005003,0.972412471026995
3852,0.517813694820994,0.027604956344434568,0.9723950436555654
3853,0.5178484532499131,0.027604956344434568,0.9723950436555654
3854,0.5178484532499131,0.027622383715864136,0.9723776162841359
3855,0.5179874869655892,0.027622383715864136,0.9723776162841359
3856,0.5179874869655892,0.027639811087293704,0.9723601889127063
3857,0.5181091414668056,0.027639811087293704,0.9723601889127063
3858,0.5181091414668056,0.027657238458723272,0.9723427615412767
3859,0.5182134167535627,0.027657238458723272,0.9723427615412767
3860,0.5182481751824818,0.027657238458723272,0.9723427615412767
3861,0.5184914841849149,0.027657238458723272,0.9723427615412767
3862,0.5184914841849149,0.027674665830152836,0.9723253341698471
3863,0.5185783802572124,0.027674665830152836,0.9723253341698471
3864,0.5185783802572124,0.027692093201582405,0.9723079067984176
3865,0.5186305179005909,0.027692093201582405,0.9723079067984176
3866,0.5186305179005909,0.027709520573011973,0.972290479426988
3867,0.5187869308307265,0.027709520573011973,0.972290479426988
3868,0.5187869308307265,0.02772694794444154,0.9722730520555585
3869,0.518978102189781,0.02772694794444154,0.9722730520555585
3870,0.518978102189781,0.02774437531587111,0.9722556246841288
3871,0.5190476190476191,0.02774437531587111,0.9722556246841288
3872,0.5190476190476191,0.027761802687300673,0.9722381973126993
3873,0.5190649982620785,0.027761802687300673,0.9722381973126993
3874,0.5190649982620785,0.02777923005873024,0.9722207699412697
3875,0.5192561696211331,0.02777923005873024,0.9722207699412697
3876,0.5192561696211331,0.02779665743015981,0.9722033425698402
3877,0.5192735488355926,0.02779665743015981,0.9722033425698402
3878,0.5192735488355926,0.027814084801589378,0.9721859151984106
3879,0.5193430656934307,0.027814084801589378,0.9721859151984106
3880,0.5193430656934307,0.027831512173018942,0.9721684878269811
3881,0.5193604449078901,0.027831512173018942,0.9721684878269811
3882,0.5193604449078901,0.02784893954444851,0.9721510604555514
3883,0.5195516162669447,0.02784893954444851,0.9721510604555514
3884,0.5195516162669447,0.02786636691587808,0.9721336330841219
3885,0.5195689954814042,0.02786636691587808,0.9721336330841219
3886,0.5195689954814042,0.027883794287307646,0.9721162057126923
3887,0.5196558915537017,0.027883794287307646,0.9721162057126923
3888,0.5196558915537017,0.02790122165873721,0.9720987783412628
3889,0.5197601668404588,0.02790122165873721,0.9720987783412628
3890,0.5197601668404588,0.02791864903016678,0.9720813509698332
3891,0.5198992005561348,0.02791864903016678,0.9720813509698332
3892,0.5198992005561348,0.027936076401596347,0.9720639235984037
3893,0.5199165797705944,0.027936076401596347,0.9720639235984037
3894,0.5199165797705944,0.027953503773025915,0.972046496226974
3895,0.5200729927007299,0.027953503773025915,0.972046496226974
3896,0.5200729927007299,0.027970931144455483,0.9720290688555445
3897,0.5201251303441085,0.027970931144455483,0.9720290688555445
3898,0.5201251303441085,0.027988358515885048,0.9720116414841149
3899,0.5203336809176226,0.027988358515885048,0.9720116414841149
3900,0.5203336809176226,0.028005785887314616,0.9719942141126854
3901,0.5206465067778936,0.028005785887314616,0.9719942141126854
3902,0.5206465067778936,0.028023213258744184,0.9719767867412559
3903,0.5208202989224887,0.028023213258744184,0.9719767867412559
3904,0.5208202989224887,0.028075495373032885,0.9719245046269671
3905,0.5209940910670837,0.028075495373032885,0.9719245046269671
3906,0.5209940910670837,0.028092922744462453,0.9719070772555376
3907,0.5212026416405978,0.028092922744462453,0.9719070772555376
3908,0.5212026416405978,0.02811035011589202,0.971889649884108
3909,0.5213590545707334,0.02811035011589202,0.971889649884108
3910,0.5213590545707334,0.02812777748732159,0.9718722225126785
3911,0.5214980882864094,0.02812777748732159,0.9718722225126785
3912,0.5214980882864094,0.028145204858751154,0.9718547951412488
3913,0.5216718804310045,0.028145204858751154,0.9718547951412488
3914,0.5216718804310045,0.02816263223018072,0.9718373677698193
3915,0.5221584984358707,0.02816263223018072,0.9718373677698193
3916,0.5221584984358707,0.02818005960161029,0.9718199403983897
3917,0.5222801529370873,0.02818005960161029,0.9718199403983897
3918,0.5222801529370873,0.028197486973039858,0.9718025130269602
3919,0.5223496697949253,0.028197486973039858,0.9718025130269602
3920,0.5223496697949253,0.028214914344469422,0.9717850856555306
3921,0.5225755995828989,0.028214914344469422,0.9717850856555306
3922,0.5225755995828989,0.02823234171589899,0.971767658284101
3923,0.5226103580118179,0.02823234171589899,0.971767658284101
3924,0.5226103580118179,0.02824976908732856,0.9717502309126714
3925,0.5226972540841154,0.02824976908732856,0.9717502309126714
3926,0.5226972540841154,0.028267196458758127,0.9717328035412419
3927,0.5230795968022245,0.028267196458758127,0.9717328035412419
3928,0.5230795968022245,0.02828462383018769,0.9717153761698123
3929,0.5231491136600626,0.02828462383018769,0.9717153761698123
3930,0.5231491136600626,0.02830205120161726,0.9716979487983828
3931,0.5232533889468196,0.02830205120161726,0.9716979487983828
3932,0.5232533889468196,0.028319478573046827,0.9716805214269532
3933,0.5233924226624956,0.028319478573046827,0.9716805214269532
3934,0.5234271810914146,0.028319478573046827,0.9716805214269532
3935,0.5235314563781717,0.028319478573046827,0.9716805214269532
3936,0.5235314563781717,0.028336905944476395,0.9716630940555236
3937,0.5236183524504693,0.028336905944476395,0.9716630940555236
3938,0.5236183524504693,0.028354333315905964,0.971645666684094
3939,0.5236704900938478,0.028354333315905964,0.971645666684094
3940,0.5236704900938478,0.028371760687335528,0.9716282393126645
3941,0.5237052485227668,0.028371760687335528,0.9716282393126645
3942,0.5237226277372263,0.028371760687335528,0.9716282393126645
3943,0.5237226277372263,0.028389188058765096,0.9716108119412349
3944,0.5237747653806047,0.028389188058765096,0.9716108119412349
3945,0.5237747653806047,0.028406615430194664,0.9715933845698054
3946,0.5240702120264165,0.028406615430194664,0.9715933845698054
3947,0.5240702120264165,0.028424042801624232,0.9715759571983758
3948,0.5241223496697949,0.028424042801624232,0.9715759571983758
3949,0.5241223496697949,0.028441470173053797,0.9715585298269462
3950,0.524157108098714,0.028441470173053797,0.9715585298269462
3951,0.524157108098714,0.028458897544483365,0.9715411024555166
3952,0.5241918665276329,0.028458897544483365,0.9715411024555166
3953,0.5241918665276329,0.028476324915912933,0.9715236750840871
3954,0.5244873131734445,0.028476324915912933,0.9715236750840871
3955,0.5245220716023635,0.028476324915912933,0.9715236750840871
3956,0.5247306221758776,0.028476324915912933,0.9715236750840871
3957,0.5247306221758776,0.0284937522873425,0.9715062477126575
3958,0.5247480013903372,0.0284937522873425,0.9715062477126575
3959,0.5247480013903372,0.028511179658772066,0.971488820341228
3960,0.5247653806047967,0.028511179658772066,0.971488820341228
3961,0.5248001390337157,0.028511179658772066,0.971488820341228
3962,0.5250086896072298,0.028511179658772066,0.971488820341228
3963,0.5250086896072298,0.028528607030201634,0.9714713929697983
3964,0.5250608272506083,0.028528607030201634,0.9714713929697983
3965,0.5250608272506083,0.028546034401631202,0.9714539655983688
3966,0.5253910323253389,0.028546034401631202,0.9714539655983688
3967,0.5253910323253389,0.02856346177306077,0.9714365382269392
3968,0.5254084115397984,0.02856346177306077,0.9714365382269392
3969,0.5254084115397984,0.028580889144490338,0.9714191108555097
3970,0.5255648244699339,0.028580889144490338,0.9714191108555097
3971,0.5255648244699339,0.028598316515919903,0.9714016834840801
3972,0.5256864789711505,0.028598316515919903,0.9714016834840801
3973,0.5256864789711505,0.02861574388734947,0.9713842561126506
3974,0.5257212374000695,0.02861574388734947,0.9713842561126506
3975,0.5257212374000695,0.02863317125877904,0.9713668287412209
3976,0.525738616614529,0.02863317125877904,0.9713668287412209
3977,0.525738616614529,0.028650598630208607,0.9713494013697914
3978,0.5257907542579076,0.028650598630208607,0.9713494013697914
3979,0.5257907542579076,0.02866802600163817,0.9713319739983618
3980,0.5260688216892596,0.02866802600163817,0.9713319739983618
3981,0.5260688216892596,0.02868545337306774,0.9713145466269323
3982,0.5261035801181787,0.02868545337306774,0.9713145466269323
3983,0.5261035801181787,0.028702880744497308,0.9712971192555027
3984,0.5263990267639903,0.028702880744497308,0.9712971192555027
3985,0.5263990267639903,0.028720308115926876,0.9712796918840731
3986,0.5264164059784497,0.028720308115926876,0.9712796918840731
3987,0.5264164059784497,0.028737735487356444,0.9712622645126435
3988,0.5264511644073688,0.028737735487356444,0.9712622645126435
3989,0.5264511644073688,0.02875516285878601,0.971244837141214
3990,0.5266597149808828,0.02875516285878601,0.971244837141214
3991,0.5266597149808828,0.028772590230215576,0.9712274097697844
3992,0.5267292318387209,0.028772590230215576,0.9712274097697844
3993,0.5267292318387209,0.028790017601645145,0.9712099823983549
3994,0.5268335071254779,0.028790017601645145,0.9712099823983549
3995,0.5268335071254779,0.028807444973074713,0.9711925550269253
3996,0.526972540841154,0.028807444973074713,0.9711925550269253
3997,0.526972540841154,0.028842299715933845,0.9711577002840661
3998,0.5270594369134515,0.028842299715933845,0.9711577002840661
3999,0.5270594369134515,0.028859727087363413,0.9711402729126366
4000,0.5273201251303441,0.028859727087363413,0.9711402729126366
4001,0.5273201251303441,0.02887715445879298,0.971122845541207
4002,0.5276155717761557,0.02887715445879298,0.971122845541207
4003,0.5276155717761557,0.028894581830222546,0.9711054181697775
4004,0.5276503302050747,0.028894581830222546,0.9711054181697775
4005,0.5276850886339938,0.028894581830222546,0.9711054181697775
4006,0.5276850886339938,0.02894686394451125,0.9710531360554887
4007,0.5277372262773723,0.02894686394451125,0.9710531360554887
4008,0.5277372262773723,0.02896429131594082,0.9710357086840592
4009,0.5277719847062913,0.02896429131594082,0.9710357086840592
4010,0.5277719847062913,0.028981718687370383,0.9710182813126296
4011,0.5280326729231839,0.028981718687370383,0.9710182813126296
4012,0.5280326729231839,0.02899914605879995,0.9710008539412001
4013,0.5282238442822385,0.02899914605879995,0.9710008539412001
4014,0.5282238442822385,0.02901657343022952,0.9709834265697704
4015,0.5287452207160236,0.02901657343022952,0.9709834265697704
4016,0.5287452207160236,0.029034000801659087,0.9709659991983409
4017,0.5287625999304831,0.029034000801659087,0.9709659991983409
4018,0.5287625999304831,0.02905142817308865,0.9709485718269113
4019,0.5287973583594021,0.02905142817308865,0.9709485718269113
4020,0.5287973583594021,0.02906885554451822,0.9709311444554818
4021,0.5288842544316997,0.02906885554451822,0.9709311444554818
4022,0.5288842544316997,0.029086282915947788,0.9709137170840522
4023,0.5295968022245394,0.029086282915947788,0.9709137170840522
4024,0.5296315606534585,0.029086282915947788,0.9709137170840522
4025,0.5296315606534585,0.029103710287377356,0.9708962897126227
4026,0.529787973583594,0.029103710287377356,0.9708962897126227
4027,0.529787973583594,0.02912113765880692,0.970878862341193
4028,0.529857490441432,0.02912113765880692,0.970878862341193
4029,0.529857490441432,0.029155992401666057,0.9708440075983339
4030,0.5300660410149461,0.029155992401666057,0.9708440075983339
4031,0.5300660410149461,0.029173419773095625,0.9708265802269044
4032,0.5300834202294056,0.029173419773095625,0.9708265802269044
4033,0.5301181786583247,0.029173419773095625,0.9708265802269044
4034,0.5301876955161626,0.029173419773095625,0.9708265802269044
4035,0.5301876955161626,0.029190847144525193,0.9708091528554748
4036,0.5303093500173792,0.029190847144525193,0.9708091528554748
4037,0.5303093500173792,0.029225701887384326,0.9707742981126157
4038,0.5303267292318388,0.029225701887384326,0.9707742981126157
4039,0.5303267292318388,0.029243129258813894,0.9707568707411861
4040,0.5303614876607577,0.029243129258813894,0.9707568707411861
4041,0.5303614876607577,0.02926055663024346,0.9707394433697565
4042,0.5303788668752173,0.02926055663024346,0.9707394433697565
4043,0.5303788668752173,0.029277984001673026,0.970722015998327
4044,0.5306916927354883,0.029277984001673026,0.970722015998327
4045,0.5306916927354883,0.029295411373102594,0.9707045886268975
4046,0.5307785888077858,0.029295411373102594,0.9707045886268975
4047,0.5307785888077858,0.029312838744532162,0.9706871612554678
4048,0.5308133472367049,0.029312838744532162,0.9706871612554678
4049,0.5308133472367049,0.02933026611596173,0.9706697338840383
4050,0.5311435523114355,0.02933026611596173,0.9706697338840383
4051,0.5311435523114355,0.029347693487391295,0.9706523065126087
4052,0.5312130691692736,0.029347693487391295,0.9706523065126087
4053,0.5312130691692736,0.029365120858820863,0.9706348791411792
4054,0.5313347236704901,0.029365120858820863,0.9706348791411792
4055,0.5313347236704901,0.02938254823025043,0.9706174517697496
4056,0.5318561001042753,0.02938254823025043,0.9706174517697496
4057,0.5318561001042753,0.02939997560168,0.97060002439832
4058,0.5319951338199513,0.02939997560168,0.97060002439832
4059,0.5319951338199513,0.029417402973109567,0.9705825970268904
4060,0.5320125130344109,0.029417402973109567,0.9705825970268904
4061,0.5320125130344109,0.029434830344539132,0.9705651696554609
4062,0.5321863051790059,0.029434830344539132,0.9705651696554609
4063,0.5321863051790059,0.0294522577159687,0.9705477422840313
4064,0.532429614181439,0.0294522577159687,0.9705477422840313
4065,0.532429614181439,0.029469685087398268,0.9705303149126018
4066,0.5326034063260341,0.029469685087398268,0.9705303149126018
4067,0.5326207855404935,0.029487112458827836,0.9705128875411722
4068,0.5327076816127911,0.029487112458827836,0.9705128875411722
4069,0.5327076816127911,0.0295045398302574,0.9704954601697426
4070,0.5328640945429267,0.0295045398302574,0.9704954601697426
4071,0.5328640945429267,0.02952196720168697,0.970478032798313
4072,0.5329162321863051,0.02952196720168697,0.970478032798313
4073,0.5329162321863051,0.029539394573116537,0.9704606054268835
4074,0.5330900243309002,0.029539394573116537,0.9704606054268835
4075,0.5330900243309002,0.029556821944546105,0.9704431780554539
4076,0.5335245046923879,0.029556821944546105,0.9704431780554539
4077,0.5335245046923879,0.029574249315975673,0.9704257506840244
4078,0.5336114007646854,0.029574249315975673,0.9704257506840244
4079,0.5336114007646854,0.029591676687405238,0.9704083233125947
4080,0.533837330552659,0.029591676687405238,0.9704083233125947
4081,0.533837330552659,0.029609104058834806,0.9703908959411652
4082,0.5339068474104971,0.029609104058834806,0.9703908959411652
4083,0.5339068474104971,0.029626531430264374,0.9703734685697356
4084,0.5339763642683351,0.029626531430264374,0.9703734685697356
4085,0.5339763642683351,0.029643958801693942,0.9703560411983061
4086,0.5339937434827946,0.029643958801693942,0.9703560411983061
4087,0.5339937434827946,0.029661386173123507,0.9703386138268765
4088,0.5340458811261731,0.029661386173123507,0.9703386138268765
4089,0.5340458811261731,0.029678813544553075,0.970321186455447
4090,0.5341675356273896,0.029678813544553075,0.970321186455447
4091,0.5341675356273896,0.029696240915982643,0.9703037590840173
4092,0.5341849148418492,0.029696240915982643,0.9703037590840173
4093,0.5341849148418492,0.02971366828741221,0.9702863317125878
4094,0.5342370524852277,0.02971366828741221,0.9702863317125878
4095,0.5342370524852277,0.029731095658841775,0.9702689043411582
4096,0.5343587069864442,0.029731095658841775,0.9702689043411582
4097,0.5343587069864442,0.029748523030271343,0.9702514769697287
4098,0.5344456030587418,0.029748523030271343,0.9702514769697287
4099,0.5344456030587418,0.02976595040170091,0.9702340495982991
4100,0.5345498783454988,0.02976595040170091,0.9702340495982991
4101,0.5345498783454988,0.02978337777313048,0.9702166222268696
4102,0.5345672575599583,0.02978337777313048,0.9702166222268696
4103,0.5345672575599583,0.029800805144560048,0.9701991948554399
4104,0.5346193952033368,0.029800805144560048,0.9701991948554399
4105,0.5346541536322558,0.029800805144560048,0.9701991948554399
4106,0.5347758081334724,0.029800805144560048,0.9701991948554399
4107,0.5347758081334724,0.029818232515989612,0.9701817674840104
4108,0.5348627042057699,0.029818232515989612,0.9701817674840104
4109,0.5348627042057699,0.02983565988741918,0.9701643401125808
4110,0.5349669794925269,0.02983565988741918,0.9701643401125808
4111,0.5349669794925269,0.02985308725884875,0.9701469127411513
4112,0.5350017379214459,0.02985308725884875,0.9701469127411513
4113,0.5350017379214459,0.029870514630278316,0.9701294853697217
4114,0.535071254779284,0.029870514630278316,0.9701294853697217
4115,0.535106013208203,0.029870514630278316,0.9701294853697217
4116,0.535106013208203,0.02988794200170788,0.9701120579982921
4117,0.535140771637122,0.02988794200170788,0.9701120579982921
4118,0.535140771637122,0.029922796744567017,0.970077203255433
4119,0.5352624261383385,0.029922796744567017,0.970077203255433
4120,0.5352624261383385,0.029940224115996585,0.9700597758840034
4121,0.535314563781717,0.029940224115996585,0.9700597758840034
4122,0.535314563781717,0.029975078858855718,0.9700249211411442
4123,0.5354362182829336,0.029975078858855718,0.9700249211411442
4124,0.5354362182829336,0.029992506230285286,0.9700074937697147
4125,0.5357490441432047,0.029992506230285286,0.9700074937697147
4126,0.5357490441432047,0.030009933601714854,0.9699900663982851
4127,0.5358011817865832,0.030009933601714854,0.9699900663982851
4128,0.5358011817865832,0.030027360973144422,0.9699726390268556
4129,0.5359923531456379,0.030027360973144422,0.9699726390268556
4130,0.5360271115745568,0.030027360973144422,0.9699726390268556
4131,0.5361835245046924,0.030027360973144422,0.9699726390268556
4132,0.5361835245046924,0.030044788344573987,0.969955211655426
4133,0.5362530413625304,0.030044788344573987,0.969955211655426
4134,0.5362530413625304,0.030062215716003555,0.9699377842839965
4135,0.536513729579423,0.030062215716003555,0.9699377842839965
4136,0.536513729579423,0.030079643087433123,0.9699203569125668
4137,0.5368960722975321,0.030079643087433123,0.9699203569125668
4138,0.5368960722975321,0.03009707045886269,0.9699029295411373
4139,0.5371393812999652,0.03009707045886269,0.9699029295411373
4140,0.5371393812999652,0.030114497830292256,0.9698855021697077
4141,0.5371915189433437,0.030114497830292256,0.9698855021697077
4142,0.5371915189433437,0.03014935257315139,0.9698506474268486
4143,0.5372784150156413,0.03014935257315139,0.9698506474268486
4144,0.5372784150156413,0.03016677994458096,0.969833220055419
4145,0.5373479318734793,0.03016677994458096,0.969833220055419
4146,0.5373479318734793,0.030184207316010528,0.9698157926839894
4147,0.5373826903023984,0.030184207316010528,0.9698157926839894
4148,0.5373826903023984,0.030201634687440092,0.9697983653125599
4149,0.5374522071602363,0.030201634687440092,0.9697983653125599
4150,0.5374522071602363,0.03023648943029923,0.9697635105697008
4151,0.5376607577337504,0.03023648943029923,0.9697635105697008
4152,0.5376607577337504,0.030253916801728797,0.9697460831982712
4153,0.5377650330205075,0.030253916801728797,0.9697460831982712
4154,0.5377650330205075,0.03027134417315836,0.9697286558268416
4155,0.5378345498783454,0.03027134417315836,0.9697286558268416
4156,0.5378345498783454,0.03028877154458793,0.969711228455412
4157,0.537851929092805,0.03028877154458793,0.969711228455412
4158,0.537851929092805,0.030306198916017497,0.9696938010839825
4159,0.5379040667361835,0.030306198916017497,0.9696938010839825
4160,0.5379040667361835,0.030323626287447066,0.9696763737125529
4161,0.5381126173096976,0.030323626287447066,0.9696763737125529
4162,0.5381126173096976,0.03034105365887663,0.9696589463411234
4163,0.5381473757386166,0.03034105365887663,0.9696589463411234
4164,0.5381473757386166,0.030358481030306198,0.9696415189696937
4165,0.5381995133819951,0.030358481030306198,0.9696415189696937
4166,0.5381995133819951,0.030375908401735766,0.9696240915982642
4167,0.5383385470976711,0.030375908401735766,0.9696240915982642
4168,0.5383385470976711,0.030393335773165334,0.9696066642268346
4169,0.5384254431699688,0.030393335773165334,0.9696066642268346
4170,0.5384254431699688,0.030428190516024467,0.9695718094839756
4171,0.5387035106013208,0.030428190516024467,0.9695718094839756
4172,0.5387035106013208,0.030463045258883603,0.9695369547411163
4173,0.5387556482446993,0.030463045258883603,0.9695369547411163
4174,0.5387556482446993,0.03048047263031317,0.9695195273696868
4175,0.5387904066736183,0.03048047263031317,0.9695195273696868
4176,0.5389294403892944,0.03048047263031317,0.9695195273696868
4177,0.5389294403892944,0.030497900001742736,0.9695020999982573
4178,0.5389641988182134,0.030497900001742736,0.9695020999982573
4179,0.5389641988182134,0.030515327373172304,0.9694846726268277
4180,0.5389815780326729,0.030515327373172304,0.9694846726268277
4181,0.5389815780326729,0.03055018211603144,0.9694498178839686
4182,0.5390684741049705,0.03055018211603144,0.9694498178839686
4183,0.5390684741049705,0.030567609487461005,0.969432390512539
4184,0.5391727493917275,0.030567609487461005,0.969432390512539
4185,0.5391727493917275,0.030585036858890573,0.9694149631411094
4186,0.5393986791797011,0.030585036858890573,0.9694149631411094
4187,0.5393986791797011,0.03060246423032014,0.9693975357696799
4188,0.5394508168230796,0.03060246423032014,0.9693975357696799
4189,0.5394508168230796,0.03061989160174971,0.9693801083982503
4190,0.5397288842544317,0.03061989160174971,0.9693801083982503
4191,0.5397288842544317,0.030637318973179277,0.9693626810268208
4192,0.5398679179701078,0.030637318973179277,0.9693626810268208
4193,0.5398679179701078,0.03065474634460884,0.9693452536553911
4194,0.5400590893291624,0.03065474634460884,0.9693452536553911
4195,0.5400590893291624,0.03067217371603841,0.9693278262839616
4196,0.5400938477580813,0.03067217371603841,0.9693278262839616
4197,0.5400938477580813,0.030689601087467978,0.969310398912532
4198,0.5402328814737574,0.030689601087467978,0.969310398912532
4199,0.5402328814737574,0.030759310573186247,0.9692406894268137
4200,0.5403719151894334,0.030759310573186247,0.9692406894268137
4201,0.5403719151894334,0.030776737944615815,0.9692232620553842
4202,0.5403892944038929,0.030776737944615815,0.9692232620553842
4203,0.5403892944038929,0.03079416531604538,0.9692058346839546
4204,0.5405804657629475,0.03079416531604538,0.9692058346839546
4205,0.5405804657629475,0.030811592687474947,0.9691884073125251
4206,0.540597844977407,0.030811592687474947,0.9691884073125251
4207,0.540597844977407,0.030829020058904515,0.9691709799410955
4208,0.5408759124087591,0.030829020058904515,0.9691709799410955
4209,0.5408759124087591,0.030846447430334083,0.969153552569666
4210,0.5410670837678137,0.030846447430334083,0.969153552569666
4211,0.5410670837678137,0.03086387480176365,0.9691361251982363
4212,0.5412061174834898,0.03086387480176365,0.9691361251982363
4213,0.5412061174834898,0.030898729544622784,0.9691012704553772
4214,0.5412408759124088,0.030898729544622784,0.9691012704553772
4215,0.5412408759124088,0.030916156916052352,0.9690838430839477
4216,0.5412756343413277,0.030916156916052352,0.9690838430839477
4217,0.5412756343413277,0.03093358428748192,0.9690664157125181
4218,0.5415884602015989,0.03093358428748192,0.9690664157125181
4219,0.5415884602015989,0.030951011658911485,0.9690489883410885
4220,0.541657977059437,0.030951011658911485,0.9690489883410885
4221,0.541657977059437,0.030968439030341053,0.9690315609696589
4222,0.5417274939172749,0.030968439030341053,0.9690315609696589
4223,0.5417274939172749,0.03098586640177062,0.9690141335982294
4224,0.5418143899895724,0.03098586640177062,0.9690141335982294
4225,0.5418143899895724,0.03100329377320019,0.9689967062267998
4226,0.5422314911366006,0.03100329377320019,0.9689967062267998
4227,0.5422314911366006,0.031020721144629757,0.9689792788553703
4228,0.5422488703510602,0.031020721144629757,0.9689792788553703
4229,0.5422488703510602,0.031038148516059322,0.9689618514839407
4230,0.5423705248522767,0.031038148516059322,0.9689618514839407
4231,0.5423705248522767,0.03105557588748889,0.9689444241125111
4232,0.5424052832811956,0.03105557588748889,0.9689444241125111
4233,0.5424052832811956,0.031090430630348026,0.968909569369652
4234,0.5426312130691693,0.031090430630348026,0.968909569369652
4235,0.5426312130691693,0.03112528537320716,0.9688747146267929
4236,0.542996176572819,0.03112528537320716,0.9688747146267929
4237,0.542996176572819,0.031142712744636727,0.9688572872553632
4238,0.543169968717414,0.031142712744636727,0.9688572872553632
4239,0.543169968717414,0.031160140116066295,0.9688398598839337
4240,0.5432221063607925,0.031160140116066295,0.9688398598839337
4241,0.5432568647897115,0.031160140116066295,0.9688398598839337
4242,0.5432568647897115,0.03117756748749586,0.9688224325125041
4243,0.543274244004171,0.03117756748749586,0.9688224325125041
4244,0.543274244004171,0.031194994858925428,0.9688050051410746
4245,0.5435523114355231,0.031194994858925428,0.9688050051410746
4246,0.5435523114355231,0.031212422230354996,0.968787577769645
4247,0.5438825165102538,0.031212422230354996,0.968787577769645
4248,0.5438825165102538,0.031229849601784564,0.9687701503982155
4249,0.5441084462982273,0.031229849601784564,0.9687701503982155
4250,0.5441084462982273,0.03124727697321413,0.9687527230267858
4251,0.5443691345151199,0.03124727697321413,0.9687527230267858
4252,0.5443691345151199,0.0312647043446437,0.9687352956553563
4253,0.5444212721584984,0.0312647043446437,0.9687352956553563
4254,0.5444212721584984,0.03128213171607327,0.9687178682839267
4255,0.5444560305874174,0.03128213171607327,0.9687178682839267
4256,0.5444560305874174,0.03129955908750283,0.9687004409124972
4257,0.5444907890163364,0.03129955908750283,0.9687004409124972
4258,0.5444907890163364,0.0313169864589324,0.9686830135410676
4259,0.5445255474452555,0.0313169864589324,0.9686830135410676
4260,0.5445255474452555,0.031334413830361965,0.968665586169638
4261,0.5446819603753911,0.031334413830361965,0.968665586169638
4262,0.5446819603753911,0.03135184120179153,0.9686481587982084
4263,0.5448383733055265,0.03135184120179153,0.9686481587982084
4264,0.5448383733055265,0.0313692685732211,0.9686307314267789
4265,0.5448557525199861,0.0313692685732211,0.9686307314267789
4266,0.5448557525199861,0.03138669594465067,0.9686133040553493
4267,0.5448731317344456,0.03138669594465067,0.9686133040553493
4268,0.5448731317344456,0.031421550687509806,0.9685784493124902
4269,0.5449252693778242,0.031421550687509806,0.9685784493124902
4270,0.5449252693778242,0.031438978058939374,0.9685610219410606
4271,0.5451164407368787,0.031438978058939374,0.9685610219410606
4272,0.5451164407368787,0.031456405430368935,0.968543594569631
4273,0.5452033368091762,0.031456405430368935,0.968543594569631
4274,0.5452033368091762,0.0314738328017985,0.9685261671982015
4275,0.5452380952380952,0.0314738328017985,0.9685261671982015
4276,0.5452380952380952,0.03149126017322807,0.9685087398267719
4277,0.5452728536670143,0.03149126017322807,0.9685087398267719
4278,0.5452728536670143,0.03150868754465764,0.9684913124553424
4279,0.5454814042405284,0.03150868754465764,0.9684913124553424
4280,0.5454814042405284,0.03152611491608721,0.9684738850839127
4281,0.5457247132429615,0.03152611491608721,0.9684738850839127
4282,0.5457247132429615,0.031543542287516775,0.9684564577124832
4283,0.545811609315259,0.031543542287516775,0.9684564577124832
4284,0.545811609315259,0.03156096965894634,0.9684390303410536
4285,0.5461418143899895,0.03156096965894634,0.9684390303410536
4286,0.5461418143899895,0.03159582440180547,0.9684041755981945
4287,0.5468543621828293,0.03159582440180547,0.9684041755981945
4288,0.5468543621828293,0.03161325177323504,0.968386748226765
4289,0.5468717413972889,0.03161325177323504,0.968386748226765
4290,0.5468717413972889,0.03163067914466461,0.9683693208553354
4291,0.5471324296141814,0.03163067914466461,0.9683693208553354
4292,0.5471324296141814,0.03164810651609418,0.9683518934839058
4293,0.5471671880431005,0.03164810651609418,0.9683518934839058
4294,0.5471671880431005,0.031665533887523745,0.9683344661124762
4295,0.5473757386166145,0.031665533887523745,0.9683344661124762
4296,0.5473757386166145,0.03168296125895331,0.9683170387410467
4297,0.5474800139033715,0.03168296125895331,0.9683170387410467
4298,0.5474800139033715,0.03170038863038288,0.9682996113696172
4299,0.5475842891901286,0.03170038863038288,0.9682996113696172
4300,0.5475842891901286,0.03171781600181245,0.9682821839981876
4301,0.5476538060479667,0.03171781600181245,0.9682821839981876
4302,0.5476538060479667,0.03173524337324202,0.9682647566267579
4303,0.5476711852624261,0.03173524337324202,0.9682647566267579
4304,0.5476711852624261,0.03175267074467158,0.9682473292553284
4305,0.5477233229058046,0.03175267074467158,0.9682473292553284
4306,0.5477233229058046,0.031770098116101146,0.9682299018838989
4307,0.5477580813347237,0.031770098116101146,0.9682299018838989
4308,0.5477580813347237,0.031787525487530714,0.9682124745124693
4309,0.5478623566214808,0.031787525487530714,0.9682124745124693
4310,0.5478623566214808,0.03180495285896028,0.9681950471410398
4311,0.5478797358359402,0.03180495285896028,0.9681950471410398
4312,0.5478971150503997,0.03182238023038985,0.9681776197696101
4313,0.5479666319082378,0.03182238023038985,0.9681776197696101
4314,0.5479666319082378,0.03183980760181942,0.9681601923981806
4315,0.5481925616962113,0.03183980760181942,0.9681601923981806
4316,0.5481925616962113,0.031857234973248987,0.968142765026751
4317,0.5482968369829684,0.031857234973248987,0.968142765026751
4318,0.5482968369829684,0.031874662344678555,0.9681253376553215
4319,0.5484184914841849,0.031874662344678555,0.9681253376553215
4320,0.5484184914841849,0.031909517087537684,0.9680904829124624
4321,0.5486444212721585,0.031909517087537684,0.9680904829124624
4322,0.5486444212721585,0.03192694445896725,0.9680730555410327
4323,0.5486791797010775,0.03192694445896725,0.9680730555410327
4324,0.5486791797010775,0.03194437183039682,0.9680556281696032
4325,0.548766075773375,0.03194437183039682,0.9680556281696032
4326,0.548766075773375,0.03196179920182639,0.9680382007981736
4327,0.5489746263468891,0.03196179920182639,0.9680382007981736
4328,0.5489746263468891,0.031979226573255956,0.9680207734267441
4329,0.5489920055613486,0.031979226573255956,0.9680207734267441
4330,0.5489920055613486,0.031996653944685524,0.9680033460553145
4331,0.5491484184914842,0.031996653944685524,0.9680033460553145
4332,0.5491484184914842,0.03201408131611509,0.967985918683885
4333,0.5491831769204032,0.03201408131611509,0.967985918683885
4334,0.5491831769204032,0.03203150868754466,0.9679684913124553
4335,0.5493222106360792,0.03203150868754466,0.9679684913124553
4336,0.5493222106360792,0.03204893605897423,0.9679510639410258
4337,0.5493569690649983,0.03204893605897423,0.9679510639410258
4338,0.5493569690649983,0.03206636343040379,0.9679336365695962
4339,0.5493743482794577,0.03206636343040379,0.9679336365695962
4340,0.5493743482794577,0.03208379080183336,0.9679162091981667
4341,0.5494091067083767,0.03208379080183336,0.9679162091981667
4342,0.5494091067083767,0.032101218173262926,0.967898781826737
4343,0.5494264859228363,0.032101218173262926,0.967898781826737
4344,0.5494264859228363,0.032118645544692494,0.9678813544553075
4345,0.5495481404240529,0.032118645544692494,0.9678813544553075
4346,0.5495481404240529,0.03213607291612206,0.9678639270838779
4347,0.5496697949252694,0.03213607291612206,0.9678639270838779
4348,0.5497045533541884,0.03213607291612206,0.9678639270838779
4349,0.5498435870698645,0.03213607291612206,0.9678639270838779
4350,0.5498435870698645,0.03215350028755163,0.9678464997124484
4351,0.549930483142162,0.03215350028755163,0.9678464997124484
4352,0.549930483142162,0.0321709276589812,0.9678290723410188
4353,0.550173792144595,0.0321709276589812,0.9678290723410188
4354,0.550173792144595,0.032188355030410766,0.9678116449695893
4355,0.550208550573514,0.032188355030410766,0.9678116449695893
4356,0.550208550573514,0.03220578240184033,0.9677942175981596
4357,0.5502259297879736,0.03220578240184033,0.9677942175981596
4358,0.5502259297879736,0.03224063714469946,0.9677593628553005
4359,0.5503997219325687,0.03224063714469946,0.9677593628553005
4360,0.5503997219325687,0.0322754918875586,0.9677245081124414
4361,0.5507125477928397,0.0322754918875586,0.9677245081124414
4362,0.5507125477928397,0.03229291925898817,0.9677070807410119
4363,0.5511470281543275,0.03229291925898817,0.9677070807410119
4364,0.5511470281543275,0.032310346630417736,0.9676896533695822
4365,0.5513903371567606,0.032310346630417736,0.9676896533695822
4366,0.5514250955856795,0.032310346630417736,0.9676896533695822
4367,0.5514250955856795,0.032327774001847304,0.9676722259981527
4368,0.5514424748001391,0.032327774001847304,0.9676722259981527
4369,0.5514424748001391,0.03234520137327687,0.9676547986267231
4370,0.551511991657977,0.03234520137327687,0.9676547986267231
4371,0.551511991657977,0.03236262874470643,0.9676373712552936
4372,0.551546750086896,0.03236262874470643,0.9676373712552936
4373,0.551546750086896,0.032380056116136,0.967619943883864
4374,0.5516510253736531,0.032380056116136,0.967619943883864
4375,0.5516510253736531,0.03239748348756557,0.9676025165124345
4376,0.5521028849496002,0.03239748348756557,0.9676025165124345
4377,0.5521028849496002,0.03241491085899514,0.9675850891410048
4378,0.5521724018074383,0.03241491085899514,0.9675850891410048
4379,0.5522071602363573,0.03241491085899514,0.9675850891410048
4380,0.5523461939520333,0.03241491085899514,0.9675850891410048
4381,0.5523809523809524,0.03241491085899514,0.9675850891410048
4382,0.5524330900243309,0.03241491085899514,0.9675850891410048
4383,0.5524330900243309,0.032432338230424705,0.9675676617695753
4384,0.5525026068821689,0.032432338230424705,0.9675676617695753
4385,0.5525026068821689,0.03246719297328384,0.9675328070267162
4386,0.552572123740007,0.03246719297328384,0.9675328070267162
4387,0.552572123740007,0.03248462034471341,0.9675153796552866
4388,0.5529023288147376,0.03248462034471341,0.9675153796552866
4389,0.5529023288147376,0.03250204771614298,0.967497952283857
4390,0.5529718456725756,0.03250204771614298,0.967497952283857
4391,0.5529718456725756,0.03251947508757254,0.9674805249124274
4392,0.5530935001737921,0.03251947508757254,0.9674805249124274
4393,0.5530935001737921,0.03253690245900211,0.9674630975409979
4394,0.5531630170316302,0.03253690245900211,0.9674630975409979
4395,0.5531977754605492,0.03253690245900211,0.9674630975409979
4396,0.5534063260340633,0.03253690245900211,0.9674630975409979
4397,0.5534063260340633,0.032554329830431675,0.9674456701695683
4398,0.5535974973931178,0.032554329830431675,0.9674456701695683
4399,0.5535974973931178,0.03257175720186124,0.9674282427981388
4400,0.5536843934654153,0.03257175720186124,0.9674282427981388
4401,0.5536843934654153,0.03258918457329081,0.9674108154267091
4402,0.5537017726798749,0.03258918457329081,0.9674108154267091
4403,0.5537017726798749,0.03262403931614995,0.96737596068385
4404,0.5537886687521724,0.03262403931614995,0.96737596068385
4405,0.5537886687521724,0.032641466687579515,0.9673585333124205
4406,0.5538234271810915,0.032641466687579515,0.9673585333124205
4407,0.5538234271810915,0.032658894059009076,0.9673411059409909
4408,0.5542579075425791,0.032658894059009076,0.9673411059409909
4409,0.5542579075425791,0.032676321430438644,0.9673236785695614
4410,0.5543795620437956,0.032676321430438644,0.9673236785695614
4411,0.5543795620437956,0.03269374880186821,0.9673062511981317
4412,0.5545359749739311,0.03269374880186821,0.9673062511981317
4413,0.5545359749739311,0.03271117617329778,0.9672888238267022
4414,0.5546576294751477,0.03271117617329778,0.9672888238267022
4415,0.5546576294751477,0.03272860354472735,0.9672713964552726
4416,0.5547097671185263,0.03272860354472735,0.9672713964552726
4417,0.5547097671185263,0.03274603091615692,0.9672539690838431
4418,0.5550225929787974,0.03274603091615692,0.9672539690838431
4419,0.5550225929787974,0.032763458287586485,0.9672365417124135
4420,0.5551616266944734,0.032763458287586485,0.9672365417124135
4421,0.5551616266944734,0.03278088565901605,0.967219114340984
4422,0.5554396941258255,0.03278088565901605,0.967219114340984
4423,0.5554396941258255,0.03281574040187518,0.9671842595981248
4424,0.55563086548488,0.03281574040187518,0.9671842595981248
4425,0.55563086548488,0.03285059514473432,0.9671494048552657
4426,0.5557525199860966,0.03285059514473432,0.9671494048552657
4427,0.5557525199860966,0.032868022516163886,0.9671319774838361
4428,0.5559089329162322,0.032868022516163886,0.9671319774838361
4429,0.5559089329162322,0.032885449887593454,0.9671145501124065
4430,0.5559436913451512,0.032885449887593454,0.9671145501124065
4431,0.5559436913451512,0.03290287725902302,0.967097122740977
4432,0.5560479666319083,0.03290287725902302,0.967097122740977
4433,0.5560479666319083,0.03292030463045259,0.9670796953695474
4434,0.5560827250608272,0.03292030463045259,0.9670796953695474
4435,0.5560827250608272,0.032955159373311727,0.9670448406266883
4436,0.5561174834897462,0.032955159373311727,0.9670448406266883
4437,0.5561174834897462,0.03297258674474129,0.9670274132552588
4438,0.5561696211331247,0.03297258674474129,0.9670274132552588
4439,0.5562043795620438,0.03297258674474129,0.9670274132552588
4440,0.5562738964198818,0.03297258674474129,0.9670274132552588
4441,0.5562738964198818,0.032990014116170856,0.9670099858838291
4442,0.5567083767813695,0.032990014116170856,0.9670099858838291
4443,0.5567431352102885,0.032990014116170856,0.9670099858838291
4444,0.556795272853667,0.032990014116170856,0.9670099858838291
4445,0.556830031282586,0.032990014116170856,0.9670099858838291
4446,0.5569864442127216,0.032990014116170856,0.9670099858838291
4447,0.5569864442127216,0.033007441487600424,0.9669925585123996
4448,0.5570212026416406,0.033007441487600424,0.9669925585123996
4449,0.5570212026416406,0.03302486885902999,0.96697513114097
4450,0.5570385818561001,0.03302486885902999,0.96697513114097
4451,0.5570385818561001,0.03304229623045956,0.9669577037695405
4452,0.5573861661452902,0.03304229623045956,0.9669577037695405
4453,0.5573861661452902,0.03305972360188913,0.9669402763981109
4454,0.5574383037886688,0.03305972360188913,0.9669402763981109
4455,0.5574730622175877,0.03305972360188913,0.9669402763981109
4456,0.5576816127911018,0.03305972360188913,0.9669402763981109
4457,0.5576816127911018,0.033077150973318696,0.9669228490266814
4458,0.5577163712200208,0.033077150973318696,0.9669228490266814
4459,0.5577163712200208,0.033094578344748264,0.9669054216552517
4460,0.5578727841501564,0.033094578344748264,0.9669054216552517
4461,0.5578727841501564,0.03312943308760739,0.9668705669123926
4462,0.5579423010079945,0.03312943308760739,0.9668705669123926
4463,0.5579423010079945,0.03314686045903696,0.9668531395409631
4464,0.558029197080292,0.03314686045903696,0.9668531395409631
4465,0.558029197080292,0.03316428783046653,0.9668357121695335
4466,0.558133472367049,0.03316428783046653,0.9668357121695335
4467,0.558133472367049,0.0331817152018961,0.9668182847981039
4468,0.5581856100104275,0.0331817152018961,0.9668182847981039
4469,0.5581856100104275,0.033199142573325666,0.9668008574266743
4470,0.558202989224887,0.033199142573325666,0.9668008574266743
4471,0.558202989224887,0.033216569944755234,0.9667834300552448
4472,0.5583246437261036,0.033216569944755234,0.9667834300552448
4473,0.5583246437261036,0.0332339973161848,0.9667660026838152
4474,0.5583767813694821,0.0332339973161848,0.9667660026838152
4475,0.5583767813694821,0.03325142468761437,0.9667485753123857
4476,0.5585853319429962,0.03325142468761437,0.9667485753123857
4477,0.5585853319429962,0.0332862794304735,0.9667137205695265
4478,0.5586374695863747,0.0332862794304735,0.9667137205695265
4479,0.5586374695863747,0.03330370680190307,0.9666962931980969
4480,0.5589502954466458,0.03330370680190307,0.9666962931980969
4481,0.5589502954466458,0.033321134173332635,0.9666788658266674
4482,0.5589676746611053,0.033321134173332635,0.9666788658266674
4483,0.5589676746611053,0.03335598891619177,0.9666440110838083
4484,0.5590545707334028,0.03335598891619177,0.9666440110838083
4485,0.5590545707334028,0.03337341628762134,0.9666265837123786
4486,0.5590893291623219,0.03337341628762134,0.9666265837123786
4487,0.5590893291623219,0.03339084365905091,0.9666091563409491
4488,0.559436913451512,0.03339084365905091,0.9666091563409491
4489,0.559436913451512,0.033408271030480476,0.9665917289695195
4490,0.5595238095238095,0.033408271030480476,0.9665917289695195
4491,0.5595238095238095,0.03342569840191004,0.96657430159809
4492,0.5595933263816476,0.03342569840191004,0.96657430159809
4493,0.5595933263816476,0.033443125773339605,0.9665568742266604
4494,0.5597323600973236,0.033443125773339605,0.9665568742266604
4495,0.5597323600973236,0.03346055314476917,0.9665394468552309
4496,0.5597671185262426,0.03346055314476917,0.9665394468552309
4497,0.5597671185262426,0.03347798051619874,0.9665220194838012
4498,0.5598018769551616,0.03347798051619874,0.9665220194838012
4499,0.5598018769551616,0.03349540788762831,0.9665045921123717
4500,0.5598887730274592,0.03349540788762831,0.9665045921123717
4501,0.5598887730274592,0.03351283525905788,0.9664871647409421
4502,0.5600451859575947,0.03351283525905788,0.9664871647409421
4503,0.5600451859575947,0.033530262630487445,0.9664697373695126
4504,0.5603927702467848,0.033530262630487445,0.9664697373695126
4505,0.5603927702467848,0.03354769000191701,0.966452309998083
4506,0.560705596107056,0.03354769000191701,0.966452309998083
4507,0.560705596107056,0.03356511737334658,0.9664348826266534
4508,0.560809871393813,0.03356511737334658,0.9664348826266534
4509,0.560809871393813,0.03358254474477614,0.9664174552552238
4510,0.56091414668057,0.03358254474477614,0.9664174552552238
4511,0.56091414668057,0.03359997211620571,0.9664000278837943
4512,0.5612269725408412,0.03359997211620571,0.9664000278837943
4513,0.5612269725408412,0.03361739948763528,0.9663826005123647
4514,0.5616440736878693,0.03361739948763528,0.9663826005123647
4515,0.5616440736878693,0.033652254230494415,0.9663477457695056
4516,0.5617135905457074,0.033652254230494415,0.9663477457695056
4517,0.5617135905457074,0.03366968160192398,0.966330318398076
4518,0.5619742787626,0.03366968160192398,0.966330318398076
4519,0.5619742787626,0.03372196371621269,0.9662780362837873
4520,0.5619916579770594,0.03372196371621269,0.9662780362837873
4521,0.5619916579770594,0.03373939108764225,0.9662606089123578
4522,0.5620611748348975,0.03373939108764225,0.9662606089123578
4523,0.5620611748348975,0.033756818459071816,0.9662431815409281
4524,0.562113312478276,0.033756818459071816,0.9662431815409281
4525,0.562113312478276,0.033774245830501384,0.9662257541694986
4526,0.5623566214807091,0.033774245830501384,0.9662257541694986
4527,0.5623566214807091,0.03379167320193095,0.966208326798069
4528,0.5624608967674661,0.03379167320193095,0.966208326798069
4529,0.5624608967674661,0.03380910057336052,0.9661908994266395
4530,0.5625477928397636,0.03380910057336052,0.9661908994266395
4531,0.5625477928397636,0.03382652794479009,0.9661734720552099
4532,0.5627737226277372,0.03382652794479009,0.9661734720552099
4533,0.5627737226277372,0.033861382687649225,0.9661386173123507
4534,0.5629648939867918,0.033861382687649225,0.9661386173123507
4535,0.5629648939867918,0.033878810059078786,0.9661211899409212
4536,0.5630344108446298,0.033878810059078786,0.9661211899409212
4537,0.5630344108446298,0.033896237430508354,0.9661037625694916
4538,0.5631560653458464,0.033896237430508354,0.9661037625694916
4539,0.5631560653458464,0.03391366480193792,0.9660863351980621
4540,0.5633646159193605,0.03391366480193792,0.9660863351980621
4541,0.5633646159193605,0.03393109217336749,0.9660689078266325
4542,0.563555787278415,0.03393109217336749,0.9660689078266325
4543,0.563555787278415,0.03394851954479706,0.966051480455203
4544,0.5637122002085506,0.03394851954479706,0.966051480455203
4545,0.5637469586374696,0.03394851954479706,0.966051480455203
4546,0.5639033715676052,0.03394851954479706,0.966051480455203
4547,0.5639033715676052,0.033965946916226626,0.9660340530837733
4548,0.5644595064303094,0.033965946916226626,0.9660340530837733
4549,0.5644595064303094,0.033983374287656194,0.9660166257123438
4550,0.5646332985749044,0.033983374287656194,0.9660166257123438
4551,0.5646332985749044,0.03400080165908576,0.9659991983409142
4552,0.5647723322905804,0.03400080165908576,0.9659991983409142
4553,0.5647723322905804,0.03401822903051533,0.9659817709694847
4554,0.564824469933959,0.03401822903051533,0.9659817709694847
4555,0.564824469933959,0.03405308377337446,0.9659469162266255
4556,0.5648418491484185,0.03405308377337446,0.9659469162266255
4557,0.5648418491484185,0.03407051114480403,0.9659294888551959
4558,0.5650156412930135,0.03407051114480403,0.9659294888551959
4559,0.5650156412930135,0.034087938516233596,0.9659120614837664
4560,0.5652241918665276,0.034087938516233596,0.9659120614837664
4561,0.5652241918665276,0.034105365887663164,0.9658946341123369
4562,0.5653806047966632,0.034105365887663164,0.9658946341123369
4563,0.5653806047966632,0.03412279325909273,0.9658772067409073
4564,0.5655891553701773,0.03412279325909273,0.9658772067409073
4565,0.5655891553701773,0.0341402206305223,0.9658597793694776
4566,0.5656239137990963,0.0341402206305223,0.9658597793694776
4567,0.5656239137990963,0.03415764800195187,0.9658423519980481
4568,0.5658324643726104,0.03415764800195187,0.9658423519980481
4569,0.5658324643726104,0.034175075373381436,0.9658249246266186
4570,0.5658498435870699,0.034175075373381436,0.9658249246266186
4571,0.5658498435870699,0.034192502744811,0.965807497255189
4572,0.5659888773027459,0.034192502744811,0.965807497255189
4573,0.5659888773027459,0.034209930116240565,0.9657900698837595
4574,0.5660236357316649,0.034209930116240565,0.9657900698837595
4575,0.5660236357316649,0.03422735748767013,0.9657726425123299
4576,0.5661800486618005,0.03422735748767013,0.9657726425123299
4577,0.5661800486618005,0.0342447848590997,0.9657552151409003
4578,0.56619742787626,0.0342447848590997,0.9657552151409003
4579,0.56619742787626,0.03426221223052927,0.9657377877694707
4580,0.566232186305179,0.03426221223052927,0.9657377877694707
4581,0.566232186305179,0.03427963960195884,0.9657203603980412
4582,0.566371220020855,0.03427963960195884,0.9657203603980412
4583,0.566371220020855,0.034297066973388406,0.9657029330266116
4584,0.5666145290232881,0.034297066973388406,0.9657029330266116
4585,0.5666145290232881,0.03433192171624754,0.9656680782837525
4586,0.5669447340980188,0.03433192171624754,0.9656680782837525
4587,0.5669447340980188,0.0343493490876771,0.9656506509123229
4588,0.5669621133124783,0.0343493490876771,0.9656506509123229
4589,0.5669621133124783,0.03436677645910667,0.9656332235408933
4590,0.5672749391727494,0.03436677645910667,0.9656332235408933
4591,0.5672749391727494,0.03438420383053624,0.9656157961694638
4592,0.5674834897462635,0.03438420383053624,0.9656157961694638
4593,0.5674834897462635,0.03440163120196581,0.9655983687980342
4594,0.5675182481751825,0.03440163120196581,0.9655983687980342
4595,0.5675182481751825,0.034419058573395375,0.9655809414266047
4596,0.567570385818561,0.034419058573395375,0.9655809414266047
4597,0.567570385818561,0.03443648594482494,0.965563514055175
4598,0.5676746611053181,0.03443648594482494,0.965563514055175
4599,0.5676746611053181,0.03445391331625451,0.9655460866837455
4600,0.5679701077511297,0.03445391331625451,0.9655460866837455
4601,0.5679701077511297,0.03447134068768408,0.9655286593123159
4602,0.5680222453945082,0.03447134068768408,0.9655286593123159
4603,0.5680222453945082,0.03450619543054321,0.9654938045694568
4604,0.5682134167535627,0.03450619543054321,0.9654938045694568
4605,0.5682134167535627,0.03452362280197278,0.9654763771980273
4606,0.5682481751824817,0.03452362280197278,0.9654763771980273
4607,0.5682481751824817,0.034541050173402345,0.9654589498265976
4608,0.5684393465415363,0.034541050173402345,0.9654589498265976
4609,0.5684393465415363,0.03455847754483191,0.9654415224551681
4610,0.5684741049704554,0.03455847754483191,0.9654415224551681
4611,0.5684741049704554,0.03457590491626148,0.9654240950837385
4612,0.5684914841849148,0.03457590491626148,0.9654240950837385
4613,0.5684914841849148,0.03459333228769105,0.965406667712309
4614,0.5685088633993743,0.03459333228769105,0.965406667712309
4615,0.5685088633993743,0.03461075965912062,0.9653892403408794
4616,0.5687174139728884,0.03461075965912062,0.9653892403408794
4617,0.5687174139728884,0.034628187030550185,0.9653718129694498
4618,0.568804310045186,0.034628187030550185,0.9653718129694498
4619,0.568804310045186,0.034645614401979746,0.9653543855980202
4620,0.5688216892596455,0.034645614401979746,0.9653543855980202
4621,0.5688216892596455,0.034663041773409314,0.9653369582265907
4622,0.5688564476885645,0.034663041773409314,0.9653369582265907
4623,0.5688564476885645,0.03468046914483888,0.9653195308551611
4624,0.5689259645464025,0.03468046914483888,0.9653195308551611
4625,0.5689259645464025,0.03469789651626845,0.9653021034837316
4626,0.5690649982620786,0.03469789651626845,0.9653021034837316
4627,0.5690649982620786,0.03471532388769802,0.965284676112302
4628,0.5690823774765381,0.03471532388769802,0.965284676112302
4629,0.5690823774765381,0.03473275125912759,0.9652672487408724
4630,0.5690997566909975,0.03473275125912759,0.9652672487408724
4631,0.5690997566909975,0.034750178630557155,0.9652498213694428
4632,0.5692214111922141,0.034750178630557155,0.9652498213694428
4633,0.5692214111922141,0.03476760600198672,0.9652323939980133
4634,0.5694647201946472,0.03476760600198672,0.9652323939980133
4635,0.5694647201946472,0.03478503337341629,0.9652149666265837
4636,0.5695689954814043,0.03478503337341629,0.9652149666265837
4637,0.5695689954814043,0.03480246074484585,0.9651975392551542
4638,0.5696732707681613,0.03480246074484585,0.9651975392551542
4639,0.5696732707681613,0.03481988811627542,0.9651801118837245
4640,0.5697775460549184,0.03481988811627542,0.9651801118837245
4641,0.5697775460549184,0.03483731548770499,0.965162684512295
4642,0.5698123044838374,0.03483731548770499,0.965162684512295
4643,0.5698123044838374,0.034854742859134556,0.9651452571408654
4644,0.5698644421272159,0.034854742859134556,0.9651452571408654
4645,0.5698644421272159,0.034872170230564124,0.9651278297694359
4646,0.5698818213416753,0.034872170230564124,0.9651278297694359
4647,0.5698818213416753,0.03488959760199369,0.9651104023980063
4648,0.5699339589850538,0.03488959760199369,0.9651104023980063
4649,0.5699339589850538,0.03490702497342326,0.9650929750265768
4650,0.5701425095585679,0.03490702497342326,0.9650929750265768
4651,0.5701425095585679,0.03492445234485283,0.9650755476551471
4652,0.5702294056308654,0.03492445234485283,0.9650755476551471
4653,0.5702294056308654,0.0349418797162824,0.9650581202837176
4654,0.570246784845325,0.0349418797162824,0.9650581202837176
4655,0.570246784845325,0.03495930708771196,0.965040692912288
4656,0.5702989224887035,0.03495930708771196,0.965040692912288
4657,0.5702989224887035,0.034976734459141526,0.9650232655408585
4658,0.5703336809176225,0.034976734459141526,0.9650232655408585
4659,0.5703336809176225,0.034994161830571094,0.9650058381694289
4660,0.5704031977754606,0.034994161830571094,0.9650058381694289
4661,0.5704031977754606,0.03501158920200066,0.9649884107979994
4662,0.5704205769899201,0.03501158920200066,0.9649884107979994
4663,0.5704205769899201,0.03502901657343023,0.9649709834265697
4664,0.5705074730622176,0.03502901657343023,0.9649709834265697
4665,0.5705074730622176,0.0350464439448598,0.9649535560551402
4666,0.5705769899200556,0.0350464439448598,0.9649535560551402
4667,0.5706117483489747,0.0350464439448598,0.9649535560551402
4668,0.5706117483489747,0.035063871316289366,0.9649361286837106
4669,0.5706638859923532,0.035063871316289366,0.9649361286837106
4670,0.5706638859923532,0.035081298687718934,0.9649187013122811
4671,0.5706986444212722,0.035081298687718934,0.9649187013122811
4672,0.5706986444212722,0.035098726059148495,0.9649012739408515
4673,0.5709245742092457,0.035098726059148495,0.9649012739408515
4674,0.5709245742092457,0.03511615343057806,0.9648838465694219
4675,0.5710462287104623,0.03511615343057806,0.9648838465694219
4676,0.5710462287104623,0.0351510081734372,0.9648489918265628
4677,0.5711331247827598,0.0351510081734372,0.9648489918265628
4678,0.5711331247827598,0.03516843554486677,0.9648315644551332
4679,0.5712026416405979,0.03516843554486677,0.9648315644551332
4680,0.5712026416405979,0.035185862916296336,0.9648141370837037
4681,0.5712721584984358,0.035185862916296336,0.9648141370837037
4682,0.5712721584984358,0.035203290287725904,0.964796709712274
4683,0.5713242961418143,0.035203290287725904,0.964796709712274
4684,0.5713242961418143,0.03522071765915547,0.9647792823408445
4685,0.5713590545707334,0.03522071765915547,0.9647792823408445
4686,0.5713590545707334,0.03523814503058504,0.9647618549694149
4687,0.5714807090719499,0.03523814503058504,0.9647618549694149
4688,0.5714807090719499,0.0352555724020146,0.9647444275979854
4689,0.5714980882864095,0.0352555724020146,0.9647444275979854
4690,0.5714980882864095,0.03529042714487374,0.9647095728551263
4691,0.571515467500869,0.03529042714487374,0.9647095728551263
4692,0.571515467500869,0.035307854516303305,0.9646921454836968
4693,0.5715676051442474,0.035307854516303305,0.9646921454836968
4694,0.5715676051442474,0.03532528188773287,0.9646747181122671
4695,0.5716371220020855,0.03532528188773287,0.9646747181122671
4696,0.5716371220020855,0.03534270925916244,0.9646572907408375
4697,0.5717413972888425,0.03534270925916244,0.9646572907408375
4698,0.5717413972888425,0.03536013663059201,0.964639863369408
4699,0.5718978102189781,0.03536013663059201,0.964639863369408
4700,0.5718978102189781,0.03537756400202158,0.9646224359979785
4701,0.5720889815780327,0.03537756400202158,0.9646224359979785
4702,0.5720889815780327,0.035394991373451146,0.9646050086265489
4703,0.5723844282238443,0.035394991373451146,0.9646050086265489
4704,0.5723844282238443,0.03541241874488071,0.9645875812551193
4705,0.5724018074383038,0.03541241874488071,0.9645875812551193
4706,0.5724018074383038,0.035429846116310275,0.9645701538836897
4707,0.5724191866527633,0.035429846116310275,0.9645701538836897
4708,0.5724191866527633,0.03544727348773984,0.9645527265122602
4709,0.5725234619395203,0.03544727348773984,0.9645527265122602
4710,0.5725234619395203,0.03546470085916941,0.9645352991408306
4711,0.5726103580118178,0.03546470085916941,0.9645352991408306
4712,0.5726103580118178,0.03548212823059898,0.9645178717694011
4713,0.573062217587765,0.03548212823059898,0.9645178717694011
4714,0.573062217587765,0.03549955560202855,0.9645004443979714
4715,0.5733229058046576,0.03549955560202855,0.9645004443979714
4716,0.5733229058046576,0.03553441034488768,0.9644655896551123
4717,0.5733750434480361,0.03553441034488768,0.9644655896551123
4718,0.5733750434480361,0.03556926508774681,0.9644307349122532
4719,0.5734619395203336,0.03556926508774681,0.9644307349122532
4720,0.5734966979492527,0.03556926508774681,0.9644307349122532
4721,0.5735488355926313,0.03556926508774681,0.9644307349122532
4722,0.5735488355926313,0.03558669245917638,0.9644133075408237
4723,0.5736878693083073,0.03558669245917638,0.9644133075408237
4724,0.5736878693083073,0.03560411983060595,0.964395880169394
4725,0.5737747653806048,0.03560411983060595,0.964395880169394
4726,0.5737747653806048,0.03562154720203552,0.9643784527979645
4727,0.5744351755300661,0.03562154720203552,0.9643784527979645
4728,0.5744351755300661,0.035638974573465085,0.9643610254265349
4729,0.5745394508168231,0.035638974573465085,0.9643610254265349
4730,0.5745394508168231,0.03567382931632422,0.9643261706836758
4731,0.5745742092457421,0.03567382931632422,0.9643261706836758
4732,0.5745742092457421,0.03569125668775379,0.9643087433122463
4733,0.5748175182481752,0.03569125668775379,0.9643087433122463
4734,0.5748175182481752,0.03570868405918335,0.9642913159408166
4735,0.5748348974626347,0.03570868405918335,0.9642913159408166
4736,0.5748348974626347,0.03572611143061292,0.9642738885693871
4737,0.5749217935349322,0.03572611143061292,0.9642738885693871
4738,0.5749217935349322,0.035743538802042486,0.9642564611979575
4739,0.5751998609662843,0.035743538802042486,0.9642564611979575
4740,0.5751998609662843,0.035760966173472054,0.964239033826528
4741,0.5752693778241224,0.035760966173472054,0.964239033826528
4742,0.5752693778241224,0.03577839354490162,0.9642216064550984
4743,0.5754779283976365,0.03577839354490162,0.9642216064550984
4744,0.5754779283976365,0.03579582091633119,0.9642041790836688
4745,0.575564824469934,0.03579582091633119,0.9642041790836688
4746,0.575564824469934,0.03583067565919033,0.9641693243408097
4747,0.5755995828988529,0.03583067565919033,0.9641693243408097
4748,0.5755995828988529,0.035848103030619895,0.9641518969693801
4749,0.575808133472367,0.035848103030619895,0.9641518969693801
4750,0.575808133472367,0.035865530402049456,0.9641344695979506
4751,0.5759124087591241,0.035865530402049456,0.9641344695979506
4752,0.5759124087591241,0.035882957773479024,0.964117042226521
4753,0.5761035801181786,0.035882957773479024,0.964117042226521
4754,0.5761035801181786,0.03591781251633816,0.9640821874836618
4755,0.5761904761904761,0.03591781251633816,0.9640821874836618
4756,0.5761904761904761,0.03593523988776773,0.9640647601122323
4757,0.5762078554049357,0.03593523988776773,0.9640647601122323
4758,0.5762078554049357,0.035952667259197296,0.9640473327408027
4759,0.5762426138338547,0.035952667259197296,0.9640473327408027
4760,0.5762426138338547,0.035970094630626864,0.9640299053693732
4761,0.5762773722627738,0.035970094630626864,0.9640299053693732
4762,0.5762773722627738,0.03598752200205643,0.9640124779979435
4763,0.5763295099061523,0.03598752200205643,0.9640124779979435
4764,0.5763295099061523,0.036004949373486,0.963995050626514
4765,0.5763990267639902,0.036004949373486,0.963995050626514
4766,0.5763990267639902,0.03602237674491556,0.9639776232550844
4767,0.5764859228362877,0.03602237674491556,0.9639776232550844
4768,0.5764859228362877,0.03603980411634513,0.9639601958836549
4769,0.5765033020507473,0.03603980411634513,0.9639601958836549
4770,0.5765033020507473,0.0360572314877747,0.9639427685122253
4771,0.5765380604796663,0.0360572314877747,0.9639427685122253
4772,0.5765380604796663,0.036092086230633834,0.9639079137693661
4773,0.5766249565519639,0.036092086230633834,0.9639079137693661
4774,0.5766249565519639,0.0361095136020634,0.9638904863979366
4775,0.5768856447688564,0.0361095136020634,0.9638904863979366
4776,0.5768856447688564,0.03612694097349297,0.963873059026507
4777,0.5769030239833159,0.03612694097349297,0.963873059026507
4778,0.5769030239833159,0.03614436834492254,0.9638556316550775
4779,0.576972540841154,0.03614436834492254,0.9638556316550775
4780,0.576972540841154,0.0361617957163521,0.9638382042836479
4781,0.5771637122002086,0.0361617957163521,0.9638382042836479
4782,0.5771637122002086,0.03617922308778167,0.9638207769122183
4783,0.5772679874869656,0.03617922308778167,0.9638207769122183
4784,0.5772679874869656,0.036196650459211235,0.9638033495407887
4785,0.5774244004171012,0.036196650459211235,0.9638033495407887
4786,0.5774244004171012,0.0362140778306408,0.9637859221693592
4787,0.5775286757038582,0.0362140778306408,0.9637859221693592
4788,0.5775286757038582,0.03623150520207037,0.9637684947979296
4789,0.5775808133472367,0.03623150520207037,0.9637684947979296
4790,0.5775808133472367,0.03624893257349994,0.9637510674265001
4791,0.5776503302050747,0.03624893257349994,0.9637510674265001
4792,0.5776503302050747,0.03626635994492951,0.9637336400550705
4793,0.5777372262773722,0.03626635994492951,0.9637336400550705
4794,0.5777372262773722,0.036283787316359076,0.9637162126836409
4795,0.5777546054918318,0.036283787316359076,0.9637162126836409
4796,0.5777546054918318,0.036301214687788644,0.9636987853122113
4797,0.5779457768508863,0.036301214687788644,0.9636987853122113
4798,0.5779805352798053,0.036301214687788644,0.9636987853122113
4799,0.5782759819256169,0.036301214687788644,0.9636987853122113
4800,0.5782759819256169,0.036318642059218205,0.9636813579407818
4801,0.5783281195689954,0.036318642059218205,0.9636813579407818
4802,0.5783281195689954,0.03633606943064777,0.9636639305693522
4803,0.5783976364268335,0.03633606943064777,0.9636639305693522
4804,0.5783976364268335,0.03635349680207734,0.9636465031979227
4805,0.5785540493569691,0.03635349680207734,0.9636465031979227
4806,0.5785540493569691,0.03637092417350691,0.963629075826493
4807,0.5787278415015641,0.03637092417350691,0.963629075826493
4808,0.5787278415015641,0.03638835154493648,0.9636116484550635
4809,0.5787452207160236,0.03638835154493648,0.9636116484550635
4810,0.5787452207160236,0.036405778916366045,0.9635942210836339
4811,0.5788321167883211,0.036405778916366045,0.9635942210836339
4812,0.5788321167883211,0.03642320628779561,0.9635767937122044
4813,0.5789537712895377,0.03642320628779561,0.9635767937122044
4814,0.5789537712895377,0.03644063365922518,0.9635593663407748
4815,0.5790406673618352,0.03644063365922518,0.9635593663407748
4816,0.5790406673618352,0.03645806103065475,0.9635419389693453
4817,0.5791449426485923,0.03645806103065475,0.9635419389693453
4818,0.5791449426485923,0.03647548840208431,0.9635245115979156
4819,0.5792839763642683,0.03647548840208431,0.9635245115979156
4820,0.5792839763642683,0.03649291577351388,0.9635070842264861
4821,0.5793882516510254,0.03649291577351388,0.9635070842264861
4822,0.5793882516510254,0.036527770516373015,0.963472229483627
4823,0.5794925269377824,0.036527770516373015,0.963472229483627
4824,0.5794925269377824,0.03654519788780258,0.9634548021121974
4825,0.5795446645811609,0.03654519788780258,0.9634548021121974
4826,0.5795446645811609,0.03656262525923215,0.9634373747407678
4827,0.5800660410149461,0.03656262525923215,0.9634373747407678
4828,0.5800660410149461,0.03658005263066172,0.9634199473693383
4829,0.5801355578727841,0.03658005263066172,0.9634199473693383
4830,0.5801355578727841,0.03659748000209129,0.9634025199979087
4831,0.5802224539450817,0.03659748000209129,0.9634025199979087
4832,0.5802224539450817,0.036614907373520855,0.9633850926264791
4833,0.5804136253041362,0.036614907373520855,0.9633850926264791
4834,0.5804136253041362,0.036632334744950416,0.9633676652550496
4835,0.5804657629475147,0.036632334744950416,0.9633676652550496
4836,0.5804657629475147,0.03666718948780955,0.9633328105121904
4837,0.5805179005908933,0.03666718948780955,0.9633328105121904
4838,0.5805179005908933,0.03670204423066869,0.9632979557693313
4839,0.5806221758776503,0.03670204423066869,0.9632979557693313
4840,0.5806221758776503,0.036736898973527825,0.9632631010264722
4841,0.5808828640945429,0.036736898973527825,0.9632631010264722
4842,0.5808828640945429,0.03675432634495739,0.9632456736550427
4843,0.5809002433090025,0.03675432634495739,0.9632456736550427
4844,0.5809002433090025,0.03678918108781652,0.9632108189121835
4845,0.5809697601668404,0.03678918108781652,0.9632108189121835
4846,0.5809697601668404,0.03680660845924609,0.9631933915407539
4847,0.5810566562391379,0.03680660845924609,0.9631933915407539
4848,0.5810566562391379,0.03682403583067566,0.9631759641693244
4849,0.5810740354535975,0.03682403583067566,0.9631759641693244
4850,0.5810740354535975,0.036841463202105226,0.9631585367978948
4851,0.5811435523114356,0.036841463202105226,0.9631585367978948
4852,0.5811435523114356,0.036858890573534794,0.9631411094264652
4853,0.5812304483837331,0.036858890573534794,0.9631411094264652
4854,0.5812304483837331,0.03687631794496436,0.9631236820550356
4855,0.5814216197427876,0.03687631794496436,0.9631236820550356
4856,0.5814216197427876,0.03689374531639393,0.9631062546836061
4857,0.5815780326729232,0.03689374531639393,0.9631062546836061
4858,0.5815780326729232,0.0369111726878235,0.9630888273121765
4859,0.5820298922488704,0.0369111726878235,0.9630888273121765
4860,0.5820298922488704,0.03692860005925306,0.963071399940747
4861,0.5821689259645464,0.03692860005925306,0.963071399940747
4862,0.5821689259645464,0.03694602743068263,0.9630539725693174
4863,0.5823427181091415,0.03694602743068263,0.9630539725693174
4864,0.5823427181091415,0.036963454802112196,0.9630365451978878
4865,0.582603406326034,0.036963454802112196,0.9630365451978878
4866,0.582603406326034,0.036980882173541764,0.9630191178264582
4867,0.5826903023983316,0.036980882173541764,0.9630191178264582
4868,0.5826903023983316,0.03699830954497133,0.9630016904550287
4869,0.5829162321863052,0.03699830954497133,0.9630016904550287
4870,0.5829162321863052,0.0370157369164009,0.9629842630835991
4871,0.5829509906152242,0.0370157369164009,0.9629842630835991
4872,0.5830031282586027,0.0370157369164009,0.9629842630835991
4873,0.5830031282586027,0.03703316428783047,0.9629668357121696
4874,0.5830205074730622,0.03703316428783047,0.9629668357121696
4875,0.5830205074730622,0.037050591659260036,0.9629494083407399
4876,0.5830726451164407,0.037050591659260036,0.9629494083407399
4877,0.5830726451164407,0.037068019030689604,0.9629319809693104
4878,0.5830900243309003,0.037068019030689604,0.9629319809693104
4879,0.5830900243309003,0.037085446402119165,0.9629145535978808
4880,0.5831769204031978,0.037085446402119165,0.9629145535978808
4881,0.5831769204031978,0.0371203011449783,0.9628796988550217
4882,0.5832116788321168,0.0371203011449783,0.9628796988550217
4883,0.5832116788321168,0.03715515588783744,0.9628448441121625
4884,0.5832811956899548,0.03715515588783744,0.9628448441121625
4885,0.5832811956899548,0.037172583259267006,0.962827416740733
4886,0.5833159541188738,0.037172583259267006,0.962827416740733
4887,0.5833159541188738,0.037190010630696574,0.9628099893693034
4888,0.583489746263469,0.037190010630696574,0.9628099893693034
4889,0.583489746263469,0.03720743800212614,0.9627925619978739
4890,0.5835071254779284,0.03720743800212614,0.9627925619978739
4891,0.5835071254779284,0.03724229274498527,0.9627577072550147
4892,0.5835766423357664,0.03724229274498527,0.9627577072550147
4893,0.5835766423357664,0.03725972011641484,0.9627402798835851
4894,0.583872088981578,0.03725972011641484,0.9627402798835851
4895,0.583872088981578,0.03727714748784441,0.9627228525121556
4896,0.5838894681960375,0.03727714748784441,0.9627228525121556
4897,0.5838894681960375,0.037294574859273975,0.962705425140726
4898,0.583906847410497,0.037294574859273975,0.962705425140726
4899,0.583906847410497,0.03731200223070354,0.9626879977692965
4900,0.5840980187695516,0.03731200223070354,0.9626879977692965
4901,0.5840980187695516,0.03734685697356268,0.9626531430264373
4902,0.5842891901286061,0.03734685697356268,0.9626531430264373
4903,0.5842891901286061,0.03736428434499225,0.9626357156550077
4904,0.5844282238442823,0.03736428434499225,0.9626357156550077
4905,0.5844282238442823,0.03738171171642181,0.9626182882835782
4906,0.5845672575599583,0.03738171171642181,0.9626182882835782
4907,0.5845672575599583,0.03739913908785138,0.9626008609121486
4908,0.5853667014250956,0.03739913908785138,0.9626008609121486
4909,0.5853667014250956,0.037416566459280945,0.9625834335407191
4910,0.5855231143552312,0.037416566459280945,0.9625834335407191
4911,0.5855231143552312,0.03743399383071051,0.9625660061692894
4912,0.5855404935696906,0.03743399383071051,0.9625660061692894
4913,0.5855404935696906,0.03745142120214008,0.9625485787978599
4914,0.5857142857142857,0.03745142120214008,0.9625485787978599
4915,0.5857490441432047,0.03745142120214008,0.9625485787978599
4916,0.5857838025721237,0.03745142120214008,0.9625485787978599
4917,0.5857838025721237,0.03746884857356965,0.9625311514264303
4918,0.5858011817865832,0.03746884857356965,0.9625311514264303
4919,0.5858011817865832,0.037503703316428785,0.9624962966835712
4920,0.5858185610010428,0.037503703316428785,0.9624962966835712
4921,0.5858185610010428,0.03752113068785835,0.9624788693121417
4922,0.5858533194299618,0.03752113068785835,0.9624788693121417
4923,0.5858880778588808,0.03752113068785835,0.9624788693121417
4924,0.5859749739311783,0.03752113068785835,0.9624788693121417
4925,0.5859749739311783,0.037538558059287915,0.962461441940712
4926,0.5861313868613138,0.037538558059287915,0.962461441940712
4927,0.5861313868613138,0.03755598543071748,0.9624440145692825
4928,0.5862356621480709,0.03755598543071748,0.9624440145692825
4929,0.5862356621480709,0.03757341280214705,0.9624265871978529
4930,0.586513729579423,0.03757341280214705,0.9624265871978529
4931,0.586513729579423,0.03759084017357662,0.9624091598264234
4932,0.5865311087938825,0.03759084017357662,0.9624091598264234
4933,0.5865311087938825,0.03760826754500619,0.9623917324549938
4934,0.5865658672228016,0.03760826754500619,0.9623917324549938
4935,0.5865658672228016,0.037625694916435755,0.9623743050835643
4936,0.5866006256517206,0.037625694916435755,0.9623743050835643
4937,0.5866006256517206,0.03764312228786532,0.9623568777121346
4938,0.5868786930830726,0.03764312228786532,0.9623568777121346
4939,0.5868786930830726,0.03766054965929489,0.9623394503407051
4940,0.5870003475842892,0.03766054965929489,0.9623394503407051
4941,0.5870003475842892,0.03767797703072446,0.9623220229692755
4942,0.5870351060132082,0.03767797703072446,0.9623220229692755
4943,0.5870351060132082,0.037730259145013156,0.9622697408549868
4944,0.5870698644421272,0.037730259145013156,0.9622697408549868
4945,0.5870698644421272,0.037747686516442724,0.9622523134835572
4946,0.5871567605144248,0.037747686516442724,0.9622523134835572
4947,0.5871567605144248,0.03776511388787229,0.9622348861121277
4948,0.5871915189433438,0.03776511388787229,0.9622348861121277
4949,0.5871915189433438,0.03778254125930186,0.9622174587406982
4950,0.5872262773722627,0.03778254125930186,0.9622174587406982
4951,0.5872262773722627,0.03779996863073143,0.9622000313692686
4952,0.5872957942301008,0.03779996863073143,0.9622000313692686
4953,0.5872957942301008,0.037817396002161,0.962182603997839
4954,0.5873653110879389,0.037817396002161,0.962182603997839
4955,0.5873653110879389,0.037834823373590565,0.9621651766264094
4956,0.5874174487313173,0.037834823373590565,0.9621651766264094
4957,0.5874174487313173,0.037852250745020126,0.9621477492549799
4958,0.5875738616614529,0.037852250745020126,0.9621477492549799
4959,0.587608620090372,0.037852250745020126,0.9621477492549799
4960,0.5877997914494265,0.037852250745020126,0.9621477492549799
4961,0.5877997914494265,0.03788710548787926,0.9621128945121208
4962,0.587851929092805,0.03788710548787926,0.9621128945121208
4963,0.587851929092805,0.03790453285930883,0.9620954671406912
4964,0.5878693083072645,0.03790453285930883,0.9620954671406912
4965,0.5878693083072645,0.0379219602307384,0.9620780397692617
4966,0.5880257212374,0.0379219602307384,0.9620780397692617
4967,0.5880257212374,0.037939387602167966,0.962060612397832
4968,0.5880778588807786,0.037939387602167966,0.962060612397832
4969,0.5880778588807786,0.037956814973597534,0.9620431850264025
4970,0.5881647549530761,0.037956814973597534,0.9620431850264025
4971,0.5881995133819952,0.037956814973597534,0.9620431850264025
4972,0.5885123392422662,0.037956814973597534,0.9620431850264025
4973,0.5885123392422662,0.0379742423450271,0.9620257576549729
4974,0.5886339937434828,0.0379742423450271,0.9620257576549729
4975,0.5886339937434828,0.037991669716456664,0.9620083302835434
4976,0.5887035106013209,0.037991669716456664,0.9620083302835434
4977,0.5887035106013209,0.03800909708788623,0.9619909029121138
4978,0.5889989572471325,0.03800909708788623,0.9619909029121138
4979,0.5889989572471325,0.0380265244593158,0.9619734755406842
4980,0.5890684741049704,0.0380265244593158,0.9619734755406842
4981,0.5890684741049704,0.03804395183074537,0.9619560481692546
4982,0.589329162321863,0.03804395183074537,0.9619560481692546
4983,0.589329162321863,0.038061379202174936,0.9619386207978251
4984,0.5894681960375391,0.038061379202174936,0.9619386207978251
4985,0.5894681960375391,0.038078806573604504,0.9619211934263955
4986,0.5897288842544317,0.038078806573604504,0.9619211934263955
4987,0.5897288842544317,0.03809623394503407,0.961903766054966
4988,0.5897984011122698,0.03809623394503407,0.961903766054966
4989,0.5897984011122698,0.03811366131646364,0.9618863386835363
4990,0.5898157803267292,0.03811366131646364,0.9618863386835363
4991,0.5898157803267292,0.03813108868789321,0.9618689113121068
4992,0.5899200556134863,0.03813108868789321,0.9618689113121068
4993,0.5899200556134863,0.03814851605932277,0.9618514839406772
4994,0.5903371567605145,0.03814851605932277,0.9618514839406772
4995,0.5903371567605145,0.03816594343075234,0.9618340565692477
4996,0.5903719151894334,0.03816594343075234,0.9618340565692477
4997,0.5903719151894334,0.038200798173611474,0.9617992018263886
4998,0.590389294403893,0.038200798173611474,0.9617992018263886
4999,0.590389294403893,0.03821822554504104,0.9617817744549589
5000,0.5907542579075425,0.03821822554504104,0.9617817744549589
5001,0.5907542579075425,0.03823565291647061,0.9617643470835294
5002,0.5908237747653806,0.03823565291647061,0.9617643470835294
5003,0.5908237747653806,0.03825308028790018,0.9617469197120998
5004,0.5908585331942996,0.03825308028790018,0.9617469197120998
5005,0.5908585331942996,0.038270507659329746,0.9617294923406703
5006,0.5909975669099756,0.038270507659329746,0.9617294923406703
5007,0.5910149461244352,0.038287935030759314,0.9617120649692407
5008,0.5911192214111922,0.038287935030759314,0.9617120649692407
5009,0.5911192214111922,0.03832278977361844,0.9616772102263815
5010,0.5911713590545707,0.03832278977361844,0.9616772102263815
5011,0.5911713590545707,0.03834021714504801,0.961659782854952
5012,0.5913625304136253,0.03834021714504801,0.961659782854952
5013,0.5913625304136253,0.03835764451647758,0.9616423554835224
5014,0.5914146680570038,0.03835764451647758,0.9616423554835224
5015,0.5914146680570038,0.03837507188790715,0.9616249281120929
5016,0.5914320472714634,0.03837507188790715,0.9616249281120929
5017,0.5914320472714634,0.038392499259336715,0.9616075007406633
5018,0.5917796315606535,0.038392499259336715,0.9616075007406633
5019,0.5917796315606535,0.03840992663076628,0.9615900733692337
5020,0.5919360444907891,0.03840992663076628,0.9615900733692337
5021,0.5919360444907891,0.03842735400219585,0.9615726459978041
5022,0.592040319777546,0.03842735400219585,0.9615726459978041
5023,0.592040319777546,0.03846220874505498,0.961537791254945
5024,0.5922141119221411,0.03846220874505498,0.961537791254945
5025,0.5922141119221411,0.03847963611648455,0.9615203638835155
5026,0.5923357664233576,0.03847963611648455,0.9615203638835155
5027,0.5923357664233576,0.03849706348791412,0.9615029365120858
5028,0.5923531456378172,0.03849706348791412,0.9615029365120858
5029,0.5923879040667361,0.03849706348791412,0.9615029365120858
5030,0.5924574209245742,0.03849706348791412,0.9615029365120858
5031,0.5924574209245742,0.038514490859343685,0.9614855091406563
5032,0.5925443169968717,0.038514490859343685,0.9614855091406563
5033,0.5925443169968717,0.03853191823077325,0.9614680817692267
5034,0.5929961765728189,0.03853191823077325,0.9614680817692267
5035,0.5930309350017379,0.03853191823077325,0.9614680817692267
5036,0.593065693430657,0.03853191823077325,0.9614680817692267
5037,0.593065693430657,0.03854934560220282,0.9614506543977972
5038,0.5935175530066041,0.03854934560220282,0.9614506543977972
5039,0.5935175530066041,0.03856677297363239,0.9614332270263676
5040,0.5935349322210636,0.03856677297363239,0.9614332270263676
5041,0.5935349322210636,0.03858420034506196,0.9614157996549381
5042,0.5936739659367397,0.03858420034506196,0.9614157996549381
5043,0.5936739659367397,0.038619055087921086,0.9613809449120789
5044,0.5937087243656587,0.038619055087921086,0.9613809449120789
5045,0.5937087243656587,0.038636482459350655,0.9613635175406493
5046,0.5939172749391728,0.038636482459350655,0.9613635175406493
5047,0.5939172749391728,0.03865390983078022,0.9613460901692198
5048,0.5939867917970107,0.03865390983078022,0.9613460901692198
5049,0.5939867917970107,0.03867133720220979,0.9613286627977902
5050,0.5941432047271463,0.03867133720220979,0.9613286627977902
5051,0.5941432047271463,0.03868876457363936,0.9613112354263607
5052,0.5941605839416059,0.03868876457363936,0.9613112354263607
5053,0.5941605839416059,0.03870619194506893,0.961293808054931
5054,0.5942301007994438,0.03870619194506893,0.961293808054931
5055,0.5942301007994438,0.038723619316498495,0.9612763806835015
5056,0.5942822384428224,0.038723619316498495,0.9612763806835015
5057,0.5942822384428224,0.03874104668792806,0.9612589533120719
5058,0.5942996176572819,0.03874104668792806,0.9612589533120719
5059,0.5942996176572819,0.03879332880221676,0.9612066711977832
5060,0.5943169968717414,0.03879332880221676,0.9612066711977832
5061,0.5943169968717414,0.03881075617364633,0.9611892438263536
5062,0.594403892944039,0.03881075617364633,0.9611892438263536
5063,0.594403892944039,0.038828183545075896,0.9611718164549241
5064,0.5947514772332291,0.038828183545075896,0.9611718164549241
5065,0.5947514772332291,0.038845610916505464,0.9611543890834945
5066,0.594786235662148,0.038845610916505464,0.9611543890834945
5067,0.594786235662148,0.03886303828793503,0.961136961712065
5068,0.5949947862356622,0.03886303828793503,0.961136961712065
5069,0.5949947862356622,0.0388804656593646,0.9611195343406354
5070,0.5951511991657977,0.0388804656593646,0.9611195343406354
5071,0.5951511991657977,0.03889789303079417,0.9611021069692058
5072,0.5953076120959333,0.03889789303079417,0.9611021069692058
5073,0.5953076120959333,0.038950175145082866,0.9610498248549171
5074,0.5953945081682308,0.038950175145082866,0.9610498248549171
5075,0.5953945081682308,0.038967602516512434,0.9610323974834876
5076,0.5954987834549879,0.038967602516512434,0.9610323974834876
5077,0.5954987834549879,0.038985029887942,0.961014970112058
5078,0.5955161626694473,0.038985029887942,0.961014970112058
5079,0.5955161626694473,0.03900245725937157,0.9609975427406284
5080,0.5955856795272854,0.03900245725937157,0.9609975427406284
5081,0.5956030587417449,0.03901988463080114,0.9609801153691988
5082,0.5957420924574209,0.03901988463080114,0.9609801153691988
5083,0.5957420924574209,0.039037312002230706,0.9609626879977693
5084,0.5957768508863399,0.039037312002230706,0.9609626879977693
5085,0.5957768508863399,0.03905473937366027,0.9609452606263398
5086,0.5959158846020159,0.03905473937366027,0.9609452606263398
5087,0.5959158846020159,0.039072166745089836,0.9609278332549102
5088,0.5962287104622871,0.039072166745089836,0.9609278332549102
5089,0.5962634688912061,0.039072166745089836,0.9609278332549102
5090,0.5963329857490441,0.039072166745089836,0.9609278332549102
5091,0.5963329857490441,0.039089594116519404,0.9609104058834806
5092,0.5963503649635037,0.03910702148794897,0.960892978512051
5093,0.5965415363225582,0.03910702148794897,0.960892978512051
5094,0.5965415363225582,0.03912444885937854,0.9608755511406215
5095,0.5965762947514772,0.03912444885937854,0.9608755511406215
5096,0.5965762947514772,0.03914187623080811,0.9608581237691919
5097,0.5965936739659368,0.03914187623080811,0.9608581237691919
5098,0.5965936739659368,0.039159303602237676,0.9608406963977624
5099,0.5966110531803962,0.039159303602237676,0.9608406963977624
5100,0.5966110531803962,0.039176730973667244,0.9608232690263327
5101,0.5966805700382343,0.039176730973667244,0.9608232690263327
5102,0.5966805700382343,0.03919415834509681,0.9608058416549032
5103,0.5969064998262078,0.03919415834509681,0.9608058416549032
5104,0.5969064998262078,0.03921158571652637,0.9607884142834736
5105,0.5970107751129649,0.03921158571652637,0.9607884142834736
5106,0.5970107751129649,0.03922901308795594,0.9607709869120441
5107,0.5970281543274244,0.03922901308795594,0.9607709869120441
5108,0.5970281543274244,0.03924644045938551,0.9607535595406145
5109,0.5973757386166145,0.03924644045938551,0.9607535595406145
5110,0.5973757386166145,0.03926386783081508,0.960736132169185
5111,0.5974452554744526,0.03926386783081508,0.960736132169185
5112,0.5974452554744526,0.039281295202244645,0.9607187047977553
5113,0.5975147723322906,0.039281295202244645,0.9607187047977553
5114,0.5975147723322906,0.039298722573674214,0.9607012774263258
5115,0.5977059436913451,0.039298722573674214,0.9607012774263258
5116,0.5977059436913451,0.03931614994510378,0.9606838500548962
5117,0.5978971150503998,0.03931614994510378,0.9606838500548962
5118,0.5978971150503998,0.03933357731653335,0.9606664226834667
5119,0.5981404240528329,0.03933357731653335,0.9606664226834667
5120,0.5981404240528329,0.03935100468796292,0.9606489953120371
5121,0.5984706291275634,0.03935100468796292,0.9606489953120371
5122,0.5984706291275634,0.03938585943082205,0.9606141405691779
5123,0.5990093847758081,0.03938585943082205,0.9606141405691779
5124,0.5990093847758081,0.039403286802251615,0.9605967131977484
5125,0.5991831769204032,0.039403286802251615,0.9605967131977484
5126,0.5991831769204032,0.03942071417368118,0.9605792858263188
5127,0.5993048314216197,0.03942071417368118,0.9605792858263188
5128,0.5993048314216197,0.03943814154511075,0.9605618584548893
5129,0.5994091067083768,0.03943814154511075,0.9605618584548893
5130,0.5994091067083768,0.03947299628796989,0.9605270037120301
5131,0.5994960027806743,0.03947299628796989,0.9605270037120301
5132,0.5994960027806743,0.039490423659399455,0.9605095763406005
5133,0.5995828988529719,0.039490423659399455,0.9605095763406005
5134,0.5995828988529719,0.03950785103082902,0.960492148969171
5135,0.5997393117831074,0.03950785103082902,0.960492148969171
5136,0.5997393117831074,0.03956013314511772,0.9604398668548823
5137,0.5998088286409454,0.03956013314511772,0.9604398668548823
5138,0.5998088286409454,0.03957756051654729,0.9604224394834527
5139,0.6004344803614876,0.03957756051654729,0.9604224394834527
5140,0.6004344803614876,0.03959498788797686,0.9604050121120231
5141,0.6005039972193257,0.03959498788797686,0.9604050121120231
5142,0.6005387556482447,0.03959498788797686,0.9604050121120231
5143,0.6006604101494613,0.03959498788797686,0.9604050121120231
5144,0.6006604101494613,0.039612415259406425,0.9603875847405936
5145,0.6006777893639208,0.039612415259406425,0.9603875847405936
5146,0.6006777893639208,0.03962984263083599,0.960370157369164
5147,0.6007299270072993,0.03962984263083599,0.960370157369164
5148,0.6007299270072993,0.03964727000226556,0.9603527299977345
5149,0.6009558567952729,0.03964727000226556,0.9603527299977345
5150,0.6009558567952729,0.03966469737369512,0.9603353026263048
5151,0.6009732360097324,0.03966469737369512,0.9603353026263048
5152,0.6009732360097324,0.03968212474512469,0.9603178752548753
5153,0.6010079944386514,0.03968212474512469,0.9603178752548753
5154,0.6010079944386514,0.03969955211655426,0.9603004478834457
5155,0.6010775112964895,0.03969955211655426,0.9603004478834457
5156,0.6010775112964895,0.03975183423084296,0.9602481657691571
5157,0.6011470281543274,0.03975183423084296,0.9602481657691571
5158,0.6011470281543274,0.03976926160227253,0.9602307383977274
5159,0.601268682655544,0.03976926160227253,0.9602307383977274
5160,0.601268682655544,0.0397866889737021,0.9602133110262979
5161,0.601303441084463,0.0397866889737021,0.9602133110262979
5162,0.601303441084463,0.03980411634513167,0.9601958836548683
5163,0.6013903371567605,0.03980411634513167,0.9601958836548683
5164,0.6013903371567605,0.03982154371656123,0.9601784562834388
5165,0.6014598540145986,0.03982154371656123,0.9601784562834388
5166,0.6014598540145986,0.039838971087990796,0.9601610289120092
5167,0.6017900590893291,0.039838971087990796,0.9601610289120092
5168,0.6017900590893291,0.039856398459420364,0.9601436015405796
5169,0.6018943343760862,0.039856398459420364,0.9601436015405796
5170,0.6018943343760862,0.03990868057370907,0.9600913194262909
5171,0.6020333680917622,0.03990868057370907,0.9600913194262909
5172,0.6020681265206813,0.03990868057370907,0.9600913194262909
5173,0.6021376433785193,0.03990868057370907,0.9600913194262909
5174,0.6021376433785193,0.039926107945138636,0.9600738920548614
5175,0.6021897810218978,0.039926107945138636,0.9600738920548614
5176,0.6021897810218978,0.039943535316568204,0.9600564646834318
5177,0.6022940563086548,0.039943535316568204,0.9600564646834318
5178,0.6022940563086548,0.03996096268799777,0.9600390373120022
5179,0.6023809523809524,0.03996096268799777,0.9600390373120022
5180,0.6023809523809524,0.0399958174308569,0.9600041825691431
5181,0.6024852276677094,0.0399958174308569,0.9600041825691431
5182,0.6024852276677094,0.04003067217371604,0.959969327826284
5183,0.602502606882169,0.04003067217371604,0.959969327826284
5184,0.602502606882169,0.040048099545145606,0.9599519004548543
5185,0.6026242613833854,0.040048099545145606,0.9599519004548543
5186,0.6026242613833854,0.040065526916575174,0.9599344730834248
5187,0.6027980535279805,0.040065526916575174,0.9599344730834248
5188,0.6027980535279805,0.04008295428800474,0.9599170457119952
5189,0.6029892248870351,0.04008295428800474,0.9599170457119952
5190,0.6029892248870351,0.04011780903086388,0.9598821909691361
5191,0.6030066041014946,0.04011780903086388,0.9598821909691361
5192,0.6030066041014946,0.04015266377372301,0.9598473362262769
5193,0.6031630170316302,0.04015266377372301,0.9598473362262769
5194,0.6031630170316302,0.040170091145152576,0.9598299088548474
5195,0.6032151546750086,0.040170091145152576,0.9598299088548474
5196,0.6032151546750086,0.040187518516582144,0.9598124814834179
5197,0.6032672923183872,0.040187518516582144,0.9598124814834179
5198,0.6032672923183872,0.04022237325944128,0.9597776267405587
5199,0.6033368091762252,0.04022237325944128,0.9597776267405587
5200,0.6033368091762252,0.04023980063087085,0.9597601993691292
5201,0.6034063260340633,0.04023980063087085,0.9597601993691292
5202,0.6034063260340633,0.040257228002300416,0.9597427719976996
5203,0.6034584636774418,0.040257228002300416,0.9597427719976996
5204,0.6034584636774418,0.04027465537372998,0.95972534462627
5205,0.6036322558220368,0.04027465537372998,0.95972534462627
5206,0.6036322558220368,0.040292082745159545,0.9597079172548405
5207,0.6036670142509558,0.040292082745159545,0.9597079172548405
5208,0.6036843934654154,0.04030951011658911,0.9596904898834109
5209,0.603945081682308,0.04030951011658911,0.9596904898834109
5210,0.603945081682308,0.04032693748801868,0.9596730625119814
5211,0.6039972193256865,0.04032693748801868,0.9596730625119814
5212,0.6039972193256865,0.04034436485944825,0.9596556351405517
5213,0.6041362530413625,0.04034436485944825,0.9596556351405517
5214,0.6041362530413625,0.04036179223087782,0.9596382077691222
5215,0.60422314911366,0.04036179223087782,0.9596382077691222
5216,0.60422314911366,0.040396646973736954,0.9596033530262631
5217,0.6043100451859575,0.040396646973736954,0.9596033530262631
5218,0.6043100451859575,0.04041407434516652,0.9595859256548335
5219,0.6043274244004171,0.04041407434516652,0.9595859256548335
5220,0.6043274244004171,0.04043150171659608,0.959568498283404
5221,0.6043448036148766,0.04043150171659608,0.959568498283404
5222,0.6043448036148766,0.04044892908802565,0.9595510709119743
5223,0.6043969412582552,0.04044892908802565,0.9595510709119743
5224,0.6043969412582552,0.04046635645945522,0.9595336435405448
5225,0.6045359749739312,0.04046635645945522,0.9595336435405448
5226,0.6045359749739312,0.04048378383088479,0.9595162161691152
5227,0.6046228710462287,0.04048378383088479,0.9595162161691152
5228,0.6046228710462287,0.04051863857374392,0.9594813614262561
5229,0.6046750086896072,0.04051863857374392,0.9594813614262561
5230,0.6046750086896072,0.04053606594517349,0.9594639340548266
5231,0.6047097671185262,0.04053606594517349,0.9594639340548266
5232,0.6047097671185262,0.04057092068803263,0.9594290793119674
5233,0.6048314216197428,0.04057092068803263,0.9594290793119674
5234,0.6048314216197428,0.04058834805946219,0.9594116519405378
5235,0.6049704553354188,0.04058834805946219,0.9594116519405378
5236,0.6049704553354188,0.040605775430891757,0.9593942245691083
5237,0.6049878345498784,0.040605775430891757,0.9593942245691083
5238,0.6049878345498784,0.040623202802321325,0.9593767971976787
5239,0.6051616266944734,0.040623202802321325,0.9593767971976787
5240,0.6051616266944734,0.04065805754518046,0.9593419424548195
5241,0.6051963851233925,0.04065805754518046,0.9593419424548195
5242,0.6051963851233925,0.04067548491661003,0.95932451508339
5243,0.6055439694125826,0.04067548491661003,0.95932451508339
5244,0.6055439694125826,0.0406929122880396,0.9593070877119604
5245,0.6056308654848801,0.0406929122880396,0.9593070877119604
5246,0.6056308654848801,0.04072776703089873,0.9592722329691012
5247,0.6056482446993396,0.04072776703089873,0.9592722329691012
5248,0.6056482446993396,0.040745194402328294,0.9592548055976717
5249,0.6057525199860966,0.040745194402328294,0.9592548055976717
5250,0.6057525199860966,0.04076262177375786,0.9592373782262421
5251,0.6059436913451512,0.04076262177375786,0.9592373782262421
5252,0.6059436913451512,0.04078004914518743,0.9592199508548126
5253,0.6059784497740702,0.04078004914518743,0.9592199508548126
5254,0.6059784497740702,0.040814903888046566,0.9591850961119535
5255,0.6061522419186652,0.040814903888046566,0.9591850961119535
5256,0.6061522419186652,0.040832331259476135,0.9591676687405238
5257,0.6061870003475843,0.040832331259476135,0.9591676687405238
5258,0.6061870003475843,0.0408497586309057,0.9591502413690943
5259,0.6062043795620438,0.0408497586309057,0.9591502413690943
5260,0.6062043795620438,0.04086718600233527,0.9591328139976647
5261,0.6062738964198818,0.04086718600233527,0.9591328139976647
5262,0.6062738964198818,0.04088461337376483,0.9591153866262352
5263,0.6063607924921793,0.04088461337376483,0.9591153866262352
5264,0.6063955509210983,0.04088461337376483,0.9591153866262352
5265,0.6064303093500174,0.04088461337376483,0.9591153866262352
5266,0.6064303093500174,0.04091946811662397,0.959080531883376
5267,0.606586722280153,0.04091946811662397,0.959080531883376
5268,0.606586722280153,0.04097175023091267,0.9590282497690873
5269,0.6066562391379909,0.04097175023091267,0.9590282497690873
5270,0.6066562391379909,0.04098917760234224,0.9590108223976578
5271,0.606899548140424,0.04098917760234224,0.9590108223976578
5272,0.606899548140424,0.041024032345201376,0.9589759676547986
5273,0.6069169273548836,0.041024032345201376,0.9589759676547986
5274,0.6069169273548836,0.04104145971663094,0.958958540283369
5275,0.6069690649982621,0.04104145971663094,0.958958540283369
5276,0.6069690649982621,0.041076314459490074,0.9589236855405099
5277,0.6070907194994786,0.041076314459490074,0.9589236855405099
5278,0.6070907194994786,0.04109374183091964,0.9589062581690804
5279,0.6071080987139381,0.04109374183091964,0.9589062581690804
5280,0.6071080987139381,0.04111116920234921,0.9588888307976507
5281,0.6071949947862356,0.04111116920234921,0.9588888307976507
5282,0.6071949947862356,0.04112859657377878,0.9588714034262212
5283,0.6072297532151547,0.04112859657377878,0.9588714034262212
5284,0.6072297532151547,0.041146023945208346,0.9588539760547916
5285,0.6072471324296141,0.041146023945208346,0.9588539760547916
5286,0.6072471324296141,0.041163451316637914,0.9588365486833621
5287,0.6075773375043448,0.041163451316637914,0.9588365486833621
5288,0.6075773375043448,0.04118087868806748,0.9588191213119325
5289,0.6076989920055613,0.04118087868806748,0.9588191213119325
5290,0.6076989920055613,0.04119830605949704,0.958801693940503
5291,0.6077163712200209,0.04119830605949704,0.958801693940503
5292,0.6077163712200209,0.04121573343092661,0.9587842665690733
5293,0.6077511296489398,0.04121573343092661,0.9587842665690733
5294,0.6077511296489398,0.04125058817378575,0.9587494118262142
5295,0.6078206465067779,0.04125058817378575,0.9587494118262142
5296,0.6078206465067779,0.041268015545215316,0.9587319844547847
5297,0.6078901633646159,0.041268015545215316,0.9587319844547847
5298,0.6078901633646159,0.04130287028807445,0.9586971297119256
5299,0.607924921793535,0.04130287028807445,0.9586971297119256
5300,0.607924921793535,0.04133772503093358,0.9586622749690664
5301,0.6081856100104275,0.04133772503093358,0.9586622749690664
5302,0.6081856100104275,0.04135515240236315,0.9586448475976368
5303,0.6082203684393466,0.04135515240236315,0.9586448475976368
5304,0.6082203684393466,0.04137257977379272,0.9586274202262073
5305,0.6082551268682655,0.04137257977379272,0.9586274202262073
5306,0.6086027111574557,0.04137257977379272,0.9586274202262073
5307,0.6086027111574557,0.041390007145222285,0.9586099928547778
5308,0.6086896072297532,0.041390007145222285,0.9586099928547778
5309,0.6086896072297532,0.04140743451665185,0.9585925654833481
5310,0.6087417448731317,0.04140743451665185,0.9585925654833481
5311,0.6087417448731317,0.04142486188808142,0.9585751381119185
5312,0.6088286409454292,0.04142486188808142,0.9585751381119185
5313,0.6088286409454292,0.04144228925951099,0.958557710740489
5314,0.6089155370177268,0.04144228925951099,0.958557710740489
5315,0.6089155370177268,0.041477144002370125,0.9585228559976299
5316,0.6089502954466458,0.041477144002370125,0.9585228559976299
5317,0.6089502954466458,0.04149457137379969,0.9585054286262004
5318,0.6089676746611054,0.04149457137379969,0.9585054286262004
5319,0.6089676746611054,0.041511998745229255,0.9584880012547707
5320,0.6091588460201599,0.041511998745229255,0.9584880012547707
5321,0.6091936044490789,0.041511998745229255,0.9584880012547707
5322,0.6092978797358359,0.041511998745229255,0.9584880012547707
5323,0.6093326381647549,0.041511998745229255,0.9584880012547707
5324,0.6094542926659715,0.041511998745229255,0.9584880012547707
5325,0.6094542926659715,0.04152942611665882,0.9584705738833412
5326,0.60950643030935,0.04152942611665882,0.9584705738833412
5327,0.60950643030935,0.04154685348808839,0.9584531465119116
5328,0.6098713938129997,0.04154685348808839,0.9584531465119116
5329,0.6098713938129997,0.04156428085951796,0.9584357191404821
5330,0.6099756690997566,0.04156428085951796,0.9584357191404821
5331,0.6099756690997566,0.04158170823094753,0.9584182917690525
5332,0.6100625651720543,0.04158170823094753,0.9584182917690525
5333,0.6100625651720543,0.041599135602377095,0.958400864397623
5334,0.6100973236009732,0.041599135602377095,0.958400864397623
5335,0.6100973236009732,0.04161656297380666,0.9583834370261933
5336,0.6101668404588113,0.04161656297380666,0.9583834370261933
5337,0.6101668404588113,0.04163399034523623,0.9583660096547638
5338,0.6102537365311088,0.04163399034523623,0.9583660096547638
5339,0.6102537365311088,0.04165141771666579,0.9583485822833342
5340,0.6106882168925964,0.04165141771666579,0.9583485822833342
5341,0.6106882168925964,0.04166884508809536,0.9583311549119047
5342,0.6107229753215154,0.04166884508809536,0.9583311549119047
5343,0.6107229753215154,0.04168627245952493,0.9583137275404751
5344,0.610844629822732,0.04168627245952493,0.9583137275404751
5345,0.610844629822732,0.041703699830954497,0.9582963001690455
5346,0.610879388251651,0.041703699830954497,0.9582963001690455
5347,0.610879388251651,0.041721127202384065,0.9582788727976159
5348,0.610983663538408,0.041721127202384065,0.9582788727976159
5349,0.610983663538408,0.04173855457381363,0.9582614454261864
5350,0.6110705596107056,0.04173855457381363,0.9582614454261864
5351,0.6110705596107056,0.0417559819452432,0.9582440180547568
5352,0.6111226972540841,0.0417559819452432,0.9582440180547568
5353,0.6111226972540841,0.04177340931667277,0.9582265906833273
5354,0.6112269725408411,0.04177340931667277,0.9582265906833273
5355,0.6112617309697602,0.04177340931667277,0.9582265906833273
5356,0.6112617309697602,0.04179083668810234,0.9582091633118976
5357,0.6113486270420577,0.04179083668810234,0.9582091633118976
5358,0.6113486270420577,0.0418082640595319,0.9581917359404681
5359,0.6114181438998957,0.0418082640595319,0.9581917359404681
5360,0.6114181438998957,0.041825691430961466,0.9581743085690385
5361,0.6115919360444908,0.041825691430961466,0.9581743085690385
5362,0.6115919360444908,0.041843118802391034,0.958156881197609
5363,0.6117309697601668,0.041843118802391034,0.958156881197609
5364,0.6117309697601668,0.0418605461738206,0.9581394538261794
5365,0.6117831074035454,0.0418605461738206,0.9581394538261794
5366,0.6118178658324643,0.0418605461738206,0.9581394538261794
5367,0.6120264164059784,0.0418605461738206,0.9581394538261794
5368,0.6120264164059784,0.04187797354525017,0.9581220264547499
5369,0.6122002085505736,0.04187797354525017,0.9581220264547499
5370,0.6122002085505736,0.04189540091667974,0.9581045990833202
5371,0.6125304136253041,0.04189540091667974,0.9581045990833202
5372,0.6125304136253041,0.041912828288109306,0.9580871717118907
5373,0.6126346889120612,0.041912828288109306,0.9580871717118907
5374,0.6126346889120612,0.041930255659538875,0.9580697443404611
5375,0.6127215849843587,0.041930255659538875,0.9580697443404611
5376,0.6127215849843587,0.041947683030968436,0.9580523169690316
5377,0.6128779979144943,0.041947683030968436,0.9580523169690316
5378,0.6128779979144943,0.041965110402398004,0.958034889597602
5379,0.6130170316301703,0.041965110402398004,0.958034889597602
5380,0.6130170316301703,0.04198253777382757,0.9580174622261725
5381,0.6130517900590893,0.04198253777382757,0.9580174622261725
5382,0.6130517900590893,0.04201739251668671,0.9579826074833133
5383,0.6130691692735488,0.04201739251668671,0.9579826074833133
5384,0.6130691692735488,0.042034819888116276,0.9579651801118837
5385,0.613347236704901,0.042034819888116276,0.9579651801118837
5386,0.613347236704901,0.04206967463097541,0.9579303253690246
5387,0.6134515119916579,0.04206967463097541,0.9579303253690246
5388,0.6134515119916579,0.04208710200240498,0.957912897997595
5389,0.6138338547097671,0.04208710200240498,0.957912897997595
5390,0.6138338547097671,0.04210452937383454,0.9578954706261654
5391,0.6139555092109836,0.04210452937383454,0.9578954706261654
5392,0.6139555092109836,0.04212195674526411,0.9578780432547359
5393,0.6140597844977407,0.04212195674526411,0.9578780432547359
5394,0.6140597844977407,0.042174238859552814,0.9578257611404472
5395,0.6141466805700382,0.042174238859552814,0.9578257611404472
5396,0.6141466805700382,0.04220909360241195,0.957790906397588
5397,0.6141640597844977,0.04220909360241195,0.957790906397588
5398,0.6141640597844977,0.04222652097384152,0.9577734790261585
5399,0.6141814389989573,0.04222652097384152,0.9577734790261585
5400,0.6141814389989573,0.042243948345271086,0.9577560516547289
5401,0.6142683350712548,0.042243948345271086,0.9577560516547289
5402,0.6142683350712548,0.04226137571670065,0.9577386242832994
5403,0.6143030935001738,0.04226137571670065,0.9577386242832994
5404,0.6143378519290928,0.04226137571670065,0.9577386242832994
5405,0.6144595064303093,0.04226137571670065,0.9577386242832994
5406,0.6144595064303093,0.042278803088130215,0.9577211969118697
5407,0.6145116440736879,0.042278803088130215,0.9577211969118697
5408,0.6145116440736879,0.04229623045955978,0.9577037695404402
5409,0.6145290232881474,0.04229623045955978,0.9577037695404402
5410,0.6145290232881474,0.04233108520241892,0.9576689147975811
5411,0.6145985401459854,0.04233108520241892,0.9576689147975811
5412,0.6145985401459854,0.04234851257384849,0.9576514874261515
5413,0.61478971150504,0.04234851257384849,0.9576514874261515
5414,0.614824469933959,0.04234851257384849,0.9576514874261515
5415,0.614893986791797,0.04234851257384849,0.9576514874261515
5416,0.614893986791797,0.042365939945278056,0.957634060054722
5417,0.6149113660062565,0.042365939945278056,0.957634060054722
5418,0.6149113660062565,0.04240079468813719,0.9575992053118628
5419,0.6149461244351755,0.04240079468813719,0.9575992053118628
5420,0.6149461244351755,0.04241822205956675,0.9575817779404332
5421,0.6154153632255822,0.04241822205956675,0.9575817779404332
5422,0.6154327424400418,0.04243564943099632,0.9575643505690037
5423,0.6155196385123393,0.04243564943099632,0.9575643505690037
5424,0.6155196385123393,0.04245307680242589,0.9575469231975741
5425,0.6155891553701772,0.04245307680242589,0.9575469231975741
5426,0.6155891553701772,0.04247050417385546,0.9575294958261445
5427,0.6156586722280153,0.04247050417385546,0.9575294958261445
5428,0.6156586722280153,0.042487931545285025,0.9575120684547149
5429,0.6158150851581509,0.042487931545285025,0.9575120684547149
5430,0.6158150851581509,0.04250535891671459,0.9574946410832854
5431,0.6158498435870698,0.04250535891671459,0.9574946410832854
5432,0.6158498435870698,0.04252278628814416,0.9574772137118558
5433,0.6160062565172054,0.04252278628814416,0.9574772137118558
5434,0.6160062565172054,0.04254021365957373,0.9574597863404263
5435,0.616162669447341,0.04254021365957373,0.9574597863404263
5436,0.616162669447341,0.04255764103100329,0.9574423589689967
5437,0.6161800486618005,0.04255764103100329,0.9574423589689967
5438,0.6161800486618005,0.04257506840243286,0.9574249315975671
5439,0.616232186305179,0.04257506840243286,0.9574249315975671
5440,0.616232186305179,0.04259249577386243,0.9574075042261376
5441,0.616266944734098,0.04259249577386243,0.9574075042261376
5442,0.616266944734098,0.042609923145291995,0.957390076854708
5443,0.616301703163017,0.042609923145291995,0.957390076854708
5444,0.616301703163017,0.04262735051672156,0.9573726494832784
5445,0.6163538408063955,0.04262735051672156,0.9573726494832784
5446,0.6163538408063955,0.04264477788815113,0.9573552221118489
5447,0.6165623913799096,0.04264477788815113,0.9573552221118489
5448,0.6165623913799096,0.04267963263101027,0.9573203673689897
5449,0.6165797705943691,0.04267963263101027,0.9573203673689897
5450,0.6165797705943691,0.042714487373869396,0.9572855126261306
5451,0.6167188043100452,0.042714487373869396,0.9572855126261306
5452,0.6167188043100452,0.0427667694881581,0.957233230511842
5453,0.6168230795968023,0.0427667694881581,0.957233230511842
5454,0.6168230795968023,0.04278419685958767,0.9572158031404123
5455,0.6168752172401808,0.04278419685958767,0.9572158031404123
5456,0.6168752172401808,0.042801624231017237,0.9571983757689828
5457,0.6169099756690998,0.042801624231017237,0.9571983757689828
5458,0.6169099756690998,0.042819051602446805,0.9571809483975532
5459,0.6170837678136948,0.042819051602446805,0.9571809483975532
5460,0.6170837678136948,0.04283647897387637,0.9571635210261237
5461,0.6171185262426139,0.04283647897387637,0.9571635210261237
5462,0.6171185262426139,0.04285390634530594,0.957146093654694
5463,0.6172749391727493,0.04285390634530594,0.957146093654694
5464,0.6172749391727493,0.0428713337167355,0.9571286662832645
5465,0.6173965936739659,0.0428713337167355,0.9571286662832645
5466,0.6173965936739659,0.04288876108816507,0.9571112389118349
5467,0.617466110531804,0.04288876108816507,0.9571112389118349
5468,0.617466110531804,0.04290618845959464,0.9570938115404054
5469,0.617500868960723,0.04290618845959464,0.9570938115404054
5470,0.617500868960723,0.042923615831024206,0.9570763841689758
5471,0.6175530066041015,0.042923615831024206,0.9570763841689758
5472,0.6175530066041015,0.042941043202453774,0.9570589567975463
5473,0.6177441779631561,0.042941043202453774,0.9570589567975463
5474,0.6177441779631561,0.04295847057388334,0.9570415294261166
5475,0.617778936392075,0.04295847057388334,0.9570415294261166
5476,0.617778936392075,0.04297589794531291,0.9570241020546871
5477,0.6178136948209941,0.04297589794531291,0.9570241020546871
5478,0.6178136948209941,0.04299332531674248,0.9570066746832575
5479,0.6180048661800487,0.04299332531674248,0.9570066746832575
5480,0.6180048661800487,0.043010752688172046,0.956989247311828
5481,0.6180917622523462,0.043010752688172046,0.956989247311828
5482,0.6180917622523462,0.043045607431031176,0.9569543925689689
5483,0.6182134167535628,0.043045607431031176,0.9569543925689689
5484,0.6182134167535628,0.043063034802460744,0.9569369651975392
5485,0.6182481751824818,0.043063034802460744,0.9569369651975392
5486,0.6182481751824818,0.04308046217389031,0.9569195378261097
5487,0.6184219673270768,0.04308046217389031,0.9569195378261097
5488,0.6184219673270768,0.04311531691674945,0.9568846830832506
5489,0.6184393465415363,0.04311531691674945,0.9568846830832506
5490,0.6184393465415363,0.043132744288179016,0.956867255711821
5491,0.6184741049704553,0.043132744288179016,0.956867255711821
5492,0.6184914841849148,0.043150171659608584,0.9568498283403915
5493,0.6185436218282934,0.043150171659608584,0.9568498283403915
5494,0.6185436218282934,0.043167599031038145,0.9568324009689618
5495,0.6186305179005909,0.043167599031038145,0.9568324009689618
5496,0.6186305179005909,0.04320245377389728,0.9567975462261027
5497,0.6187521724018075,0.04320245377389728,0.9567975462261027
5498,0.6187521724018075,0.043272163259615554,0.9567278367403844
5499,0.6187869308307264,0.043272163259615554,0.9567278367403844
5500,0.6187869308307264,0.04328959063104512,0.9567104093689549
5501,0.618839068474105,0.04328959063104512,0.9567104093689549
5502,0.618839068474105,0.04330701800247469,0.9566929819975253
5503,0.6189954814042405,0.04330701800247469,0.9566929819975253
5504,0.6189954814042405,0.04334187274533382,0.9566581272546661
5505,0.6190476190476191,0.04334187274533382,0.9566581272546661
5506,0.6190476190476191,0.043376727488192955,0.956623272511807
5507,0.6193430656934307,0.043376727488192955,0.956623272511807
5508,0.6193430656934307,0.04339415485962252,0.9566058451403775
5509,0.6195516162669448,0.04339415485962252,0.9566058451403775
5510,0.6195516162669448,0.04341158223105209,0.9565884177689479
5511,0.6198644421272158,0.04341158223105209,0.9565884177689479
5512,0.6198644421272158,0.04342900960248166,0.9565709903975184
5513,0.6198818213416754,0.04342900960248166,0.9565709903975184
5514,0.6198818213416754,0.04344643697391123,0.9565535630260887
5515,0.6203684393465415,0.04344643697391123,0.9565535630260887
5516,0.6203684393465415,0.04348129171677036,0.9565187082832296
5517,0.6204031977754606,0.04348129171677036,0.9565187082832296
5518,0.6204031977754606,0.043498719088199925,0.9565012809118001
5519,0.6205074730622175,0.043498719088199925,0.9565012809118001
5520,0.6205074730622175,0.04351614645962949,0.9564838535403705
5521,0.6205596107055961,0.04351614645962949,0.9564838535403705
5522,0.6205596107055961,0.04353357383105906,0.956466426168941
5523,0.6210462287104623,0.04353357383105906,0.956466426168941
5524,0.6210462287104623,0.04355100120248863,0.9564489987975113
5525,0.6212200208550573,0.04355100120248863,0.9564489987975113
5526,0.6212200208550573,0.043585855945347765,0.9564141440546522
5527,0.6212374000695169,0.043585855945347765,0.9564141440546522
5528,0.6212374000695169,0.04360328331677733,0.9563967166832227
5529,0.6212721584984359,0.04360328331677733,0.9563967166832227
5530,0.6212721584984359,0.043620710688206894,0.9563792893117931
5531,0.6213938129996525,0.043620710688206894,0.9563792893117931
5532,0.6213938129996525,0.04363813805963646,0.9563618619403635
5533,0.6215328467153285,0.04363813805963646,0.9563618619403635
5534,0.6215328467153285,0.04365556543106603,0.9563444345689339
5535,0.6215502259297879,0.04365556543106603,0.9563444345689339
5536,0.6215502259297879,0.0436729928024956,0.9563270071975044
5537,0.6216718804310045,0.0436729928024956,0.9563270071975044
5538,0.6216718804310045,0.043707847545354735,0.9562921524546453
5539,0.6216892596454641,0.043707847545354735,0.9562921524546453
5540,0.6216892596454641,0.0437252749167843,0.9562747250832156
5541,0.6217935349322211,0.0437252749167843,0.9562747250832156
5542,0.6217935349322211,0.04374270228821387,0.9562572977117861
5543,0.6219151894334376,0.04374270228821387,0.9562572977117861
5544,0.6219151894334376,0.04376012965964344,0.9562398703403565
5545,0.6219325686478971,0.04376012965964344,0.9562398703403565
5546,0.6219325686478971,0.043777557031073,0.956222442968927
5547,0.6219673270768161,0.043777557031073,0.956222442968927
5548,0.6219673270768161,0.04379498440250257,0.9562050155974975
5549,0.6220194647201946,0.04379498440250257,0.9562050155974975
5550,0.6220194647201946,0.043829839145361704,0.9561701608546382
5551,0.6220889815780327,0.043829839145361704,0.9561701608546382
5552,0.6220889815780327,0.04384726651679127,0.9561527334832087
5553,0.6222801529370873,0.04384726651679127,0.9561527334832087
5554,0.6222801529370873,0.04386469388822084,0.9561353061117792
5555,0.6223149113660063,0.04386469388822084,0.9561353061117792
5556,0.6223149113660063,0.04388212125965041,0.9561178787403496
5557,0.6223844282238443,0.04388212125965041,0.9561178787403496
5558,0.6223844282238443,0.043899548631079977,0.95610045136892
5559,0.6224191866527633,0.043899548631079977,0.95610045136892
5560,0.6225234619395204,0.043899548631079977,0.95610045136892
5561,0.6225234619395204,0.043916976002509545,0.9560830239974905
5562,0.6225582203684393,0.043916976002509545,0.9560830239974905
5563,0.6225582203684393,0.043934403373939106,0.9560655966260609
5564,0.6228362877997915,0.043934403373939106,0.9560655966260609
5565,0.6228362877997915,0.043951830745368674,0.9560481692546313
5566,0.622957942301008,0.043951830745368674,0.9560481692546313
5567,0.622957942301008,0.04396925811679824,0.9560307418832018
5568,0.623096976016684,0.04396925811679824,0.9560307418832018
5569,0.623096976016684,0.04398668548822781,0.9560133145117722
5570,0.6231664928745221,0.04398668548822781,0.9560133145117722
5571,0.6231664928745221,0.04400411285965738,0.9559958871403427
5572,0.6232707681612791,0.04400411285965738,0.9559958871403427
5573,0.6232707681612791,0.044021540231086946,0.955978459768913
5574,0.6233229058046577,0.044021540231086946,0.955978459768913
5575,0.6233229058046577,0.044038967602516514,0.9559610323974835
5576,0.6234619395203337,0.044038967602516514,0.9559610323974835
5577,0.6234619395203337,0.04405639497394608,0.9559436050260539
5578,0.6234966979492527,0.04405639497394608,0.9559436050260539
5579,0.6234966979492527,0.04407382234537565,0.9559261776546244
5580,0.6236357316649287,0.04407382234537565,0.9559261776546244
5581,0.6236357316649287,0.04409124971680521,0.9559087502831948
5582,0.6237573861661453,0.04409124971680521,0.9559087502831948
5583,0.6237573861661453,0.04410867708823478,0.9558913229117653
5584,0.6237747653806048,0.04410867708823478,0.9558913229117653
5585,0.6237747653806048,0.04412610445966435,0.9558738955403356
5586,0.6237921445950643,0.04412610445966435,0.9558738955403356
5587,0.6237921445950643,0.044143531831093916,0.9558564681689061
5588,0.6238095238095238,0.044143531831093916,0.9558564681689061
5589,0.6238095238095238,0.044160959202523484,0.9558390407974765
5590,0.6239485575251998,0.044160959202523484,0.9558390407974765
5591,0.6239485575251998,0.04417838657395305,0.955821613426047
5592,0.6240528328119569,0.04417838657395305,0.955821613426047
5593,0.6240528328119569,0.04419581394538262,0.9558041860546174
5594,0.6241397288842544,0.04419581394538262,0.9558041860546174
5595,0.6241397288842544,0.04423066868824175,0.9557693313117582
5596,0.6241918665276329,0.04423066868824175,0.9557693313117582
5597,0.6241918665276329,0.044265523431100885,0.9557344765688991
5598,0.6243135210288495,0.044265523431100885,0.9557344765688991
5599,0.6243135210288495,0.04428295080253045,0.9557170491974696
5600,0.624330900243309,0.04428295080253045,0.9557170491974696
5601,0.624330900243309,0.04430037817396002,0.95569962182604
5602,0.6243482794577685,0.04430037817396002,0.95569962182604
5603,0.6243482794577685,0.04431780554538959,0.9556821944546104
5604,0.6244873131734445,0.04431780554538959,0.9556821944546104
5605,0.6244873131734445,0.044352660288248726,0.9556473397117513
5606,0.6246263468891207,0.044352660288248726,0.9556473397117513
5607,0.6246263468891207,0.044370087659678294,0.9556299123403217
5608,0.6247480013903371,0.044370087659678294,0.9556299123403217
5609,0.6247480013903371,0.044387515031107855,0.9556124849688922
5610,0.6249044143204727,0.044387515031107855,0.9556124849688922
5611,0.6249044143204727,0.04440494240253742,0.9555950575974625
5612,0.6249565519638512,0.04440494240253742,0.9555950575974625
5613,0.6249565519638512,0.04442236977396699,0.955577630226033
5614,0.6250782064650677,0.04442236977396699,0.955577630226033
5615,0.6250782064650677,0.04443979714539656,0.9555602028546034
5616,0.6251824817518248,0.04443979714539656,0.9555602028546034
5617,0.6251824817518248,0.04445722451682613,0.9555427754831739
5618,0.6253215154675009,0.04445722451682613,0.9555427754831739
5619,0.6253562738964199,0.04445722451682613,0.9555427754831739
5620,0.6253736531108793,0.04445722451682613,0.9555427754831739
5621,0.6253736531108793,0.044474651888255695,0.9555253481117443
5622,0.6254084115397984,0.044474651888255695,0.9555253481117443
5623,0.6254084115397984,0.04449207925968526,0.9555079207403148
5624,0.625460549183177,0.04449207925968526,0.9555079207403148
5625,0.625460549183177,0.04450950663111483,0.9554904933688851
5626,0.6255822036843934,0.04450950663111483,0.9554904933688851
5627,0.6255822036843934,0.0445269340025444,0.9554730659974556
5628,0.625634341327772,0.0445269340025444,0.9554730659974556
5629,0.625634341327772,0.04454436137397396,0.955455638626026
5630,0.625669099756691,0.04454436137397396,0.955455638626026
5631,0.625669099756691,0.04456178874540353,0.9554382112545965
5632,0.6257212374000695,0.04456178874540353,0.9554382112545965
5633,0.6257559958289886,0.04456178874540353,0.9554382112545965
5634,0.625773375043448,0.04456178874540353,0.9554382112545965
5635,0.625773375043448,0.0445792161168331,0.9554207838831669
5636,0.6259297879735836,0.0445792161168331,0.9554207838831669
5637,0.6259297879735836,0.04461407085969223,0.9553859291403077
5638,0.6259645464025027,0.04461407085969223,0.9553859291403077
5639,0.6259645464025027,0.0446314982311218,0.9553685017688782
5640,0.6263295099061522,0.0446314982311218,0.9553685017688782
5641,0.6263295099061522,0.04464892560255137,0.9553510743974486
5642,0.6264511644073688,0.04464892560255137,0.9553510743974486
5643,0.6264511644073688,0.04466635297398094,0.9553336470260191
5644,0.6265033020507473,0.04466635297398094,0.9553336470260191
5645,0.6265033020507473,0.044683780345410505,0.9553162196545895
5646,0.6265554396941259,0.044683780345410505,0.9553162196545895
5647,0.6265901981230448,0.044683780345410505,0.9553162196545895
5648,0.6268508863399375,0.044683780345410505,0.9553162196545895
5649,0.6268508863399375,0.044701207716840066,0.95529879228316
5650,0.6268856447688564,0.044701207716840066,0.95529879228316
5651,0.6268856447688564,0.044718635088269634,0.9552813649117303
5652,0.6270594369134516,0.044718635088269634,0.9552813649117303
5653,0.6270594369134516,0.0447360624596992,0.9552639375403008
5654,0.62711157455683,0.0447360624596992,0.9552639375403008
5655,0.62711157455683,0.04475348983112877,0.9552465101688712
5656,0.6271463329857491,0.04475348983112877,0.9552465101688712
5657,0.6271463329857491,0.04477091720255834,0.9552290827974417
5658,0.6273722627737226,0.04477091720255834,0.9552290827974417
5659,0.6273722627737226,0.04478834457398791,0.955211655426012
5660,0.6274070212026417,0.04478834457398791,0.955211655426012
5661,0.6274070212026417,0.044805771945417475,0.9551942280545825
5662,0.6274591588460202,0.044805771945417475,0.9551942280545825
5663,0.6274591588460202,0.04482319931684704,0.9551768006831529
5664,0.6275112964893986,0.04482319931684704,0.9551768006831529
5665,0.6275460549183177,0.04482319931684704,0.9551768006831529
5666,0.6277372262773723,0.04482319931684704,0.9551768006831529
5667,0.6277372262773723,0.04485805405970617,0.9551419459402938
5668,0.6278588807785888,0.04485805405970617,0.9551419459402938
5669,0.6278588807785888,0.04487548143113574,0.9551245185688643
5670,0.6278762599930483,0.04487548143113574,0.9551245185688643
5671,0.6278762599930483,0.04489290880256531,0.9551070911974346
5672,0.6279110184219673,0.04489290880256531,0.9551070911974346
5673,0.6279110184219673,0.04494519091685401,0.955054809083146
5674,0.6279805352798054,0.04494519091685401,0.955054809083146
5675,0.6279805352798054,0.04496261828828358,0.9550373817117164
5676,0.628102189781022,0.04496261828828358,0.9550373817117164
5677,0.628102189781022,0.04499747303114271,0.9550025269688573
5678,0.6282586027111574,0.04499747303114271,0.9550025269688573
5679,0.6282586027111574,0.04501490040257228,0.9549850995974277
5680,0.6283107403545359,0.04501490040257228,0.9549850995974277
5681,0.6283107403545359,0.045032327774001846,0.9549676722259981
5682,0.6283281195689955,0.045032327774001846,0.9549676722259981
5683,0.6283281195689955,0.045049755145431414,0.9549502448545686
5684,0.628484532499131,0.045049755145431414,0.9549502448545686
5685,0.628484532499131,0.04508460988829055,0.9549153901117095
5686,0.6286757038581856,0.04508460988829055,0.9549153901117095
5687,0.6286757038581856,0.04510203725972012,0.9548979627402798
5688,0.6287973583594022,0.04510203725972012,0.9548979627402798
5689,0.6287973583594022,0.045119464631149686,0.9548805353688503
5690,0.6289711505039972,0.045119464631149686,0.9548805353688503
5691,0.6289711505039972,0.045136892002579254,0.9548631079974208
5692,0.6290232881473757,0.045136892002579254,0.9548631079974208
5693,0.6290232881473757,0.045154319374008815,0.9548456806259912
5694,0.6293361140076469,0.045154319374008815,0.9548456806259912
5695,0.6293361140076469,0.04517174674543838,0.9548282532545617
5696,0.6293534932221063,0.04517174674543838,0.9548282532545617
5697,0.6293534932221063,0.04518917411686795,0.954810825883132
5698,0.6293708724365659,0.04518917411686795,0.954810825883132
5699,0.6293708724365659,0.04520660148829752,0.9547933985117025
5700,0.6294230100799444,0.04520660148829752,0.9547933985117025
5701,0.6294230100799444,0.04522402885972709,0.9547759711402729
5702,0.6294925269377825,0.04522402885972709,0.9547759711402729
5703,0.6294925269377825,0.045258883602586224,0.9547411163974138
5704,0.6299270072992701,0.045258883602586224,0.9547411163974138
5705,0.6299270072992701,0.04529373834544536,0.9547062616545546
5706,0.6301876955161627,0.04529373834544536,0.9547062616545546
5707,0.6301876955161627,0.04531116571687492,0.9546888342831251
5708,0.6302919708029197,0.04531116571687492,0.9546888342831251
5709,0.6302919708029197,0.04532859308830449,0.9546714069116955
5710,0.6303093500173792,0.04532859308830449,0.9546714069116955
5711,0.6303093500173792,0.04534602045973406,0.954653979540266
5712,0.6304136253041362,0.04534602045973406,0.954653979540266
5713,0.6304136253041362,0.045363447831163625,0.9546365521688364
5714,0.6307438303788668,0.045363447831163625,0.9546365521688364
5715,0.6307438303788668,0.04538087520259319,0.9546191247974068
5716,0.6308481056656239,0.04538087520259319,0.9546191247974068
5717,0.6308481056656239,0.04539830257402276,0.9546016974259772
5718,0.630917622523462,0.04539830257402276,0.9546016974259772
5719,0.630917622523462,0.0454331573168819,0.9545668426831181
5720,0.6310392770246784,0.0454331573168819,0.9545668426831181
5721,0.6310392770246784,0.04546801205974103,0.954531987940259
5722,0.6310740354535975,0.04546801205974103,0.954531987940259
5723,0.6310740354535975,0.045485439431170595,0.9545145605688294
5724,0.6312825860271116,0.045485439431170595,0.9545145605688294
5725,0.6312825860271116,0.04552029417402973,0.9544797058259703
5726,0.63133472367049,0.04552029417402973,0.9544797058259703
5727,0.63133472367049,0.0455377215454593,0.9544622784545407
5728,0.6314216197427877,0.0455377215454593,0.9544622784545407
5729,0.6314216197427877,0.04555514891688887,0.9544448510831112
5730,0.6314389989572471,0.04555514891688887,0.9544448510831112
5731,0.6314389989572471,0.045572576288318435,0.9544274237116815
5732,0.6314911366006256,0.045572576288318435,0.9544274237116815
5733,0.6314911366006256,0.045590003659748,0.954409996340252
5734,0.6315258950295447,0.045590003659748,0.954409996340252
5735,0.6315258950295447,0.045607431031177564,0.9543925689688224
5736,0.6316127911018422,0.045607431031177564,0.9543925689688224
5737,0.6316127911018422,0.0456422857740367,0.9543577142259633
5738,0.6317692040319778,0.0456422857740367,0.9543577142259633
5739,0.6317692040319778,0.04565971314546627,0.9543402868545338
5740,0.6317865832464372,0.04565971314546627,0.9543402868545338
5741,0.6317865832464372,0.045694567888325405,0.9543054321116746
5742,0.6319603753910323,0.045694567888325405,0.9543054321116746
5743,0.6319951338199513,0.045694567888325405,0.9543054321116746
5744,0.6320994091067084,0.045694567888325405,0.9543054321116746
5745,0.6320994091067084,0.04571199525975497,0.954288004740245
5746,0.632221063607925,0.04571199525975497,0.954288004740245
5747,0.632221063607925,0.04572942263118454,0.9542705773688155
5748,0.632360097323601,0.04572942263118454,0.9542705773688155
5749,0.63239485575252,0.04572942263118454,0.9542705773688155
5750,0.6324469933958985,0.04572942263118454,0.9542705773688155
5751,0.6324469933958985,0.045816559488332374,0.9541834405116676
5752,0.632464372610358,0.045816559488332374,0.9541834405116676
5753,0.632464372610358,0.04583398685976194,0.9541660131402381
5754,0.632533889468196,0.04583398685976194,0.9541660131402381
5755,0.632533889468196,0.04585141423119151,0.9541485857688085
5756,0.6328293361140076,0.04585141423119151,0.9541485857688085
5757,0.6328293361140076,0.04586884160262108,0.9541311583973789
5758,0.6328467153284671,0.04586884160262108,0.9541311583973789
5759,0.6328467153284671,0.04588626897405065,0.9541137310259493
5760,0.6328640945429267,0.04588626897405065,0.9541137310259493
5761,0.6328640945429267,0.045921123716909776,0.9540788762830902
5762,0.6330205074730623,0.045921123716909776,0.9540788762830902
5763,0.6330205074730623,0.04597340583119848,0.9540265941688015
5764,0.6331247827598192,0.04597340583119848,0.9540265941688015
5765,0.6331247827598192,0.04599083320262805,0.9540091667973719
5766,0.6331942996176573,0.04599083320262805,0.9540091667973719
5767,0.6331942996176573,0.046008260574057616,0.9539917394259424
5768,0.6332985749044143,0.046008260574057616,0.9539917394259424
5769,0.6332985749044143,0.046025687945487184,0.9539743120545128
5770,0.6333507125477928,0.046025687945487184,0.9539743120545128
5771,0.6333507125477928,0.04604311531691675,0.9539568846830833
5772,0.6334376086200904,0.04604311531691675,0.9539568846830833
5773,0.6334376086200904,0.04606054268834631,0.9539394573116536
5774,0.6334723670490093,0.04606054268834631,0.9539394573116536
5775,0.6334723670490093,0.04609539743120545,0.9539046025687945
5776,0.6336809176225234,0.04609539743120545,0.9539046025687945
5777,0.6336809176225234,0.046130252174064586,0.9538697478259354
5778,0.633698296836983,0.046130252174064586,0.9538697478259354
5779,0.633698296836983,0.046147679545494154,0.9538523204545059
5780,0.63380257212374,0.046147679545494154,0.9538523204545059
5781,0.63380257212374,0.04619996165978286,0.9538000383402171
5782,0.6339416058394161,0.04619996165978286,0.9538000383402171
5783,0.633976364268335,0.04619996165978286,0.9538000383402171
5784,0.6339937434827946,0.04619996165978286,0.9538000383402171
5785,0.6339937434827946,0.04621738903121242,0.9537826109687876
5786,0.6340980187695516,0.04621738903121242,0.9537826109687876
5787,0.6340980187695516,0.04623481640264199,0.953765183597358
5788,0.6341327771984706,0.04623481640264199,0.953765183597358
5789,0.6341327771984706,0.046252243774071555,0.9537477562259284
5790,0.6341501564129302,0.046252243774071555,0.9537477562259284
5791,0.6341501564129302,0.04626967114550112,0.9537303288544989
5792,0.6343760862009037,0.04626967114550112,0.9537303288544989
5793,0.6343760862009037,0.04628709851693069,0.9537129014830693
5794,0.6347062912756344,0.04628709851693069,0.9537129014830693
5795,0.6347062912756344,0.04630452588836026,0.9536954741116397
5796,0.6347410497045534,0.04630452588836026,0.9536954741116397
5797,0.6347410497045534,0.046339380631219396,0.9536606193687807
5798,0.6348105665623914,0.046339380631219396,0.9536606193687807
5799,0.6348105665623914,0.046356808002648964,0.953643191997351
5800,0.6348279457768509,0.046356808002648964,0.953643191997351
5801,0.6348279457768509,0.04640909011693766,0.9535909098830624
5802,0.6348453249913104,0.04640909011693766,0.9535909098830624
5803,0.6348453249913104,0.04642651748836723,0.9535734825116328
5804,0.6349148418491484,0.04642651748836723,0.9535734825116328
5805,0.6349148418491484,0.0464439448597968,0.9535560551402033
5806,0.6349843587069864,0.0464439448597968,0.9535560551402033
5807,0.6349843587069864,0.046461372231226365,0.9535386277687736
5808,0.6350191171359054,0.046461372231226365,0.9535386277687736
5809,0.6350538755648245,0.046461372231226365,0.9535386277687736
5810,0.6350538755648245,0.04647879960265593,0.9535212003973441
5811,0.6351233924226625,0.04647879960265593,0.9535212003973441
5812,0.6351233924226625,0.04651365434551506,0.953486345654485
5813,0.6351929092805005,0.04651365434551506,0.953486345654485
5814,0.6351929092805005,0.04653108171694463,0.9534689182830554
5815,0.6352276677094195,0.04653108171694463,0.9534689182830554
5816,0.6352276677094195,0.0465485090883742,0.9534514909116258
5817,0.6354188390684741,0.0465485090883742,0.9534514909116258
5818,0.6354188390684741,0.04656593645980377,0.9534340635401962
5819,0.6355057351407717,0.04656593645980377,0.9534340635401962
5820,0.6355057351407717,0.046583363831233335,0.9534166361687667
5821,0.6356100104275286,0.046583363831233335,0.9534166361687667
5822,0.6356100104275286,0.0466007912026629,0.9533992087973371
5823,0.6356447688564477,0.0466007912026629,0.9533992087973371
5824,0.6356447688564477,0.04661821857409247,0.9533817814259076
5825,0.6356621480709072,0.04661821857409247,0.9533817814259076
5826,0.6356621480709072,0.04663564594552204,0.953364354054478
5827,0.6357490441432048,0.04663564594552204,0.953364354054478
5828,0.6357490441432048,0.04665307331695161,0.9533469266830484
5829,0.6357664233576642,0.04665307331695161,0.9533469266830484
5830,0.6357664233576642,0.04667050068838117,0.9533294993116188
5831,0.6358706986444213,0.04667050068838117,0.9533294993116188
5832,0.6358706986444213,0.046687928059810736,0.9533120719401893
5833,0.6359575947167188,0.046687928059810736,0.9533120719401893
5834,0.6359575947167188,0.046705355431240304,0.9532946445687597
5835,0.6360444907890164,0.046705355431240304,0.9532946445687597
5836,0.6360444907890164,0.04672278280266987,0.9532772171973302
5837,0.6360618700034758,0.04672278280266987,0.9532772171973302
5838,0.6360618700034758,0.04675763754552901,0.953242362454471
5839,0.6361140076468543,0.04675763754552901,0.953242362454471
5840,0.6361140076468543,0.046792492288388145,0.9532075077116119
5841,0.6361835245046924,0.046792492288388145,0.9532075077116119
5842,0.6361835245046924,0.04680991965981771,0.9531900803401823
5843,0.636200903719152,0.04680991965981771,0.9531900803401823
5844,0.636200903719152,0.04684477440267684,0.9531552255973231
5845,0.6362182829336114,0.04684477440267684,0.9531552255973231
5846,0.6362182829336114,0.04686220177410641,0.9531377982258936
5847,0.6362356621480709,0.04686220177410641,0.9531377982258936
5848,0.6362356621480709,0.04687962914553598,0.953120370854464
5849,0.6362704205769899,0.04687962914553598,0.953120370854464
5850,0.6362704205769899,0.046897056516965546,0.9531029434830345
5851,0.6364268335071255,0.046897056516965546,0.9531029434830345
5852,0.6364268335071255,0.046914483888395114,0.9530855161116049
5853,0.636478971150504,0.046914483888395114,0.9530855161116049
5854,0.636478971150504,0.04693191125982468,0.9530680887401753
5855,0.6365484880083421,0.04693191125982468,0.9530680887401753
5856,0.6365484880083421,0.04694933863125425,0.9530506613687457
5857,0.6366701425095586,0.04694933863125425,0.9530506613687457
5858,0.6367049009384775,0.04694933863125425,0.9530506613687457
5859,0.6367744177963156,0.04694933863125425,0.9530506613687457
5860,0.6367744177963156,0.04696676600268382,0.9530332339973162
5861,0.6368265554396941,0.04696676600268382,0.9530332339973162
5862,0.6368265554396941,0.04698419337411338,0.9530158066258866
5863,0.6370177267987487,0.04698419337411338,0.9530158066258866
5864,0.6370177267987487,0.04700162074554295,0.9529983792544571
5865,0.6370872436565868,0.04700162074554295,0.9529983792544571
5866,0.6370872436565868,0.047019048116972516,0.9529809518830274
5867,0.6371046228710462,0.047019048116972516,0.9529809518830274
5868,0.6371046228710462,0.047036475488402084,0.9529635245115979
5869,0.6371741397288843,0.047036475488402084,0.9529635245115979
5870,0.6371741397288843,0.04708875760269079,0.9529112423973092
5871,0.6372262773722628,0.04708875760269079,0.9529112423973092
5872,0.6372262773722628,0.047106184974120356,0.9528938150258797
5873,0.6372436565867223,0.047106184974120356,0.9528938150258797
5874,0.6372436565867223,0.04712361234554992,0.95287638765445
5875,0.6373131734445603,0.04712361234554992,0.95287638765445
5876,0.6373131734445603,0.04715846708840905,0.9528415329115909
5877,0.6373479318734793,0.04715846708840905,0.9528415329115909
5878,0.6373479318734793,0.04717589445983862,0.9528241055401614
5879,0.6374000695168578,0.04717589445983862,0.9528241055401614
5880,0.6374000695168578,0.04719332183126819,0.9528066781687318
5881,0.6374695863746959,0.04719332183126819,0.9528066781687318
5882,0.6374695863746959,0.04721074920269776,0.9527892507973023
5883,0.6377476538060479,0.04721074920269776,0.9527892507973023
5884,0.6377476538060479,0.047228176574127326,0.9527718234258726
5885,0.637851929092805,0.047228176574127326,0.9527718234258726
5886,0.637851929092805,0.047245603945556894,0.9527543960544431
5887,0.6379040667361835,0.047245603945556894,0.9527543960544431
5888,0.6379040667361835,0.04726303131698646,0.9527369686830135
5889,0.637921445950643,0.04726303131698646,0.9527369686830135
5890,0.637921445950643,0.04728045868841602,0.952719541311584
5891,0.6379388251651026,0.04728045868841602,0.952719541311584
5892,0.6379388251651026,0.04731531343127516,0.9526846865687248
5893,0.6381995133819951,0.04731531343127516,0.9526846865687248
5894,0.6381995133819951,0.047350168174134295,0.9526498318258657
5895,0.6383037886687521,0.047350168174134295,0.9526498318258657
5896,0.6383037886687521,0.04736759554556386,0.9526324044544361
5897,0.6384428223844282,0.04736759554556386,0.9526324044544361
5898,0.6384428223844282,0.047402450288423,0.952597549711577
5899,0.6384602015988877,0.047402450288423,0.952597549711577
5900,0.6384775808133473,0.04741987765985257,0.9525801223401474
5901,0.6384775808133473,0.04743730503128213,0.9525626949687178
5902,0.6385123392422662,0.04743730503128213,0.9525626949687178
5903,0.6385123392422662,0.0474547324027117,0.9525452675972883
5904,0.6385818561001043,0.0474547324027117,0.9525452675972883
5905,0.6385818561001043,0.047472159774141265,0.9525278402258588
5906,0.6386166145290233,0.047472159774141265,0.9525278402258588
5907,0.6386166145290233,0.04748958714557083,0.9525104128544292
5908,0.6386339937434828,0.04748958714557083,0.9525104128544292
5909,0.6386339937434828,0.0475070145170004,0.9524929854829995
5910,0.6389468196037539,0.0475070145170004,0.9524929854829995
5911,0.6389468196037539,0.04752444188842997,0.95247555811157
5912,0.639016336461592,0.04752444188842997,0.95247555811157
5913,0.639016336461592,0.04754186925985954,0.9524581307401405
5914,0.6390510948905109,0.04754186925985954,0.9524581307401405
5915,0.6390510948905109,0.04762900611700737,0.9523709938829926
5916,0.6392770246784846,0.04762900611700737,0.9523709938829926
5917,0.6392770246784846,0.04766386085986651,0.9523361391401335
5918,0.639294403892944,0.04766386085986651,0.9523361391401335
5919,0.639294403892944,0.047681288231296075,0.952318711768704
5920,0.6394160583941606,0.047681288231296075,0.952318711768704
5921,0.6394160583941606,0.04769871560272564,0.9523012843972744
5922,0.6397462634688912,0.04769871560272564,0.9523012843972744
5923,0.6397462634688912,0.04771614297415521,0.9522838570258448
5924,0.6397636426833507,0.04771614297415521,0.9522838570258448
5925,0.6397636426833507,0.04775099771701434,0.9522490022829857
5926,0.6400069516857838,0.04775099771701434,0.9522490022829857
5927,0.6400069516857838,0.04776842508844391,0.9522315749115561
5928,0.6401807438303788,0.04776842508844391,0.9522315749115561
5929,0.6401807438303788,0.047785852459873476,0.9522141475401266
5930,0.6402328814737573,0.047785852459873476,0.9522141475401266
5931,0.6402328814737573,0.047803279831303044,0.9521967201686969
5932,0.6402502606882169,0.047803279831303044,0.9521967201686969
5933,0.6402502606882169,0.04782070720273261,0.9521792927972674
5934,0.6403023983315954,0.04782070720273261,0.9521792927972674
5935,0.6403023983315954,0.04783813457416218,0.9521618654258378
5936,0.6403371567605144,0.04783813457416218,0.9521618654258378
5937,0.6403371567605144,0.04785556194559175,0.9521444380544083
5938,0.6403892944038929,0.04785556194559175,0.9521444380544083
5939,0.6403892944038929,0.04787298931702132,0.9521270106829787
5940,0.6404761904761904,0.04787298931702132,0.9521270106829787
5941,0.6404761904761904,0.04789041668845088,0.9521095833115492
5942,0.6406152241918666,0.04789041668845088,0.9521095833115492
5943,0.6406499826207855,0.04789041668845088,0.9521095833115492
5944,0.6408759124087591,0.04789041668845088,0.9521095833115492
5945,0.6408759124087591,0.047907844059880446,0.9520921559401195
5946,0.6409628084810567,0.047907844059880446,0.9520921559401195
5947,0.6409628084810567,0.04794269880273958,0.9520573011972604
5948,0.6409975669099757,0.04794269880273958,0.9520573011972604
5949,0.6409975669099757,0.04796012617416915,0.9520398738258309
5950,0.6410149461244352,0.04796012617416915,0.9520398738258309
5951,0.6410149461244352,0.047994980917028286,0.9520050190829717
5952,0.6411018421967327,0.047994980917028286,0.9520050190829717
5953,0.6411018421967327,0.048012408288457854,0.9519875917115421
5954,0.6411192214111923,0.04802983565988742,0.9519701643401126
5955,0.6411366006256517,0.04802983565988742,0.9519701643401126
5956,0.6411366006256517,0.04806469040274655,0.9519353095972535
5957,0.6414146680570039,0.04806469040274655,0.9519353095972535
5958,0.6414146680570039,0.04809954514560569,0.9519004548543943
5959,0.6414494264859228,0.04809954514560569,0.9519004548543943
5960,0.6414494264859228,0.048116972517035256,0.9518830274829647
5961,0.6414668057003824,0.048116972517035256,0.9518830274829647
5962,0.6414668057003824,0.048134399888464824,0.9518656001115352
5963,0.6415189433437609,0.048134399888464824,0.9518656001115352
5964,0.6415189433437609,0.04815182725989439,0.9518481727401056
5965,0.6416753562738964,0.04815182725989439,0.9518481727401056
5966,0.6416753562738964,0.04816925463132396,0.9518307453686761
5967,0.6416927354883559,0.04816925463132396,0.9518307453686761
5968,0.6416927354883559,0.04818668200275353,0.9518133179972464
5969,0.641866527632951,0.04818668200275353,0.9518133179972464
5970,0.641866527632951,0.04820410937418309,0.9517958906258169
5971,0.6419186652763295,0.04820410937418309,0.9517958906258169
5972,0.6419186652763295,0.04822153674561266,0.9517784632543873
5973,0.6419534237052485,0.04822153674561266,0.9517784632543873
5974,0.6419534237052485,0.048238964117042225,0.9517610358829578
5975,0.6420229405630865,0.048238964117042225,0.9517610358829578
5976,0.6420229405630865,0.04825639148847179,0.9517436085115282
5977,0.6421619742787626,0.04825639148847179,0.9517436085115282
5978,0.6421619742787626,0.04827381885990136,0.9517261811400987
5979,0.6423010079944387,0.04827381885990136,0.9517261811400987
5980,0.6423010079944387,0.04829124623133093,0.951708753768669
5981,0.6425964546402503,0.04829124623133093,0.951708753768669
5982,0.6425964546402503,0.0483086736027605,0.9516913263972395
5983,0.6426312130691693,0.0483086736027605,0.9516913263972395
5984,0.6426312130691693,0.048326100974190066,0.9516738990258099
5985,0.6427007299270073,0.048326100974190066,0.9516738990258099
5986,0.6427007299270073,0.04834352834561963,0.9516564716543804
5987,0.6427876259993048,0.04834352834561963,0.9516564716543804
5988,0.6427876259993048,0.048360955717049195,0.9516390442829508
5989,0.6429787973583594,0.048360955717049195,0.9516390442829508
5990,0.6429787973583594,0.04837838308847876,0.9516216169115213
5991,0.6430483142161975,0.04837838308847876,0.9516216169115213
5992,0.6430483142161975,0.04839581045990833,0.9516041895400916
5993,0.643135210288495,0.04839581045990833,0.9516041895400916
5994,0.6431699687174139,0.04839581045990833,0.9516041895400916
5995,0.6431873479318735,0.04839581045990833,0.9516041895400916
5996,0.6431873479318735,0.0484132378313379,0.9515867621686621
5997,0.6432221063607925,0.0484132378313379,0.9515867621686621
5998,0.6432221063607925,0.04843066520276747,0.9515693347972325
5999,0.6434306569343066,0.04843066520276747,0.9515693347972325
6000,0.6434306569343066,0.048448092574197035,0.951551907425803
6001,0.6434480361487661,0.048448092574197035,0.951551907425803
6002,0.6434480361487661,0.0484655199456266,0.9515344800543734
6003,0.6435175530066041,0.0484655199456266,0.9515344800543734
6004,0.6435175530066041,0.04850037468848573,0.9514996253115142
6005,0.6436218282933611,0.04850037468848573,0.9514996253115142
6006,0.6436218282933611,0.0485178020599153,0.9514821979400847
6007,0.6436392075078207,0.0485178020599153,0.9514821979400847
6008,0.6436392075078207,0.04853522943134487,0.9514647705686551
6009,0.6436565867222801,0.04853522943134487,0.9514647705686551
6010,0.6436565867222801,0.04855265680277444,0.9514473431972256
6011,0.6437608620090371,0.04855265680277444,0.9514473431972256
6012,0.6437608620090371,0.048570084174204005,0.951429915825796
6013,0.6438303788668752,0.048570084174204005,0.951429915825796
6014,0.6438303788668752,0.04858751154563357,0.9514124884543664
6015,0.6438477580813348,0.04858751154563357,0.9514124884543664
6016,0.6438477580813348,0.04860493891706314,0.9513950610829368
6017,0.6441953423705249,0.04860493891706314,0.9513950610829368
6018,0.6441953423705249,0.04862236628849271,0.9513776337115073
6019,0.644473409801877,0.04862236628849271,0.9513776337115073
6020,0.644473409801877,0.048674648402781406,0.9513253515972186
6021,0.6444907890163365,0.048674648402781406,0.9513253515972186
6022,0.6444907890163365,0.04870950314564054,0.9512904968543594
6023,0.644542926659715,0.04870950314564054,0.9512904968543594
6024,0.644542926659715,0.04876178525992925,0.9512382147400708
6025,0.6445603058741745,0.04876178525992925,0.9512382147400708
6026,0.6445603058741745,0.048779212631358815,0.9512207873686411
6027,0.644681960375391,0.048779212631358815,0.9512207873686411
6028,0.644681960375391,0.04879664000278838,0.9512033599972116
6029,0.644751477233229,0.04879664000278838,0.9512033599972116
6030,0.644751477233229,0.048814067374217944,0.9511859326257821
6031,0.6448905109489051,0.048814067374217944,0.9511859326257821
6032,0.6448905109489051,0.04883149474564751,0.9511685052543525
6033,0.6449426485922837,0.04883149474564751,0.9511685052543525
6034,0.6449426485922837,0.04884892211707708,0.951151077882923
6035,0.6451164407368787,0.04884892211707708,0.951151077882923
6036,0.6451164407368787,0.04886634948850665,0.9511336505114933
6037,0.6453249913103928,0.04886634948850665,0.9511336505114933
6038,0.6453249913103928,0.048883776859936216,0.9511162231400638
6039,0.6453771289537713,0.048883776859936216,0.9511162231400638
6040,0.6453771289537713,0.04891863160279535,0.9510813683972047
6041,0.6454640250260688,0.04891863160279535,0.9510813683972047
6042,0.6454640250260688,0.04893605897422492,0.9510639410257751
6043,0.6456899548140425,0.04893605897422492,0.9510639410257751
6044,0.6456899548140425,0.04895348634565448,0.9510465136543456
6045,0.6457942301007994,0.04895348634565448,0.9510465136543456
6046,0.6457942301007994,0.04897091371708405,0.9510290862829159
6047,0.6458289885297185,0.04897091371708405,0.9510290862829159
6048,0.6458289885297185,0.04898834108851362,0.9510116589114864
6049,0.6459680222453945,0.04898834108851362,0.9510116589114864
6050,0.6459680222453945,0.049005768459943186,0.9509942315400568
6051,0.6459854014598541,0.049005768459943186,0.9509942315400568
6052,0.6459854014598541,0.049023195831372754,0.9509768041686273
6053,0.6460375391032326,0.049023195831372754,0.9509768041686273
6054,0.6460375391032326,0.04904062320280232,0.9509593767971977
6055,0.6460722975321516,0.04904062320280232,0.9509593767971977
6056,0.6460722975321516,0.04905805057423189,0.9509419494257682
6057,0.6461070559610705,0.04905805057423189,0.9509419494257682
6058,0.6461070559610705,0.04907547794566146,0.9509245220543385
6059,0.6462808481056657,0.04907547794566146,0.9509245220543385
6060,0.6462808481056657,0.049092905317091026,0.950907094682909
6061,0.6464025026068821,0.049092905317091026,0.950907094682909
6062,0.6464025026068821,0.04911033268852059,0.9508896673114794
6063,0.6464372610358012,0.04911033268852059,0.9508896673114794
6064,0.6464372610358012,0.049127760059950155,0.9508722399400499
6065,0.6465067778936392,0.049127760059950155,0.9508722399400499
6066,0.6465067778936392,0.049145187431379724,0.9508548125686203
6067,0.6465241571080987,0.049145187431379724,0.9508548125686203
6068,0.6465241571080987,0.04916261480280929,0.9508373851971907
6069,0.6465762947514773,0.04916261480280929,0.9508373851971907
6070,0.6465762947514773,0.04918004217423886,0.9508199578257611
6071,0.6468543621828293,0.04918004217423886,0.9508199578257611
6072,0.6468543621828293,0.04919746954566843,0.9508025304543316
6073,0.6468717413972889,0.04919746954566843,0.9508025304543316
6074,0.6468717413972889,0.049214896917097996,0.950785103082902
6075,0.6469238790406674,0.049214896917097996,0.950785103082902
6076,0.6469238790406674,0.049232324288527564,0.9507676757114725
6077,0.6469760166840459,0.049232324288527564,0.9507676757114725
6078,0.6469760166840459,0.04924975165995713,0.9507502483400428
6079,0.6469933958985054,0.04924975165995713,0.9507502483400428
6080,0.6469933958985054,0.04926717903138669,0.9507328209686133
6081,0.6470629127563434,0.04926717903138669,0.9507328209686133
6082,0.6470629127563434,0.04928460640281626,0.9507153935971837
6083,0.6472019464720195,0.04928460640281626,0.9507153935971837
6084,0.6472019464720195,0.04930203377424583,0.9506979662257542
6085,0.6472367049009384,0.04930203377424583,0.9506979662257542
6086,0.6472367049009384,0.0493194611456754,0.9506805388543246
6087,0.647323600973236,0.0493194611456754,0.9506805388543246
6088,0.647323600973236,0.049336888517104965,0.9506631114828951
6089,0.6473409801876955,0.049336888517104965,0.9506631114828951
6090,0.6473757386166146,0.049336888517104965,0.9506631114828951
6091,0.6474278762599931,0.049336888517104965,0.9506631114828951
6092,0.6474278762599931,0.0493717432599641,0.9506282567400359
6093,0.6477580813347237,0.0493717432599641,0.9506282567400359
6094,0.6477580813347237,0.04938917063139367,0.9506108293686063
6095,0.6478275981925617,0.04938917063139367,0.9506108293686063
6096,0.6478275981925617,0.0494240253742528,0.9505759746257472
6097,0.6478449774070212,0.0494240253742528,0.9505759746257472
6098,0.6478449774070212,0.04944145274568237,0.9505585472543177
6099,0.6478623566214807,0.04944145274568237,0.9505585472543177
6100,0.6478623566214807,0.049458880117111935,0.950541119882888
6101,0.6480882864094543,0.049458880117111935,0.950541119882888
6102,0.6481230448383734,0.049458880117111935,0.950541119882888
6103,0.6481230448383734,0.0494763074885415,0.9505236925114585
6104,0.6481578032672923,0.0494763074885415,0.9505236925114585
6105,0.6481578032672923,0.04949373485997107,0.9505062651400289
6106,0.6482794577685088,0.04949373485997107,0.9505062651400289
6107,0.6482794577685088,0.04951116223140064,0.9504888377685994
6108,0.6483663538408064,0.04951116223140064,0.9504888377685994
6109,0.6483663538408064,0.04952858960283021,0.9504714103971698
6110,0.6484011122697254,0.04952858960283021,0.9504714103971698
6111,0.6484011122697254,0.049546016974259775,0.9504539830257402
6112,0.6484358706986444,0.049546016974259775,0.9504539830257402
6113,0.6484358706986444,0.049580871717118905,0.9504191282828811
6114,0.6484532499131039,0.049580871717118905,0.9504191282828811
6115,0.6484532499131039,0.04959829908854847,0.9504017009114515
6116,0.6485401459854014,0.04959829908854847,0.9504017009114515
6117,0.6485749044143204,0.04959829908854847,0.9504017009114515
6118,0.6486096628432395,0.04959829908854847,0.9504017009114515
6119,0.6486096628432395,0.04965058120283718,0.9503494187971628
6120,0.648835592631213,0.04965058120283718,0.9503494187971628
6121,0.648835592631213,0.049668008574266745,0.9503319914257332
6122,0.6489224887035105,0.049668008574266745,0.9503319914257332
6123,0.6489224887035105,0.04968543594569631,0.9503145640543037
6124,0.6489398679179701,0.04968543594569631,0.9503145640543037
6125,0.6489398679179701,0.04972029068855544,0.9502797093114446
6126,0.6492353145637817,0.04972029068855544,0.9502797093114446
6127,0.6492353145637817,0.04975514543141458,0.9502448545685854
6128,0.6495133819951339,0.04975514543141458,0.9502448545685854
6129,0.6495133819951339,0.049772572802844146,0.9502274271971558
6130,0.6495828988529718,0.049772572802844146,0.9502274271971558
6131,0.6495828988529718,0.049790000174273714,0.9502099998257263
6132,0.6496350364963503,0.049790000174273714,0.9502099998257263
6133,0.6496350364963503,0.04980742754570328,0.9501925724542967
6134,0.6496871741397289,0.04980742754570328,0.9501925724542967
6135,0.6496871741397289,0.04982485491713285,0.9501751450828672
6136,0.649860966284324,0.04982485491713285,0.9501751450828672
6137,0.649860966284324,0.04985970965999199,0.950140290340008
6138,0.649895724713243,0.04985970965999199,0.950140290340008
6139,0.649895724713243,0.04987713703142155,0.9501228629685785
6140,0.6499131039277025,0.04987713703142155,0.9501228629685785
6141,0.6499131039277025,0.049894564402851116,0.9501054355971489
6142,0.6500521376433785,0.049894564402851116,0.9501054355971489
6143,0.6500521376433785,0.049911991774280684,0.9500880082257193
6144,0.6501042752867571,0.049911991774280684,0.9500880082257193
6145,0.6501042752867571,0.04992941914571025,0.9500705808542897
6146,0.6501564129301356,0.04992941914571025,0.9500705808542897
6147,0.6501564129301356,0.04994684651713982,0.9500531534828602
6148,0.650173792144595,0.04994684651713982,0.9500531534828602
6149,0.650173792144595,0.04996427388856939,0.9500357261114306
6150,0.6502085505735141,0.04996427388856939,0.9500357261114306
6151,0.6502433090024331,0.04996427388856939,0.9500357261114306
6152,0.6502606882168926,0.04996427388856939,0.9500357261114306
6153,0.6502606882168926,0.049999128631428524,0.9500008713685715
6154,0.6503302050747306,0.049999128631428524,0.9500008713685715
6155,0.6503302050747306,0.050016556002858086,0.949983443997142
6156,0.6503823427181091,0.050016556002858086,0.949983443997142
6157,0.6503823427181091,0.050033983374287654,0.9499660166257123
6158,0.6503997219325687,0.050033983374287654,0.9499660166257123
6159,0.6503997219325687,0.05006883811714679,0.9499311618828532
6160,0.6504692387904066,0.05006883811714679,0.9499311618828532
6161,0.6504692387904066,0.05008626548857636,0.9499137345114237
6162,0.6504866180048662,0.05008626548857636,0.9499137345114237
6163,0.6504866180048662,0.050103692860005926,0.9498963071399941
6164,0.6505213764337852,0.050103692860005926,0.9498963071399941
6165,0.6505213764337852,0.050121120231435494,0.9498788797685646
6166,0.6505387556482447,0.050121120231435494,0.9498788797685646
6167,0.6505387556482447,0.05013854760286506,0.9498614523971349
6168,0.6506951685783803,0.05013854760286506,0.9498614523971349
6169,0.6506951685783803,0.05015597497429463,0.9498440250257054
6170,0.6507820646506778,0.05015597497429463,0.9498440250257054
6171,0.6507820646506778,0.05017340234572419,0.9498265976542758
6172,0.6508168230795968,0.05017340234572419,0.9498265976542758
6173,0.6509210983663538,0.05017340234572419,0.9498265976542758
6174,0.6509210983663538,0.05019082971715376,0.9498091702828463
6175,0.6510948905109489,0.05019082971715376,0.9498091702828463
6176,0.6510948905109489,0.050225684460012895,0.9497743155399871
6177,0.6511470281543275,0.050225684460012895,0.9497743155399871
6178,0.6511470281543275,0.05026053920287203,0.949739460797128
6179,0.6511644073687869,0.05026053920287203,0.949739460797128
6180,0.6511644073687869,0.0502779665743016,0.9497220334256984
6181,0.651199165797706,0.0502779665743016,0.9497220334256984
6182,0.651199165797706,0.05029539394573117,0.9497046060542689
6183,0.6512165450121654,0.05029539394573117,0.9497046060542689
6184,0.6512165450121654,0.050312821317160736,0.9496871786828393
6185,0.651338199513382,0.050312821317160736,0.9496871786828393
6186,0.651338199513382,0.050347676060019865,0.9496523239399801
6187,0.651372957942301,0.050347676060019865,0.9496523239399801
6188,0.651372957942301,0.05036510343144943,0.9496348965685506
6189,0.6515293708724366,0.05036510343144943,0.9496348965685506
6190,0.6515293708724366,0.050382530802879,0.949617469197121
6191,0.6515641293013555,0.050382530802879,0.949617469197121
6192,0.6515641293013555,0.05039995817430857,0.9496000418256915
6193,0.6516162669447341,0.05039995817430857,0.9496000418256915
6194,0.6516162669447341,0.05041738554573814,0.9495826144542618
6195,0.6516336461591936,0.05041738554573814,0.9495826144542618
6196,0.6516336461591936,0.050434812917167705,0.9495651870828323
6197,0.6516510253736532,0.050434812917167705,0.9495651870828323
6198,0.6516510253736532,0.05046966766002684,0.9495303323399732
6199,0.6517205422314911,0.05046966766002684,0.9495303323399732
6200,0.6517205422314911,0.0504870950314564,0.9495129049685436
6201,0.6518074383037886,0.0504870950314564,0.9495129049685436
6202,0.6518074383037886,0.05050452240288597,0.9494954775971141
6203,0.6518595759471671,0.05050452240288597,0.9494954775971141
6204,0.6518595759471671,0.05052194977431554,0.9494780502256844
6205,0.6518769551616267,0.05052194977431554,0.9494780502256844
6206,0.6518769551616267,0.05053937714574511,0.9494606228542549
6207,0.6519290928050052,0.05053937714574511,0.9494606228542549
6208,0.6519290928050052,0.050556804517174675,0.9494431954828253
6209,0.6519464720194648,0.050556804517174675,0.9494431954828253
6210,0.6519464720194648,0.05057423188860424,0.9494257681113958
6211,0.6520333680917623,0.05057423188860424,0.9494257681113958
6212,0.6520333680917623,0.05059165926003381,0.9494083407399662
6213,0.6521028849496002,0.05059165926003381,0.9494083407399662
6214,0.6521028849496002,0.05062651400289294,0.949373485997107
6215,0.6521724018074383,0.05062651400289294,0.949373485997107
6216,0.6521724018074383,0.05064394137432251,0.9493560586256775
6217,0.6522245394508168,0.05064394137432251,0.9493560586256775
6218,0.6522245394508168,0.050661368745752076,0.9493386312542479
6219,0.6522766770941953,0.050661368745752076,0.9493386312542479
6220,0.6522766770941953,0.05069622348861121,0.9493037765113888
6221,0.6523809523809524,0.05069622348861121,0.9493037765113888
6222,0.6523809523809524,0.05073107823147035,0.9492689217685296
6223,0.6524330900243309,0.05073107823147035,0.9492689217685296
6224,0.6524330900243309,0.05074850560289992,0.9492514943971001
6225,0.6524504692387904,0.05074850560289992,0.9492514943971001
6226,0.6524504692387904,0.050765932974329485,0.9492340670256705
6227,0.6524678484532499,0.050765932974329485,0.9492340670256705
6228,0.6524678484532499,0.050783360345759046,0.949216639654241
6229,0.6525026068821689,0.050783360345759046,0.949216639654241
6230,0.6525026068821689,0.050800787717188614,0.9491992122828113
6231,0.6526937782412235,0.050800787717188614,0.9491992122828113
6232,0.6526937782412235,0.05081821508861818,0.9491817849113818
6233,0.652780674313521,0.05081821508861818,0.9491817849113818
6234,0.652780674313521,0.05085306983147732,0.9491469301685227
6235,0.65281543274244,0.05085306983147732,0.9491469301685227
6236,0.652850191171359,0.05085306983147732,0.9491469301685227
6237,0.6529370872436566,0.05085306983147732,0.9491469301685227
6238,0.6529370872436566,0.050870497202906886,0.9491295027970931
6239,0.6530066041014946,0.050870497202906886,0.9491295027970931
6240,0.6530066041014946,0.050887924574336454,0.9491120754256636
6241,0.6530239833159541,0.050887924574336454,0.9491120754256636
6242,0.6530239833159541,0.05095763406005472,0.9490423659399453
6243,0.6532325338894682,0.05095763406005472,0.9490423659399453
6244,0.6532325338894682,0.051009916174343424,0.9489900838256565
6245,0.6536322558220369,0.051009916174343424,0.9489900838256565
6246,0.6536322558220369,0.05102734354577299,0.948972656454227
6247,0.6537539103232534,0.05102734354577299,0.948972656454227
6248,0.6537539103232534,0.05104477091720256,0.9489552290827974
6249,0.6538234271810914,0.05104477091720256,0.9489552290827974
6250,0.6538234271810914,0.051079625660061696,0.9489203743399383
6251,0.65387556482447,0.051079625660061696,0.9489203743399383
6252,0.65387556482447,0.05109705303149126,0.9489029469685087
6253,0.653979840111227,0.05109705303149126,0.9489029469685087
6254,0.653979840111227,0.051114480402920826,0.9488855195970791
6255,0.654049356969065,0.051114480402920826,0.9488855195970791
6256,0.654049356969065,0.051131907774350394,0.9488680922256496
6257,0.654292665971498,0.051131907774350394,0.9488680922256496
6258,0.654292665971498,0.05114933514577996,0.9488506648542201
6259,0.6543448036148766,0.05114933514577996,0.9488506648542201
6260,0.6543448036148766,0.05116676251720953,0.9488332374827905
6261,0.6543621828293361,0.05116676251720953,0.9488332374827905
6262,0.6543621828293361,0.0511841898886391,0.9488158101113608
6263,0.6543795620437957,0.0511841898886391,0.9488158101113608
6264,0.6543795620437957,0.051201617260068666,0.9487983827399313
6265,0.6543969412582551,0.051201617260068666,0.9487983827399313
6266,0.6543969412582551,0.051219044631498234,0.9487809553685018
6267,0.6544490789016336,0.051219044631498234,0.9487809553685018
6268,0.6544490789016336,0.051236472002927795,0.9487635279970722
6269,0.6545012165450121,0.051236472002927795,0.9487635279970722
6270,0.6545012165450121,0.05125389937435736,0.9487461006256427
6271,0.6546402502606882,0.05125389937435736,0.9487461006256427
6272,0.6546750086896073,0.05125389937435736,0.9487461006256427
6273,0.6547445255474452,0.05125389937435736,0.9487461006256427
6274,0.6547445255474452,0.05127132674578693,0.9487286732542131
6275,0.6549878345498783,0.05127132674578693,0.9487286732542131
6276,0.6549878345498783,0.0512887541172165,0.9487112458827835
6277,0.6550052137643378,0.0512887541172165,0.9487112458827835
6278,0.6550052137643378,0.05130618148864607,0.9486938185113539
6279,0.6550747306221759,0.05130618148864607,0.9486938185113539
6280,0.6550747306221759,0.051323608860075635,0.9486763911399244
6281,0.6550921098366354,0.051323608860075635,0.9486763911399244
6282,0.6550921098366354,0.051341036231505204,0.9486589637684948
6283,0.6552311435523115,0.051341036231505204,0.9486589637684948
6284,0.6552311435523115,0.05135846360293477,0.9486415363970653
6285,0.6552485227667709,0.05135846360293477,0.9486415363970653
6286,0.6552485227667709,0.05137589097436434,0.9486241090256357
6287,0.655422314911366,0.05137589097436434,0.9486241090256357
6288,0.655422314911366,0.0513933183457939,0.9486066816542061
6289,0.655457073340285,0.0513933183457939,0.9486066816542061
6290,0.655457073340285,0.05141074571722347,0.9485892542827765
6291,0.655491831769204,0.05141074571722347,0.9485892542827765
6292,0.655491831769204,0.05142817308865304,0.948571826911347
6293,0.6555439694125825,0.05142817308865304,0.948571826911347
6294,0.6555439694125825,0.051445600460082605,0.9485543995399174
6295,0.6555787278415016,0.051445600460082605,0.9485543995399174
6296,0.6555787278415016,0.05146302783151217,0.9485369721684879
6297,0.6558741744873132,0.05146302783151217,0.9485369721684879
6298,0.6558741744873132,0.05148045520294174,0.9485195447970582
6299,0.6560827250608272,0.05148045520294174,0.9485195447970582
6300,0.6560827250608272,0.05149788257437131,0.9485021174256287
6301,0.6561001042752868,0.05149788257437131,0.9485021174256287
6302,0.6561001042752868,0.05151530994580088,0.9484846900541991
6303,0.6562217587765033,0.05151530994580088,0.9484846900541991
6304,0.6562217587765033,0.051532737317230445,0.9484672626827696
6305,0.6562738964198819,0.051532737317230445,0.9484672626827696
6306,0.6562738964198819,0.051550164688660007,0.94844983531134
6307,0.6562912756343413,0.051550164688660007,0.94844983531134
6308,0.6562912756343413,0.051567592060089575,0.9484324079399105
6309,0.6564303093500173,0.051567592060089575,0.9484324079399105
6310,0.6564303093500173,0.05158501943151914,0.9484149805684808
6311,0.6566388599235314,0.05158501943151914,0.9484149805684808
6312,0.6566388599235314,0.05161987417437828,0.9483801258256217
6313,0.6567257559958289,0.05161987417437828,0.9483801258256217
6314,0.6567257559958289,0.05163730154580785,0.9483626984541922
6315,0.6569864442127216,0.05163730154580785,0.9483626984541922
6316,0.6569864442127216,0.051654728917237415,0.9483452710827626
6317,0.6571776155717761,0.051654728917237415,0.9483452710827626
6318,0.6571776155717761,0.05167215628866698,0.948327843711333
6319,0.6571949947862357,0.05167215628866698,0.948327843711333
6320,0.6571949947862357,0.05168958366009655,0.9483104163399034
6321,0.6572297532151546,0.05168958366009655,0.9483104163399034
6322,0.6572297532151546,0.05172443840295568,0.9482755615970443
6323,0.6573514077163712,0.05172443840295568,0.9482755615970443
6324,0.6573514077163712,0.05174186577438525,0.9482581342256148
6325,0.6573861661452902,0.05174186577438525,0.9482581342256148
6326,0.6573861661452902,0.051759293145814816,0.9482407068541852
6327,0.6576120959332639,0.051759293145814816,0.9482407068541852
6328,0.6576120959332639,0.051776720517244385,0.9482232794827556
6329,0.6576294751477233,0.051776720517244385,0.9482232794827556
6330,0.6576294751477233,0.05179414788867395,0.948205852111326
6331,0.6576642335766424,0.05179414788867395,0.948205852111326
6332,0.6576642335766424,0.05181157526010352,0.9481884247398965
6333,0.6578206465067779,0.05181157526010352,0.9481884247398965
6334,0.6578206465067779,0.05186385737439222,0.9481361426256077
6335,0.6578380257212374,0.05186385737439222,0.9481361426256077
6336,0.6578380257212374,0.051881284745821786,0.9481187152541782
6337,0.6578554049356969,0.051881284745821786,0.9481187152541782
6338,0.6578554049356969,0.051898712117251354,0.9481012878827486
6339,0.6579075425790755,0.051898712117251354,0.9481012878827486
6340,0.6579075425790755,0.05191613948868092,0.9480838605113191
6341,0.657959680222454,0.05191613948868092,0.9480838605113191
6342,0.657959680222454,0.05193356686011049,0.9480664331398895
6343,0.6579770594369134,0.05193356686011049,0.9480664331398895
6344,0.6579770594369134,0.05195099423154006,0.94804900576846
6345,0.6582203684393465,0.05195099423154006,0.94804900576846
6346,0.6582203684393465,0.051968421602969626,0.9480315783970303
6347,0.6582898852971846,0.051968421602969626,0.9480315783970303
6348,0.6582898852971846,0.051985848974399194,0.9480141510256008
6349,0.6583594021550226,0.051985848974399194,0.9480141510256008
6350,0.6583594021550226,0.052003276345828756,0.9479967236541712
6351,0.6584462982273201,0.052003276345828756,0.9479967236541712
6352,0.6584462982273201,0.052020703717258324,0.9479792962827417
6353,0.6585505735140772,0.052020703717258324,0.9479792962827417
6354,0.6585505735140772,0.05203813108868789,0.9479618689113121
6355,0.6587591240875912,0.05203813108868789,0.9479618689113121
6356,0.6587591240875912,0.05207298583154703,0.9479270141684529
6357,0.6587765033020507,0.05207298583154703,0.9479270141684529
6358,0.6587765033020507,0.052090413202976596,0.9479095867970234
6359,0.6588981578032673,0.052090413202976596,0.9479095867970234
6360,0.6588981578032673,0.052107840574406164,0.9478921594255938
6361,0.6592631213069169,0.052107840574406164,0.9478921594255938
6362,0.6592631213069169,0.05212526794583573,0.9478747320541643
6363,0.6594890510948905,0.05212526794583573,0.9478747320541643
6364,0.6594890510948905,0.0521426953172653,0.9478573046827347
6365,0.659575947167188,0.0521426953172653,0.9478573046827347
6366,0.659575947167188,0.05216012268869486,0.9478398773113051
6367,0.6597149808828641,0.05216012268869486,0.9478398773113051
6368,0.6597149808828641,0.05217755006012443,0.9478224499398755
6369,0.6597671185262426,0.05217755006012443,0.9478224499398755
6370,0.6597671185262426,0.052194977431554,0.947805022568446
6371,0.6598366353840807,0.052194977431554,0.947805022568446
6372,0.6598366353840807,0.052212404802983566,0.9477875951970164
6373,0.6598540145985401,0.052212404802983566,0.9477875951970164
6374,0.6598540145985401,0.052229832174413134,0.9477701678255869
6375,0.6599582898852971,0.052229832174413134,0.9477701678255869
6376,0.6599582898852971,0.0522472595458427,0.9477527404541572
6377,0.6600104275286757,0.0522472595458427,0.9477527404541572
6378,0.6600104275286757,0.05226468691727227,0.9477353130827277
6379,0.6601668404588112,0.05226468691727227,0.9477353130827277
6380,0.6601668404588112,0.05228211428870184,0.9477178857112981
6381,0.6602015988877302,0.05228211428870184,0.9477178857112981
6382,0.6602015988877302,0.052334396402990535,0.9476656035970095
6383,0.6602189781021898,0.052334396402990535,0.9476656035970095
6384,0.6602189781021898,0.0523518237744201,0.94764817622558
6385,0.6602537365311087,0.0523518237744201,0.94764817622558
6386,0.6603580118178658,0.0523518237744201,0.94764817622558
6387,0.6603580118178658,0.05236925114584967,0.9476307488541503
6388,0.6604275286757039,0.05236925114584967,0.9476307488541503
6389,0.6604275286757039,0.05240410588870881,0.9475958941112912
6390,0.6604622871046228,0.05240410588870881,0.9475958941112912
6391,0.6604622871046228,0.052421533260138375,0.9475784667398617
6392,0.6605318039624609,0.052421533260138375,0.9475784667398617
6393,0.6605318039624609,0.052456388002997505,0.9475436119970025
6394,0.6606013208202989,0.052456388002997505,0.9475436119970025
6395,0.6606013208202989,0.05247381537442707,0.9475261846255729
6396,0.6607055961070559,0.05247381537442707,0.9475261846255729
6397,0.6607055961070559,0.05252609748871578,0.9474739025112843
6398,0.6608272506082725,0.05252609748871578,0.9474739025112843
6399,0.6608272506082725,0.052543524860145345,0.9474564751398546
6400,0.660879388251651,0.052543524860145345,0.9474564751398546
6401,0.660879388251651,0.05256095223157491,0.9474390477684251
6402,0.660948905109489,0.05256095223157491,0.9474390477684251
6403,0.660948905109489,0.05259580697443405,0.947404193025566
6404,0.6610010427528675,0.05259580697443405,0.947404193025566
6405,0.6610010427528675,0.05261323434586361,0.9473867656541364
6406,0.6611053180396246,0.05261323434586361,0.9473867656541364
6407,0.6611053180396246,0.05263066171729318,0.9473693382827069
6408,0.6612095933263816,0.05263066171729318,0.9473693382827069
6409,0.6612095933263816,0.052648089088722747,0.9473519109112772
6410,0.6616962113312478,0.052648089088722747,0.9473519109112772
6411,0.6616962113312478,0.05268294383158188,0.9473170561684181
6412,0.6617135905457073,0.05268294383158188,0.9473170561684181
6413,0.6617135905457073,0.05273522594587059,0.9472647740541295
6414,0.6617483489746263,0.05273522594587059,0.9472647740541295
6415,0.6617483489746263,0.052752653317300155,0.9472473466826998
6416,0.6618873826903025,0.052752653317300155,0.9472473466826998
6417,0.6618873826903025,0.052770080688729716,0.9472299193112703
6418,0.6619047619047619,0.052770080688729716,0.9472299193112703
6419,0.6619047619047619,0.052787508060159284,0.9472124919398407
6420,0.6619568995481404,0.052787508060159284,0.9472124919398407
6421,0.6619568995481404,0.05280493543158885,0.9471950645684112
6422,0.6621306916927355,0.05280493543158885,0.9471950645684112
6423,0.6621306916927355,0.05282236280301842,0.9471776371969816
6424,0.6622002085505735,0.05282236280301842,0.9471776371969816
6425,0.6622002085505735,0.05283979017444799,0.947160209825552
6426,0.662252346193952,0.05283979017444799,0.947160209825552
6427,0.662252346193952,0.052857217545877556,0.9471427824541224
6428,0.6623218630517901,0.052857217545877556,0.9471427824541224
6429,0.6623218630517901,0.05289207228873669,0.9471079277112633
6430,0.6623740006951686,0.05289207228873669,0.9471079277112633
6431,0.6623740006951686,0.052909499660166254,0.9470905003398338
6432,0.6624435175530066,0.052909499660166254,0.9470905003398338
6433,0.6624435175530066,0.05292692703159582,0.9470730729684042
6434,0.6624608967674661,0.05292692703159582,0.9470730729684042
6435,0.6624608967674661,0.05294435440302539,0.9470556455969746
6436,0.6624956551963851,0.05294435440302539,0.9470556455969746
6437,0.6624956551963851,0.052979209145884526,0.9470207908541155
6438,0.6625130344108446,0.052979209145884526,0.9470207908541155
6439,0.6625130344108446,0.052996636517314094,0.9470033634826859
6440,0.6625477928397636,0.052996636517314094,0.9470033634826859
6441,0.6625477928397636,0.05301406388874366,0.9469859361112564
6442,0.6627042057698992,0.05301406388874366,0.9469859361112564
6443,0.6627042057698992,0.05303149126017323,0.9469685087398267
6444,0.6627563434132777,0.05303149126017323,0.9469685087398267
6445,0.6627563434132777,0.0530489186316028,0.9469510813683972
6446,0.6628606187000348,0.0530489186316028,0.9469510813683972
6447,0.6628606187000348,0.05308377337446193,0.9469162266255381
6448,0.6628779979144943,0.05308377337446193,0.9469162266255381
6449,0.6628779979144943,0.053118628117321064,0.946881371882679
6450,0.6629127563434133,0.053118628117321064,0.946881371882679
6451,0.6629127563434133,0.05313605548875063,0.9468639445112493
6452,0.6629475147723323,0.05313605548875063,0.9468639445112493
6453,0.6629475147723323,0.0531534828601802,0.9468465171398198
6454,0.6630170316301703,0.0531534828601802,0.9468465171398198
6455,0.6630170316301703,0.05317091023160977,0.9468290897683902
6456,0.6630517900590893,0.05317091023160977,0.9468290897683902
6457,0.6630517900590893,0.053188337603039336,0.9468116623969607
6458,0.6632603406326034,0.053188337603039336,0.9468116623969607
6459,0.6632603406326034,0.053223192345898465,0.9467768076541015
6460,0.6632950990615224,0.053223192345898465,0.9467768076541015
6461,0.6632950990615224,0.05324061971732803,0.9467593802826719
6462,0.6633472367049009,0.05324061971732803,0.9467593802826719
6463,0.6633472367049009,0.0532580470887576,0.9467419529112424
6464,0.6633819951338199,0.0532580470887576,0.9467419529112424
6465,0.6633819951338199,0.05327547446018717,0.9467245255398128
6466,0.6637122002085506,0.05327547446018717,0.9467245255398128
6467,0.6637122002085506,0.053327756574475874,0.9466722434255241
6468,0.6638686131386862,0.053327756574475874,0.9466722434255241
6469,0.6638686131386862,0.05334518394590544,0.9466548160540945
6470,0.6640250260688217,0.05334518394590544,0.9466548160540945
6471,0.6640250260688217,0.05336261131733501,0.946637388682665
6472,0.6641640597844978,0.05336261131733501,0.946637388682665
6473,0.6641640597844978,0.05338003868876457,0.9466199613112354
6474,0.6641988182134168,0.05338003868876457,0.9466199613112354
6475,0.6641988182134168,0.05339746606019414,0.9466025339398059
6476,0.6642335766423357,0.05339746606019414,0.9466025339398059
6477,0.6642335766423357,0.05341489343162371,0.9465851065683762
6478,0.6643726103580119,0.05341489343162371,0.9465851065683762
6479,0.6643726103580119,0.053432320803053275,0.9465676791969467
6480,0.6644073687869309,0.053432320803053275,0.9465676791969467
6481,0.6644073687869309,0.05346717554591241,0.9465328244540876
6482,0.6645290232881473,0.05346717554591241,0.9465328244540876
6483,0.6645290232881473,0.05348460291734198,0.946515397082658
6484,0.6648418491484185,0.05348460291734198,0.946515397082658
6485,0.6648418491484185,0.05350203028877155,0.9464979697112285
6486,0.6650156412930136,0.05350203028877155,0.9464979697112285
6487,0.6650156412930136,0.05351945766020111,0.9464805423397988
6488,0.6651199165797705,0.05351945766020111,0.9464805423397988
6489,0.6651199165797705,0.053554312403060245,0.9464456875969398
6490,0.6652241918665276,0.053554312403060245,0.9464456875969398
6491,0.6652241918665276,0.05357173977448981,0.9464282602255102
6492,0.6652415710809871,0.05357173977448981,0.9464282602255102
6493,0.6652415710809871,0.05358916714591938,0.9464108328540806
6494,0.6653979840111227,0.05358916714591938,0.9464108328540806
6495,0.6653979840111227,0.05360659451734895,0.946393405482651
6496,0.6654501216545012,0.05360659451734895,0.946393405482651
6497,0.6654501216545012,0.05362402188877852,0.9463759781112215
6498,0.6655022592978798,0.05362402188877852,0.9463759781112215
6499,0.6655370177267987,0.05362402188877852,0.9463759781112215
6500,0.6656065345846368,0.05362402188877852,0.9463759781112215
6501,0.6656065345846368,0.053641449260208085,0.9463585507397919
6502,0.6656586722280153,0.053641449260208085,0.9463585507397919
6503,0.6656586722280153,0.053676304003067214,0.9463236959969328
6504,0.6657281890858533,0.053676304003067214,0.9463236959969328
6505,0.6657281890858533,0.05369373137449678,0.9463062686255033
6506,0.6657629475147724,0.05369373137449678,0.9463062686255033
6507,0.6657629475147724,0.05371115874592635,0.9462888412540736
6508,0.6659193604449078,0.05371115874592635,0.9462888412540736
6509,0.6659193604449078,0.05372858611735592,0.9462714138826441
6510,0.666058394160584,0.05372858611735592,0.9462714138826441
6511,0.666058394160584,0.053763440860215055,0.946236559139785
6512,0.666093152589503,0.053763440860215055,0.946236559139785
6513,0.666093152589503,0.05378086823164462,0.9462191317683554
6514,0.6661452902328815,0.05378086823164462,0.9462191317683554
6515,0.6661452902328815,0.05379829560307419,0.9462017043969259
6516,0.6663017031630171,0.05379829560307419,0.9462017043969259
6517,0.6663017031630171,0.05381572297450376,0.9461842770254962
6518,0.6663538408063956,0.05381572297450376,0.9461842770254962
6519,0.6663538408063956,0.05383315034593332,0.9461668496540667
6520,0.666371220020855,0.05383315034593332,0.9461668496540667
6521,0.666371220020855,0.05385057771736289,0.9461494222826371
6522,0.6664581160931526,0.05385057771736289,0.9461494222826371
6523,0.6664581160931526,0.053868005088792456,0.9461319949112076
6524,0.6666492874522072,0.053868005088792456,0.9461319949112076
6525,0.6666492874522072,0.05390285983165159,0.9460971401683484
6526,0.6667709419534237,0.05390285983165159,0.9460971401683484
6527,0.6667709419534237,0.05393771457451073,0.9460622854254893
6528,0.6667883211678832,0.05393771457451073,0.9460622854254893
6529,0.6667883211678832,0.053955141945940296,0.9460448580540597
6530,0.6668404588112617,0.053955141945940296,0.9460448580540597
6531,0.6668404588112617,0.053972569317369865,0.9460274306826302
6532,0.6668752172401807,0.053972569317369865,0.9460274306826302
6533,0.6668752172401807,0.054007424060228994,0.945992575939771
6534,0.6671185262426138,0.054007424060228994,0.945992575939771
6535,0.6671185262426138,0.05402485143165856,0.9459751485683414
6536,0.6673096976016684,0.05402485143165856,0.9459751485683414
6537,0.6673096976016684,0.05404227880308813,0.9459577211969119
6538,0.6673444560305875,0.05404227880308813,0.9459577211969119
6539,0.6673444560305875,0.0540597061745177,0.9459402938254823
6540,0.667570385818561,0.0540597061745177,0.9459402938254823
6541,0.667570385818561,0.054094560917376834,0.9459054390826231
6542,0.6677267987486966,0.054094560917376834,0.9459054390826231
6543,0.6677267987486966,0.05412941566023596,0.945870584339764
6544,0.6679353493222107,0.05412941566023596,0.945870584339764
6545,0.6679353493222107,0.05414684303166553,0.9458531569683345
6546,0.6679701077511296,0.05414684303166553,0.9458531569683345
6547,0.6680048661800486,0.05414684303166553,0.9458531569683345
6548,0.6680917622523462,0.05414684303166553,0.9458531569683345
6549,0.6680917622523462,0.0541642704030951,0.9458357295969049
6550,0.6684045881126173,0.0541642704030951,0.9458357295969049
6551,0.6684045881126173,0.05418169777452467,0.9458183022254754
6552,0.6684393465415364,0.05418169777452467,0.9458183022254754
6553,0.6684393465415364,0.054199125145954236,0.9458008748540457
6554,0.6685088633993743,0.054199125145954236,0.9458008748540457
6555,0.6685088633993743,0.054216552517383804,0.9457834474826162
6556,0.6685436218282934,0.054216552517383804,0.9457834474826162
6557,0.6685436218282934,0.05423397988881337,0.9457660201111866
6558,0.6685610010427528,0.05423397988881337,0.9457660201111866
6559,0.6685610010427528,0.05425140726024294,0.9457485927397571
6560,0.6687521724018074,0.05425140726024294,0.9457485927397571
6561,0.6687521724018074,0.05426883463167251,0.9457311653683275
6562,0.668839068474105,0.05426883463167251,0.9457311653683275
6563,0.668839068474105,0.05428626200310207,0.945713737996898
6564,0.6689259645464025,0.05428626200310207,0.945713737996898
6565,0.6689259645464025,0.054321116745961205,0.9456788832540388
6566,0.668978102189781,0.054321116745961205,0.9456788832540388
6567,0.668978102189781,0.05433854411739077,0.9456614558826092
6568,0.6690649982620785,0.05433854411739077,0.9456614558826092
6569,0.6690649982620785,0.05437339886024991,0.9456266011397501
6570,0.6691692735488356,0.05437339886024991,0.9456266011397501
6571,0.6691692735488356,0.05439082623167948,0.9456091737683205
6572,0.6692040319777546,0.05439082623167948,0.9456091737683205
6573,0.6692040319777546,0.054425680974538614,0.9455743190254614
6574,0.6693083072645116,0.054425680974538614,0.9455743190254614
6575,0.6693083072645116,0.05447796308882731,0.9455220369111726
6576,0.6694820994091067,0.05447796308882731,0.9455220369111726
6577,0.6694820994091067,0.05449539046025688,0.9455046095397431
6578,0.6694994786235662,0.05449539046025688,0.9455046095397431
6579,0.6694994786235662,0.05451281783168645,0.9454871821683135
6580,0.6698818213416754,0.05451281783168645,0.9454871821683135
6581,0.6698818213416754,0.05454767257454558,0.9454523274254544
6582,0.6698992005561348,0.05454767257454558,0.9454523274254544
6583,0.6698992005561348,0.05456509994597515,0.9454349000540249
6584,0.6699687174139729,0.05456509994597515,0.9454349000540249
6585,0.6700034758428919,0.05456509994597515,0.9454349000540249
6586,0.6700208550573514,0.05456509994597515,0.9454349000540249
6587,0.6700208550573514,0.05458252731740472,0.9454174726825952
6588,0.6700903719151894,0.05458252731740472,0.9454174726825952
6589,0.6700903719151894,0.05459995468883428,0.9454000453111657
6590,0.6701598887730275,0.05459995468883428,0.9454000453111657
6591,0.6701598887730275,0.05461738206026385,0.9453826179397361
6592,0.670177267987487,0.05461738206026385,0.9453826179397361
6593,0.670177267987487,0.05463480943169342,0.9453651905683066
6594,0.6701946472019464,0.05463480943169342,0.9453651905683066
6595,0.6701946472019464,0.054652236803122985,0.945347763196877
6596,0.670246784845325,0.054652236803122985,0.945347763196877
6597,0.670246784845325,0.05466966417455255,0.9453303358254475
6598,0.6702989224887035,0.05466966417455255,0.9453303358254475
6599,0.6702989224887035,0.05468709154598212,0.9453129084540178
6600,0.6703336809176226,0.05468709154598212,0.9453129084540178
6601,0.6703336809176226,0.05470451891741169,0.9452954810825883
6602,0.6705769899200557,0.05470451891741169,0.9452954810825883
6603,0.6705769899200557,0.05472194628884126,0.9452780537111587
6604,0.6706465067778936,0.05472194628884126,0.9452780537111587
6605,0.6706465067778936,0.05473937366027082,0.9452606263397292
6606,0.6708724365658673,0.05473937366027082,0.9452606263397292
6607,0.6708724365658673,0.054774228403129954,0.94522577159687
6608,0.6709419534237052,0.054774228403129954,0.94522577159687
6609,0.6709419534237052,0.05479165577455952,0.9452083442254404
6610,0.6709767118526243,0.05479165577455952,0.9452083442254404
6611,0.6709767118526243,0.05482651051741866,0.9451734894825814
6612,0.6711331247827598,0.05482651051741866,0.9451734894825814
6613,0.6711331247827598,0.054843937888848227,0.9451560621111518
6614,0.6712895377128953,0.054843937888848227,0.9451560621111518
6615,0.6712895377128953,0.054861365260277795,0.9451386347397221
6616,0.6713590545707334,0.054861365260277795,0.9451386347397221
6617,0.6713590545707334,0.054896220003136924,0.9451037799968631
6618,0.6714111922141119,0.054896220003136924,0.9451037799968631
6619,0.6714111922141119,0.05491364737456649,0.9450863526254335
6620,0.6714459506430309,0.05491364737456649,0.9450863526254335
6621,0.6714459506430309,0.05494850211742563,0.9450514978825744
6622,0.6714807090719499,0.05494850211742563,0.9450514978825744
6623,0.6714807090719499,0.054965929488855196,0.9450340705111449
6624,0.6715328467153284,0.054965929488855196,0.9450340705111449
6625,0.6715328467153284,0.054983356860284764,0.9450166431397152
6626,0.671584984358707,0.054983356860284764,0.9450166431397152
6627,0.671584984358707,0.05500078423171433,0.9449992157682857
6628,0.6716718804310046,0.05500078423171433,0.9449992157682857
6629,0.6716718804310046,0.0550182116031439,0.9449817883968561
6630,0.6717761557177615,0.0550182116031439,0.9449817883968561
6631,0.6717761557177615,0.05503563897457347,0.9449643610254266
6632,0.671793534932221,0.05503563897457347,0.9449643610254266
6633,0.671793534932221,0.0550704937174326,0.9449295062825674
6634,0.67182829336114,0.0550704937174326,0.9449295062825674
6635,0.67182829336114,0.055087921088862166,0.9449120789111378
6636,0.6718456725755996,0.055087921088862166,0.9449120789111378
6637,0.6718456725755996,0.055105348460291734,0.9448946515397083
6638,0.6719151894334376,0.055105348460291734,0.9448946515397083
6639,0.6719151894334376,0.0551227758317213,0.9448772241682787
6640,0.6719673270768162,0.0551227758317213,0.9448772241682787
6641,0.6719673270768162,0.05514020320315087,0.9448597967968492
6642,0.6720194647201947,0.05514020320315087,0.9448597967968492
6643,0.6720194647201947,0.055175057946010006,0.94482494205399
6644,0.6720542231491137,0.055175057946010006,0.94482494205399
6645,0.6720542231491137,0.0552273400602987,0.9447726599397013
6646,0.6721584984358707,0.0552273400602987,0.9447726599397013
6647,0.6721584984358707,0.05524476743172827,0.9447552325682718
6648,0.6722106360792492,0.05524476743172827,0.9447552325682718
6649,0.6722106360792492,0.05526219480315784,0.9447378051968421
6650,0.6722280152937087,0.05526219480315784,0.9447378051968421
6651,0.6722280152937087,0.05527962217458741,0.9447203778254126
6652,0.6722627737226278,0.05527962217458741,0.9447203778254126
6653,0.6722627737226278,0.055297049546016976,0.944702950453983
6654,0.6724539450816823,0.055297049546016976,0.944702950453983
6655,0.6724539450816823,0.055314476917446544,0.9446855230825535
6656,0.6724713242961418,0.055314476917446544,0.9446855230825535
6657,0.6724713242961418,0.05533190428887611,0.9446680957111239
6658,0.6725755995828988,0.05533190428887611,0.9446680957111239
6659,0.6725755995828988,0.05540161377459438,0.9445983862254056
6660,0.6726451164407369,0.05540161377459438,0.9445983862254056
6661,0.6726451164407369,0.055419041146023945,0.9445809588539761
6662,0.6726624956551964,0.055419041146023945,0.9445809588539761
6663,0.6726624956551964,0.05543646851745351,0.9445635314825465
6664,0.6726972540841154,0.05543646851745351,0.9445635314825465
6665,0.6726972540841154,0.05545389588888308,0.944546104111117
6666,0.672818908585332,0.05545389588888308,0.944546104111117
6667,0.672818908585332,0.05547132326031265,0.9445286767396873
6668,0.672853667014251,0.05547132326031265,0.9445286767396873
6669,0.672853667014251,0.05548875063174222,0.9445112493682578
6670,0.6730448383733055,0.05548875063174222,0.9445112493682578
6671,0.6730448383733055,0.05550617800317178,0.9444938219968282
6672,0.6731143552311436,0.05550617800317178,0.9444938219968282
6673,0.6731143552311436,0.055541032746030915,0.944458967253969
6674,0.6732186305179005,0.055541032746030915,0.944458967253969
6675,0.6732186305179005,0.05555846011746048,0.9444415398825395
6676,0.6732707681612791,0.05555846011746048,0.9444415398825395
6677,0.6732707681612791,0.05557588748889005,0.9444241125111099
6678,0.6732881473757386,0.05557588748889005,0.9444241125111099
6679,0.6732881473757386,0.05559331486031962,0.9444066851396804
6680,0.6734445603058742,0.05559331486031962,0.9444066851396804
6681,0.6734445603058742,0.05564559697460832,0.9443544030253916
6682,0.6734793187347932,0.05564559697460832,0.9443544030253916
6683,0.6734793187347932,0.05568045171746745,0.9443195482825325
6684,0.6735140771637123,0.05568045171746745,0.9443195482825325
6685,0.6735140771637123,0.05569787908889702,0.944302120911103
6686,0.6735314563781717,0.05569787908889702,0.944302120911103
6687,0.6735662148070907,0.05569787908889702,0.944302120911103
6688,0.6737921445950643,0.05569787908889702,0.944302120911103
6689,0.6737921445950643,0.05571530646032659,0.9442846935396734
6690,0.6738790406673618,0.05571530646032659,0.9442846935396734
6691,0.6738790406673618,0.05573273383175616,0.9442672661682439
6692,0.6740180743830378,0.05573273383175616,0.9442672661682439
6693,0.6740180743830378,0.055750161203185725,0.9442498387968142
6694,0.6740702120264164,0.055750161203185725,0.9442498387968142
6695,0.6740702120264164,0.05576758857461529,0.9442324114253847
6696,0.674226624956552,0.05576758857461529,0.9442324114253847
6697,0.674226624956552,0.05578501594604486,0.9442149840539551
6698,0.6742613833854709,0.05578501594604486,0.9442149840539551
6699,0.6742613833854709,0.05580244331747442,0.9441975566825256
6700,0.6743135210288494,0.05580244331747442,0.9441975566825256
6701,0.6743482794577685,0.05580244331747442,0.9441975566825256
6702,0.6743830378866875,0.05580244331747442,0.9441975566825256
6703,0.6743830378866875,0.05581987068890399,0.944180129311096
6704,0.674435175530066,0.05581987068890399,0.944180129311096
6705,0.674435175530066,0.05583729806033356,0.9441627019396664
6706,0.6744525547445256,0.055854725431763126,0.9441452745682368
6707,0.674469933958985,0.055854725431763126,0.9441452745682368
6708,0.674469933958985,0.055872152803192694,0.9441278471968073
6709,0.6745394508168231,0.055872152803192694,0.9441278471968073
6710,0.6745394508168231,0.05590700754605183,0.9440929924539482
6711,0.6745568300312826,0.05590700754605183,0.9440929924539482
6712,0.6745568300312826,0.0559244349174814,0.9440755650825186
6713,0.6746611053180396,0.0559244349174814,0.9440755650825186
6714,0.6746611053180396,0.055941862288910967,0.944058137711089
6715,0.6746784845324991,0.05595928966034053,0.9440407103396595
6716,0.6747306221758776,0.05595928966034053,0.9440407103396595
6717,0.6747306221758776,0.055976717031770096,0.9440232829682299
6718,0.6749044143204728,0.055976717031770096,0.9440232829682299
6719,0.6749044143204728,0.055994144403199664,0.9440058555968003
6720,0.6749217935349322,0.055994144403199664,0.9440058555968003
6721,0.6749217935349322,0.05601157177462923,0.9439884282253708
6722,0.6751129648939868,0.05601157177462923,0.9439884282253708
6723,0.6751129648939868,0.056063853888917936,0.943936146111082
6724,0.6751651025373653,0.056063853888917936,0.943936146111082
6725,0.6751651025373653,0.056081281260347504,0.9439187187396525
6726,0.6752519986096629,0.056081281260347504,0.9439187187396525
6727,0.6752519986096629,0.05609870863177707,0.943901291368223
6728,0.6753041362530413,0.05609870863177707,0.943901291368223
6729,0.6753388946819604,0.05609870863177707,0.943901291368223
6730,0.6753388946819604,0.05611613600320663,0.9438838639967934
6731,0.6753562738964198,0.05611613600320663,0.9438838639967934
6732,0.6753562738964198,0.0561335633746362,0.9438664366253638
6733,0.6754257907542579,0.0561335633746362,0.9438664366253638
6734,0.6754605491831769,0.0561335633746362,0.9438664366253638
6735,0.6755822036843935,0.0561335633746362,0.9438664366253638
6736,0.6755822036843935,0.05615099074606577,0.9438490092539342
6737,0.6756169621133125,0.05615099074606577,0.9438490092539342
6738,0.6756169621133125,0.05616841811749534,0.9438315818825047
6739,0.675669099756691,0.05616841811749534,0.9438315818825047
6740,0.675669099756691,0.056185845488924906,0.9438141545110751
6741,0.6756864789711505,0.056185845488924906,0.9438141545110751
6742,0.6756864789711505,0.056203272860354474,0.9437967271396456
6743,0.675808133472367,0.056203272860354474,0.9437967271396456
6744,0.675808133472367,0.05622070023178404,0.943779299768216
6745,0.6759645464025026,0.05622070023178404,0.943779299768216
6746,0.6759645464025026,0.05623812760321361,0.9437618723967864
6747,0.6760340632603407,0.05623812760321361,0.9437618723967864
6748,0.6760340632603407,0.05625555497464318,0.9437444450253568
6749,0.6762426138338548,0.05625555497464318,0.9437444450253568
6750,0.6762426138338548,0.05627298234607274,0.9437270176539273
6751,0.6762773722627737,0.05627298234607274,0.9437270176539273
6752,0.6762773722627737,0.05629040971750231,0.9437095902824977
6753,0.6763468891206117,0.05629040971750231,0.9437095902824977
6754,0.6763468891206117,0.056307837088931875,0.9436921629110682
6755,0.6763642683350712,0.056307837088931875,0.9436921629110682
6756,0.6763642683350712,0.05632526446036144,0.9436747355396385
6757,0.6766770941953424,0.05632526446036144,0.9436747355396385
6758,0.6766770941953424,0.05634269183179101,0.943657308168209
6759,0.6767118526242614,0.05634269183179101,0.943657308168209
6760,0.6767118526242614,0.05636011920322058,0.9436398807967794
6761,0.6767987486965589,0.05636011920322058,0.9436398807967794
6762,0.6767987486965589,0.05637754657465015,0.9436224534253499
6763,0.676833507125478,0.05637754657465015,0.9436224534253499
6764,0.676833507125478,0.056394973946079716,0.9436050260539203
6765,0.6769551616266944,0.056394973946079716,0.9436050260539203
6766,0.6769551616266944,0.05641240131750928,0.9435875986824908
6767,0.676972540841154,0.05641240131750928,0.9435875986824908
6768,0.676972540841154,0.056429828688938845,0.9435701713110611
6769,0.6771984706291275,0.056429828688938845,0.9435701713110611
6770,0.6771984706291275,0.05644725606036841,0.9435527439396316
6771,0.6772332290580466,0.05644725606036841,0.9435527439396316
6772,0.6772332290580466,0.05646468343179798,0.943535316568202
6773,0.6773548835592631,0.05646468343179798,0.943535316568202
6774,0.6773548835592631,0.05648211080322755,0.9435178891967725
6775,0.6774939172749391,0.05648211080322755,0.9435178891967725
6776,0.6774939172749391,0.05649953817465712,0.9435004618253429
6777,0.6775634341327772,0.05649953817465712,0.9435004618253429
6778,0.6775634341327772,0.056516965546086685,0.9434830344539133
6779,0.6775808133472367,0.056516965546086685,0.9434830344539133
6780,0.6775808133472367,0.05653439291751625,0.9434656070824837
6781,0.6776155717761557,0.05653439291751625,0.9434656070824837
6782,0.6776155717761557,0.05655182028894582,0.9434481797110542
6783,0.6778241223496698,0.05655182028894582,0.9434481797110542
6784,0.6778241223496698,0.05656924766037538,0.9434307523396246
6785,0.6780500521376434,0.05656924766037538,0.9434307523396246
6786,0.6780500521376434,0.05660410240323452,0.9433958975967655
6787,0.6781021897810219,0.05660410240323452,0.9433958975967655
6788,0.6781021897810219,0.05662152977466409,0.9433784702253359
6789,0.6781195689954814,0.05662152977466409,0.9433784702253359
6790,0.6781195689954814,0.056638957146093655,0.9433610428539063
6791,0.6781543274244004,0.056638957146093655,0.9433610428539063
6792,0.6781543274244004,0.05667381188895279,0.9433261881110472
6793,0.67817170663886,0.05667381188895279,0.9433261881110472
6794,0.67817170663886,0.05669123926038236,0.9433087607396177
6795,0.6781890858533194,0.05669123926038236,0.9433087607396177
6796,0.6781890858533194,0.05670866663181193,0.943291333368188
6797,0.6782238442822385,0.05670866663181193,0.943291333368188
6798,0.6782238442822385,0.05672609400324149,0.9432739059967585
6799,0.678310740354536,0.05672609400324149,0.9432739059967585
6800,0.678310740354536,0.056743521374671056,0.9432564786253289
6801,0.678449774070212,0.056743521374671056,0.9432564786253289
6802,0.678449774070212,0.056760948746100624,0.9432390512538994
6803,0.6784671532846716,0.056760948746100624,0.9432390512538994
6804,0.6784671532846716,0.05679580348895976,0.9432041965110403
6805,0.6785192909280501,0.05679580348895976,0.9432041965110403
6806,0.6785192909280501,0.05681323086038933,0.9431867691396106
6807,0.6787104622871046,0.05681323086038933,0.9431867691396106
6808,0.6787104622871046,0.0568306582318189,0.9431693417681811
6809,0.6787973583594021,0.0568306582318189,0.9431693417681811
6810,0.6787973583594021,0.05686551297467803,0.943134487025322
6811,0.6788494960027807,0.05686551297467803,0.943134487025322
6812,0.6788494960027807,0.056882940346107594,0.9431170596538924
6813,0.6788668752172402,0.056882940346107594,0.9431170596538924
6814,0.6788668752172402,0.05690036771753716,0.9430996322824629
6815,0.6789363920750782,0.05690036771753716,0.9430996322824629
6816,0.6789363920750782,0.056952649831825866,0.9430473501681741
6817,0.6790059089329162,0.056952649831825866,0.9430473501681741
6818,0.6790059089329162,0.056970077203255434,0.9430299227967446
6819,0.6790406673618352,0.056970077203255434,0.9430299227967446
6820,0.6790406673618352,0.056987504574685,0.943012495425315
6821,0.6791623218630518,0.056987504574685,0.943012495425315
6822,0.6791623218630518,0.05700493194611457,0.9429950680538854
6823,0.6791970802919708,0.05700493194611457,0.9429950680538854
6824,0.6791970802919708,0.05702235931754413,0.9429776406824558
6825,0.6792318387208898,0.05702235931754413,0.9429776406824558
6826,0.6792318387208898,0.0570397866889737,0.9429602133110263
6827,0.6793708724365659,0.0570397866889737,0.9429602133110263
6828,0.6793708724365659,0.05705721406040327,0.9429427859395967
6829,0.6794056308654849,0.05705721406040327,0.9429427859395967
6830,0.6794056308654849,0.057074641431832836,0.9429253585681672
6831,0.6794577685088634,0.057074641431832836,0.9429253585681672
6832,0.6794577685088634,0.057092068803262404,0.9429079311967375
6833,0.6794925269377824,0.057092068803262404,0.9429079311967375
6834,0.6794925269377824,0.05710949617469197,0.942890503825308
6835,0.6795272853667014,0.05710949617469197,0.942890503825308
6836,0.6795272853667014,0.05712692354612154,0.9428730764538784
6837,0.6796663190823775,0.05712692354612154,0.9428730764538784
6838,0.6796663190823775,0.05714435091755111,0.9428556490824489
6839,0.679718456725756,0.05714435091755111,0.9428556490824489
6840,0.679718456725756,0.057161778288980676,0.9428382217110193
6841,0.6797358359402155,0.057161778288980676,0.9428382217110193
6842,0.6797358359402155,0.05717920566041024,0.9428207943395898
6843,0.6798053527980535,0.05717920566041024,0.9428207943395898
6844,0.6798053527980535,0.057196633031839805,0.9428033669681601
6845,0.6798227320125131,0.057196633031839805,0.9428033669681601
6846,0.6798227320125131,0.05721406040326937,0.9427859395967306
6847,0.6800486618004866,0.05721406040326937,0.9427859395967306
6848,0.6800486618004866,0.05723148777469894,0.9427685122253011
6849,0.6801007994438651,0.05723148777469894,0.9427685122253011
6850,0.6801007994438651,0.05724891514612851,0.9427510848538715
6851,0.6801181786583247,0.05724891514612851,0.9427510848538715
6852,0.6801181786583247,0.057283769888987646,0.9427162301110124
6853,0.6801355578727841,0.057283769888987646,0.9427162301110124
6854,0.6801355578727841,0.057301197260417214,0.9426988027395828
6855,0.6802050747306222,0.057301197260417214,0.9426988027395828
6856,0.6802050747306222,0.05731862463184678,0.9426813753681532
6857,0.6802745915884602,0.05731862463184678,0.9426813753681532
6858,0.6802745915884602,0.05733605200327634,0.9426639479967237
6859,0.6804136253041363,0.05733605200327634,0.9426639479967237
6860,0.6804136253041363,0.05735347937470591,0.9426465206252941
6861,0.6805526590198123,0.05735347937470591,0.9426465206252941
6862,0.6805526590198123,0.05737090674613548,0.9426290932538646
6863,0.6806221758776503,0.05737090674613548,0.9426290932538646
6864,0.6806221758776503,0.05738833411756505,0.942611665882435
6865,0.6806916927354884,0.05738833411756505,0.942611665882435
6866,0.6806916927354884,0.057405761488994615,0.9425942385110054
6867,0.6807438303788669,0.057405761488994615,0.9425942385110054
6868,0.6807438303788669,0.05742318886042418,0.9425768111395758
6869,0.6807959680222454,0.05742318886042418,0.9425768111395758
6870,0.6807959680222454,0.05744061623185375,0.9425593837681463
6871,0.6808307264511644,0.05744061623185375,0.9425593837681463
6872,0.6808307264511644,0.05745804360328332,0.9425419563967167
6873,0.680952380952381,0.05745804360328332,0.9425419563967167
6874,0.680952380952381,0.05751032571757202,0.942489674282428
6875,0.6814042405283282,0.05751032571757202,0.942489674282428
6876,0.6814389989572471,0.05751032571757202,0.942489674282428
6877,0.6815085158150852,0.05751032571757202,0.942489674282428
6878,0.6815085158150852,0.057527753089001585,0.9424722469109984
6879,0.6815432742440042,0.057527753089001585,0.9424722469109984
6880,0.6815432742440042,0.05754518046043115,0.9424548195395689
6881,0.6815780326729232,0.05754518046043115,0.9424548195395689
6882,0.6815780326729232,0.05756260783186072,0.9424373921681393
6883,0.6816301703163017,0.05756260783186072,0.9424373921681393
6884,0.6816301703163017,0.05758003520329029,0.9424199647967098
6885,0.6818561001042753,0.05758003520329029,0.9424199647967098
6886,0.6818561001042753,0.05759746257471986,0.9424025374252801
6887,0.6820125130344108,0.05759746257471986,0.9424025374252801
6888,0.6820125130344108,0.057614889946149425,0.9423851100538506
6889,0.6820472714633299,0.057614889946149425,0.9423851100538506
6890,0.6820472714633299,0.057632317317578986,0.942367682682421
6891,0.6820820298922489,0.057632317317578986,0.942367682682421
6892,0.6820820298922489,0.057649744689008554,0.9423502553109915
6893,0.6821515467500869,0.057649744689008554,0.9423502553109915
6894,0.6821515467500869,0.05766717206043812,0.9423328279395619
6895,0.6821689259645464,0.05766717206043812,0.9423328279395619
6896,0.6821689259645464,0.05768459943186769,0.9423154005681323
6897,0.6822732012513034,0.05768459943186769,0.9423154005681323
6898,0.6822732012513034,0.05771945417472683,0.9422805458252732
6899,0.6824122349669794,0.05771945417472683,0.9422805458252732
6900,0.6824122349669794,0.05775430891758596,0.9422456910824141
6901,0.6826381647549531,0.05775430891758596,0.9422456910824141
6902,0.6826381647549531,0.05777173628901553,0.9422282637109844
6903,0.6827598192561696,0.05777173628901553,0.9422282637109844
6904,0.6827598192561696,0.05778916366044509,0.9422108363395549
6905,0.6828293361140076,0.05778916366044509,0.9422108363395549
6906,0.6828293361140076,0.05780659103187466,0.9421934089681253
6907,0.6829336114007647,0.05780659103187466,0.9421934089681253
6908,0.6829336114007647,0.057841445774733796,0.9421585542252662
6909,0.6829509906152242,0.057841445774733796,0.9421585542252662
6910,0.6829509906152242,0.057858873146163364,0.9421411268538367
6911,0.6829857490441432,0.057858873146163364,0.9421411268538367
6912,0.6829857490441432,0.05787630051759293,0.942123699482407
6913,0.6830205074730622,0.05787630051759293,0.942123699482407
6914,0.6830205074730622,0.0578937278890225,0.9421062721109775
6915,0.6831074035453597,0.0578937278890225,0.9421062721109775
6916,0.6831074035453597,0.05792858263188164,0.9420714173681184
6917,0.6831247827598192,0.05792858263188164,0.9420714173681184
6918,0.6831247827598192,0.0579460100033112,0.9420539899966888
6919,0.6831942996176573,0.0579460100033112,0.9420539899966888
6920,0.6831942996176573,0.057963437374740766,0.9420365626252593
6921,0.6832116788321168,0.057963437374740766,0.9420365626252593
6922,0.6832116788321168,0.057980864746170334,0.9420191352538296
6923,0.6832290580465763,0.057980864746170334,0.9420191352538296
6924,0.6832290580465763,0.0579982921175999,0.9420017078824001
6925,0.6833333333333333,0.0579982921175999,0.9420017078824001
6926,0.6833333333333333,0.05801571948902947,0.9419842805109705
6927,0.6833854709767119,0.05801571948902947,0.9419842805109705
6928,0.6833854709767119,0.058050574231888606,0.9419494257681114
6929,0.6834202294056309,0.058050574231888606,0.9419494257681114
6930,0.6834202294056309,0.058068001603318174,0.9419319983966818
6931,0.6836635384080639,0.058068001603318174,0.9419319983966818
6932,0.6836635384080639,0.058085428974747735,0.9419145710252522
6933,0.6837156760514425,0.058085428974747735,0.9419145710252522
6934,0.6837156760514425,0.05812028371760687,0.9418797162823931
6935,0.6838199513381995,0.05812028371760687,0.9418797162823931
6936,0.6838199513381995,0.05813771108903644,0.9418622889109636
6937,0.6838547097671185,0.05813771108903644,0.9418622889109636
6938,0.6838547097671185,0.05815513846046601,0.941844861539534
6939,0.683872088981578,0.05815513846046601,0.941844861539534
6940,0.683872088981578,0.058172565831895576,0.9418274341681044
6941,0.6839589850538755,0.058172565831895576,0.9418274341681044
6942,0.6839589850538755,0.05820742057475471,0.9417925794252453
6943,0.6839763642683351,0.05820742057475471,0.9417925794252453
6944,0.6839763642683351,0.05822484794618428,0.9417751520538157
6945,0.6840111226972541,0.05822484794618428,0.9417751520538157
6946,0.6840111226972541,0.05824227531761384,0.9417577246823862
6947,0.6840632603406326,0.05824227531761384,0.9417577246823862
6948,0.6840632603406326,0.05825970268904341,0.9417402973109565
6949,0.6840980187695516,0.05825970268904341,0.9417402973109565
6950,0.6840980187695516,0.05827713006047298,0.941722869939527
6951,0.6841849148418492,0.05827713006047298,0.941722869939527
6952,0.6841849148418492,0.058294557431902545,0.9417054425680974
6953,0.6842022940563086,0.058294557431902545,0.9417054425680974
6954,0.6842022940563086,0.05831198480333211,0.9416880151966679
6955,0.6842891901286062,0.05831198480333211,0.9416880151966679
6956,0.6842891901286062,0.05832941217476168,0.9416705878252383
6957,0.6844108446298227,0.05832941217476168,0.9416705878252383
6958,0.6844108446298227,0.05836426691762082,0.9416357330823791
6959,0.6844456030587417,0.05836426691762082,0.9416357330823791
6960,0.6844456030587417,0.058381694289050386,0.9416183057109496
6961,0.6844803614876608,0.058381694289050386,0.9416183057109496
6962,0.6844977407021202,0.058381694289050386,0.9416183057109496
6963,0.6844977407021202,0.05839912166047995,0.94160087833952
6964,0.6848279457768509,0.05839912166047995,0.94160087833952
6965,0.6848279457768509,0.058416549031909515,0.9415834509680905
6966,0.6848627042057699,0.058416549031909515,0.9415834509680905
6967,0.6848627042057699,0.05843397640333908,0.941566023596661
6968,0.6849843587069865,0.05843397640333908,0.941566023596661
6969,0.6849843587069865,0.05845140377476865,0.9415485962252313
6970,0.6850191171359055,0.05845140377476865,0.9415485962252313
6971,0.6850538755648244,0.05845140377476865,0.9415485962252313
6972,0.6850538755648244,0.05846883114619822,0.9415311688538017
6973,0.685106013208203,0.05846883114619822,0.9415311688538017
6974,0.685106013208203,0.05848625851762779,0.9415137414823722
6975,0.685140771637122,0.05848625851762779,0.9415137414823722
6976,0.685140771637122,0.058503685889057355,0.9414963141109427
6977,0.6853667014250956,0.058503685889057355,0.9414963141109427
6978,0.6853667014250956,0.05852111326048692,0.9414788867395131
6979,0.6854709767118526,0.05852111326048692,0.9414788867395131
6980,0.6854709767118526,0.05853854063191649,0.9414614593680835
6981,0.6855926312130691,0.05853854063191649,0.9414614593680835
6982,0.6855926312130691,0.05855596800334605,0.9414440319966539
6983,0.6856100104275287,0.05855596800334605,0.9414440319966539
6984,0.6856100104275287,0.05857339537477562,0.9414266046252244
6985,0.6856621480709072,0.05857339537477562,0.9414266046252244
6986,0.6856621480709072,0.05859082274620519,0.9414091772537948
6987,0.6856795272853667,0.05859082274620519,0.9414091772537948
6988,0.6856795272853667,0.05860825011763476,0.9413917498823653
6989,0.6856969064998262,0.058625677489064325,0.9413743225109357
6990,0.6857664233576642,0.058625677489064325,0.9413743225109357
6991,0.6857664233576642,0.05864310486049389,0.9413568951395062
6992,0.6858011817865832,0.05864310486049389,0.9413568951395062
6993,0.6858011817865832,0.05866053223192346,0.9413394677680765
6994,0.6858185610010428,0.05866053223192346,0.9413394677680765
6995,0.6858533194299617,0.05866053223192346,0.9413394677680765
6996,0.6858533194299617,0.05869538697478259,0.9413046130252174
6997,0.6858880778588807,0.05869538697478259,0.9413046130252174
6998,0.6858880778588807,0.05871281434621216,0.9412871856537879
6999,0.6859228362877998,0.05871281434621216,0.9412871856537879
7000,0.6859228362877998,0.058730241717641726,0.9412697582823583
7001,0.6859402155022593,0.058730241717641726,0.9412697582823583
7002,0.6859402155022593,0.05879995120336,0.94120004879664
7003,0.6862356621480709,0.05879995120336,0.94120004879664
7004,0.6862356621480709,0.05881737857478957,0.9411826214252105
7005,0.6862530413625304,0.05881737857478957,0.9411826214252105
7006,0.6862530413625304,0.058834805946219135,0.9411651940537809
7007,0.6863225582203685,0.058834805946219135,0.9411651940537809
7008,0.6863225582203685,0.058852233317648696,0.9411477666823513
7009,0.686374695863747,0.058852233317648696,0.9411477666823513
7010,0.686374695863747,0.0589045154319374,0.9410954845680626
7011,0.6863920750782064,0.0589045154319374,0.9410954845680626
7012,0.6863920750782064,0.05892194280336697,0.9410780571966331
7013,0.6864615919360445,0.05892194280336697,0.9410780571966331
7014,0.6864615919360445,0.058939370174796536,0.9410606298252034
7015,0.6867744177963157,0.058939370174796536,0.9410606298252034
7016,0.6867744177963157,0.05899165228908524,0.9410083477109148
7017,0.6867917970107751,0.05899165228908524,0.9410083477109148
7018,0.6867917970107751,0.05902650703194437,0.9409734929680557
7019,0.6868091762252346,0.05902650703194437,0.9409734929680557
7020,0.6868091762252346,0.05904393440337394,0.940956065596626
7021,0.6868265554396942,0.05904393440337394,0.940956065596626
7022,0.6868265554396942,0.059061361774803506,0.9409386382251965
7023,0.6869308307264511,0.059061361774803506,0.9409386382251965
7024,0.6869308307264511,0.059078789146233074,0.9409212108537669
7025,0.6870177267987487,0.059078789146233074,0.9409212108537669
7026,0.6870177267987487,0.05909621651766264,0.9409037834823374
7027,0.6870698644421273,0.05909621651766264,0.9409037834823374
7028,0.6870698644421273,0.05913107126052178,0.9408689287394782
7029,0.6871220020855058,0.05913107126052178,0.9408689287394782
7030,0.6871220020855058,0.059148498631951346,0.9408515013680486
7031,0.6871393812999652,0.059148498631951346,0.9408515013680486
7032,0.6871393812999652,0.05916592600338091,0.9408340739966191
7033,0.6872784150156412,0.05916592600338091,0.9408340739966191
7034,0.6872784150156412,0.05920078074624004,0.94079921925376
7035,0.6873131734445603,0.05920078074624004,0.94079921925376
7036,0.6873131734445603,0.05921820811766961,0.9407817918823304
7037,0.6873305526590198,0.05921820811766961,0.9407817918823304
7038,0.6873305526590198,0.05923563548909918,0.9407643645109008
7039,0.6873653110879389,0.05923563548909918,0.9407643645109008
7040,0.6873653110879389,0.059270490231958316,0.9407295097680417
7041,0.6874869655891553,0.059270490231958316,0.9407295097680417
7042,0.6874869655891553,0.059287917603387884,0.9407120823966121
7043,0.6876607577337505,0.059287917603387884,0.9407120823966121
7044,0.6876607577337505,0.059305344974817445,0.9406946550251826
7045,0.6879735835940215,0.059305344974817445,0.9406946550251826
7046,0.6879735835940215,0.05934019971767658,0.9406598002823234
7047,0.6881473757386166,0.05934019971767658,0.9406598002823234
7048,0.6881473757386166,0.05935762708910615,0.9406423729108938
7049,0.6882342718109141,0.05935762708910615,0.9406423729108938
7050,0.6882342718109141,0.05937505446053572,0.9406249455394643
7051,0.6882864094542926,0.05937505446053572,0.9406249455394643
7052,0.6882864094542926,0.059392481831965285,0.9406075181680347
7053,0.6883211678832116,0.059392481831965285,0.9406075181680347
7054,0.6883211678832116,0.05942733657482442,0.9405726634251755
7055,0.6885470976711853,0.05942733657482442,0.9405726634251755
7056,0.6885470976711853,0.05944476394625399,0.940555236053746
7057,0.6885818561001043,0.05944476394625399,0.940555236053746
7058,0.6885818561001043,0.05946219131768355,0.9405378086823164
7059,0.6885992353145638,0.05946219131768355,0.9405378086823164
7060,0.6885992353145638,0.05949704606054269,0.9405029539394573
7061,0.6886166145290233,0.05949704606054269,0.9405029539394573
7062,0.6886166145290233,0.059514473431972255,0.9404855265680278
7063,0.6886861313868613,0.059514473431972255,0.9404855265680278
7064,0.6886861313868613,0.05953190080340182,0.9404680991965981
7065,0.6887208898157803,0.05953190080340182,0.9404680991965981
7066,0.6887208898157803,0.05954932817483139,0.9404506718251686
7067,0.6887382690302398,0.05954932817483139,0.9404506718251686
7068,0.6887382690302398,0.05958418291769053,0.9404158170823095
7069,0.6888251651025373,0.05958418291769053,0.9404158170823095
7070,0.6888251651025373,0.059601610289120095,0.9403983897108799
7071,0.6888425443169969,0.059601610289120095,0.9403983897108799
7072,0.6888425443169969,0.05965389240340879,0.9403461075965912
7073,0.6888773027459159,0.05965389240340879,0.9403461075965912
7074,0.6888773027459159,0.05967131977483836,0.9403286802251616
7075,0.6888946819603754,0.05967131977483836,0.9403286802251616
7076,0.6888946819603754,0.05968874714626793,0.9403112528537321
7077,0.6889294403892944,0.05968874714626793,0.9403112528537321
7078,0.6889294403892944,0.0597061745176975,0.9402938254823026
7079,0.6889641988182135,0.0597061745176975,0.9402938254823026
7080,0.6889641988182135,0.05974102926055663,0.9402589707394433
7081,0.6890684741049704,0.05974102926055663,0.9402589707394433
7082,0.6890684741049704,0.0597584566319862,0.9402415433680138
7083,0.68908585331943,0.0597584566319862,0.9402415433680138
7084,0.68908585331943,0.05979331137484533,0.9402066886251547
7085,0.6891379909628085,0.05979331137484533,0.9402066886251547
7086,0.6891379909628085,0.0598107387462749,0.9401892612537252
7087,0.689155370177268,0.0598107387462749,0.9401892612537252
7088,0.689155370177268,0.059845593489134034,0.940154406510866
7089,0.689224887035106,0.059845593489134034,0.940154406510866
7090,0.689224887035106,0.0598630208605636,0.9401369791394364
7091,0.6895550921098367,0.0598630208605636,0.9401369791394364
7092,0.6895550921098367,0.05988044823199317,0.9401195517680069
7093,0.6896419881821342,0.05988044823199317,0.9401195517680069
7094,0.6896419881821342,0.05989787560342274,0.9401021243965773
7095,0.6896767466110532,0.05989787560342274,0.9401021243965773
7096,0.6897115050399721,0.05989787560342274,0.9401021243965773
7097,0.6898505387556483,0.05989787560342274,0.9401021243965773
7098,0.6898505387556483,0.059950157717711436,0.9400498422822886
7099,0.6898679179701077,0.059950157717711436,0.9400498422822886
7100,0.6898679179701077,0.059967585089141004,0.940032414910859
7101,0.6899895724713243,0.059967585089141004,0.940032414910859
7102,0.6899895724713243,0.05998501246057057,0.9400149875394295
7103,0.6900938477580814,0.05998501246057057,0.9400149875394295
7104,0.6900938477580814,0.06001986720342971,0.9399801327965703
7105,0.6901286061870003,0.06001986720342971,0.9399801327965703
7106,0.6901286061870003,0.060037294574859276,0.9399627054251407
7107,0.6901633646159193,0.060037294574859276,0.9399627054251407
7108,0.6901633646159193,0.060072149317718405,0.9399278506822816
7109,0.6903371567605144,0.060072149317718405,0.9399278506822816
7110,0.690354535974974,0.060089576689147974,0.9399104233108521
7111,0.690389294403893,0.060089576689147974,0.9399104233108521
7112,0.690389294403893,0.06010700406057754,0.9398929959394224
7113,0.6904066736183524,0.06010700406057754,0.9398929959394224
7114,0.6904066736183524,0.06014185880343668,0.9398581411965633
7115,0.6904240528328119,0.06014185880343668,0.9398581411965633
7116,0.6904240528328119,0.060176713546295814,0.9398232864537042
7117,0.6905109489051094,0.060176713546295814,0.9398232864537042
7118,0.6905109489051094,0.06019414091772538,0.9398058590822747
7119,0.690667361835245,0.06019414091772538,0.9398058590822747
7120,0.690667361835245,0.06021156828915495,0.939788431710845
7121,0.6906847410497046,0.06021156828915495,0.939788431710845
7122,0.6906847410497046,0.06022899566058451,0.9397710043394155
7123,0.6907542579075425,0.06022899566058451,0.9397710043394155
7124,0.6907542579075425,0.06024642303201408,0.9397535769679859
7125,0.6907890163364616,0.06024642303201408,0.9397535769679859
7126,0.6907890163364616,0.06026385040344365,0.9397361495965564
7127,0.6908237747653806,0.06026385040344365,0.9397361495965564
7128,0.6908237747653806,0.060281277774873215,0.9397187222251268
7129,0.6908759124087591,0.060281277774873215,0.9397187222251268
7130,0.6908759124087591,0.06031613251773235,0.9396838674822676
7131,0.6909106708376781,0.06031613251773235,0.9396838674822676
7132,0.6909106708376781,0.06033355988916192,0.9396664401108381
7133,0.6910670837678137,0.06033355988916192,0.9396664401108381
7134,0.6910670837678137,0.060368414632021056,0.939631585367979
7135,0.6910844629822732,0.060368414632021056,0.939631585367979
7136,0.6910844629822732,0.06038584200345062,0.9396141579965493
7137,0.6914146680570038,0.06038584200345062,0.9396141579965493
7138,0.6914494264859229,0.06038584200345062,0.9396141579965493
7139,0.6915015641293013,0.06038584200345062,0.9396141579965493
7140,0.6915015641293013,0.060403269374880185,0.9395967306251198
7141,0.6915537017726798,0.060403269374880185,0.9395967306251198
7142,0.6915537017726798,0.06042069674630975,0.9395793032536902
7143,0.6915884602015989,0.06042069674630975,0.9395793032536902
7144,0.6915884602015989,0.06045555148916889,0.9395444485108311
7145,0.691727493917275,0.06045555148916889,0.9395444485108311
7146,0.691727493917275,0.06047297886059846,0.9395270211394016
7147,0.691797010775113,0.06047297886059846,0.9395270211394016
7148,0.691797010775113,0.060490406232028025,0.9395095937679719
7149,0.691831769204032,0.060490406232028025,0.9395095937679719
7150,0.691831769204032,0.06050783360345759,0.9394921663965424
7151,0.6920229405630866,0.06050783360345759,0.9394921663965424
7152,0.6920229405630866,0.060525260974887155,0.9394747390251128
7153,0.6920403197775461,0.060525260974887155,0.9394747390251128
7154,0.6920403197775461,0.06056011571774629,0.9394398842822537
7155,0.6920750782064651,0.06056011571774629,0.9394398842822537
7156,0.6920750782064651,0.06057754308917586,0.9394224569108242
7157,0.6921098366353841,0.06057754308917586,0.9394224569108242
7158,0.6921098366353841,0.06059497046060543,0.9394050295393945
7159,0.6921619742787626,0.06059497046060543,0.9394050295393945
7160,0.6921619742787626,0.060612397832034995,0.939387602167965
7161,0.6923705248522767,0.060612397832034995,0.939387602167965
7162,0.6923705248522767,0.06062982520346456,0.9393701747965354
7163,0.6924400417101148,0.06062982520346456,0.9393701747965354
7164,0.6924400417101148,0.06064725257489413,0.9393527474251059
7165,0.6925790754257908,0.06064725257489413,0.9393527474251059
7166,0.6925790754257908,0.06069953468918283,0.9393004653108171
7167,0.6925964546402502,0.06069953468918283,0.9393004653108171
7168,0.6925964546402502,0.060716962060612396,0.9392830379393876
7169,0.6926138338547098,0.060716962060612396,0.9392830379393876
7170,0.6926138338547098,0.06075181680347153,0.9392481831965285
7171,0.6926312130691693,0.06075181680347153,0.9392481831965285
7172,0.6926312130691693,0.0607692441749011,0.9392307558250989
7173,0.6926659714980883,0.0607692441749011,0.9392307558250989
7174,0.6926659714980883,0.060821526289189805,0.9391784737108102
7175,0.6927007299270073,0.060821526289189805,0.9391784737108102
7176,0.6927007299270073,0.060838953660619366,0.9391610463393807
7177,0.6927354883559264,0.060838953660619366,0.9391610463393807
7178,0.6927354883559264,0.0608738084034785,0.9391261915965214
7179,0.6928223844282239,0.0608738084034785,0.9391261915965214
7180,0.6928223844282239,0.06089123577490807,0.9391087642250919
7181,0.6928745220716024,0.06089123577490807,0.9391087642250919
7182,0.6928745220716024,0.06090866314633764,0.9390913368536624
7183,0.6929614181438999,0.06090866314633764,0.9390913368536624
7184,0.6929614181438999,0.060926090517767206,0.9390739094822328
7185,0.693030935001738,0.060926090517767206,0.9390739094822328
7186,0.693030935001738,0.060943517889196774,0.9390564821108032
7187,0.6930656934306569,0.060943517889196774,0.9390564821108032
7188,0.6930656934306569,0.06096094526062634,0.9390390547393737
7189,0.693135210288495,0.06096094526062634,0.9390390547393737
7190,0.693135210288495,0.060978372632055904,0.9390216273679441
7191,0.6932221063607925,0.060978372632055904,0.9390216273679441
7192,0.6932221063607925,0.06099580000348547,0.9390041999965145
7193,0.693239485575252,0.06099580000348547,0.9390041999965145
7194,0.693239485575252,0.06101322737491504,0.938986772625085
7195,0.6932568647897115,0.06101322737491504,0.938986772625085
7196,0.6932568647897115,0.06103065474634461,0.9389693452536554
7197,0.6933263816475496,0.06103065474634461,0.9389693452536554
7198,0.6933263816475496,0.061048082117774176,0.9389519178822259
7199,0.6933611400764685,0.061048082117774176,0.9389519178822259
7200,0.6933611400764685,0.061065509489203744,0.9389344905107962
7201,0.6933785192909281,0.061065509489203744,0.9389344905107962
7202,0.6933785192909281,0.06108293686063331,0.9389170631393667
7203,0.6935175530066041,0.06108293686063331,0.9389170631393667
7204,0.6935175530066041,0.06110036423206288,0.9388996357679371
7205,0.6935696906499826,0.06110036423206288,0.9388996357679371
7206,0.6935696906499826,0.06111779160349245,0.9388822083965076
7207,0.6936218282933612,0.06111779160349245,0.9388822083965076
7208,0.6936218282933612,0.06115264634635158,0.9388473536536485
7209,0.6936739659367397,0.06115264634635158,0.9388473536536485
7210,0.6936739659367397,0.061170073717781145,0.9388299262822188
7211,0.6937782412234967,0.061170073717781145,0.9388299262822188
7212,0.6937782412234967,0.06120492846064028,0.9387950715393597
7213,0.6938825165102538,0.06120492846064028,0.9387950715393597
7214,0.6938825165102538,0.06122235583206985,0.9387776441679302
7215,0.6938998957247132,0.06122235583206985,0.9387776441679302
7216,0.6938998957247132,0.06123978320349942,0.9387602167965006
7217,0.6939867917970107,0.06123978320349942,0.9387602167965006
7218,0.6939867917970107,0.061257210574928986,0.9387427894250711
7219,0.6940215502259298,0.061257210574928986,0.9387427894250711
7220,0.6940215502259298,0.06130949268921768,0.9386905073107823
7221,0.6941258255126869,0.06130949268921768,0.9386905073107823
7222,0.6941258255126869,0.06132692006064725,0.9386730799393528
7223,0.6941605839416058,0.06132692006064725,0.9386730799393528
7224,0.6941605839416058,0.06134434743207682,0.9386556525679232
7225,0.6942127215849844,0.06134434743207682,0.9386556525679232
7226,0.6942127215849844,0.061379202174935955,0.938620797825064
7227,0.6944560305874174,0.061379202174935955,0.938620797825064
7228,0.6944560305874174,0.06139662954636552,0.9386033704536345
7229,0.6945950643030935,0.06139662954636552,0.9386033704536345
7230,0.6945950643030935,0.06141405691779509,0.9385859430822049
7231,0.694612443517553,0.06141405691779509,0.9385859430822049
7232,0.694612443517553,0.06143148428922466,0.9385685157107754
7233,0.694647201946472,0.06143148428922466,0.9385685157107754
7234,0.694647201946472,0.06144891166065422,0.9385510883393458
7235,0.6946645811609315,0.06144891166065422,0.9385510883393458
7236,0.6946645811609315,0.06146633903208379,0.9385336609679162
7237,0.694786235662148,0.06146633903208379,0.9385336609679162
7238,0.694786235662148,0.06148376640351336,0.9385162335964866
7239,0.6948036148766076,0.06148376640351336,0.9385162335964866
7240,0.6948036148766076,0.06151862114637249,0.9384813788536275
7241,0.6948209940910671,0.06151862114637249,0.9384813788536275
7242,0.6948209940910671,0.06153604851780206,0.938463951482198
7243,0.6948731317344456,0.06153604851780206,0.938463951482198
7244,0.6948731317344456,0.06155347588923163,0.9384465241107683
7245,0.6949600278067432,0.06155347588923163,0.9384465241107683
7246,0.6949947862356621,0.06155347588923163,0.9384465241107683
7247,0.6950121654501217,0.06155347588923163,0.9384465241107683
7248,0.6950121654501217,0.06158833063209076,0.9384116693679092
7249,0.6950295446645811,0.06158833063209076,0.9384116693679092
7250,0.6950295446645811,0.061623185374949895,0.9383768146250501
7251,0.6950469238790407,0.061623185374949895,0.9383768146250501
7252,0.6950469238790407,0.06164061274637946,0.9383593872536206
7253,0.6950643030935002,0.06164061274637946,0.9383593872536206
7254,0.6950643030935002,0.0616754674892386,0.9383245325107614
7255,0.6950990615224192,0.0616754674892386,0.9383245325107614
7256,0.6950990615224192,0.0617277496035273,0.9382722503964727
7257,0.6951685783802573,0.0617277496035273,0.9382722503964727
7258,0.6952033368091762,0.0617277496035273,0.9382722503964727
7259,0.6952207160236358,0.0617277496035273,0.9382722503964727
7260,0.6952207160236358,0.061745176974956864,0.9382548230250431
7261,0.6953423705248523,0.061745176974956864,0.9382548230250431
7262,0.6953423705248523,0.06176260434638643,0.9382373956536135
7263,0.6954118873826903,0.06176260434638643,0.9382373956536135
7264,0.6954118873826903,0.06179745908924557,0.9382025409107544
7265,0.6954814042405283,0.06179745908924557,0.9382025409107544
7266,0.6954814042405283,0.06184974120353427,0.9381502587964657
7267,0.6955161626694474,0.06184974120353427,0.9381502587964657
7268,0.6955161626694474,0.06186716857496384,0.9381328314250361
7269,0.6956551963851234,0.06186716857496384,0.9381328314250361
7270,0.6956551963851234,0.06188459594639341,0.9381154040536066
7271,0.695915884602016,0.06188459594639341,0.9381154040536066
7272,0.695915884602016,0.06190202331782297,0.938097976682177
7273,0.6961070559610706,0.06190202331782297,0.938097976682177
7274,0.6961070559610706,0.06191945068925254,0.9380805493107475
7275,0.6964025026068822,0.06191945068925254,0.9380805493107475
7276,0.6964025026068822,0.061954305432111674,0.9380456945678883
7277,0.6964720194647201,0.061954305432111674,0.9380456945678883
7278,0.6964720194647201,0.06198916017497081,0.9380108398250292
7279,0.6965589155370178,0.06198916017497081,0.9380108398250292
7280,0.6965589155370178,0.06200658754640038,0.9379934124535996
7281,0.6965762947514772,0.06200658754640038,0.9379934124535996
7282,0.6965762947514772,0.062024014917829946,0.9379759850821701
7283,0.6966805700382342,0.062024014917829946,0.9379759850821701
7284,0.6966805700382342,0.062041442289259514,0.9379585577107404
7285,0.6968717413972888,0.062041442289259514,0.9379585577107404
7286,0.6968717413972888,0.062058869660689076,0.9379411303393109
7287,0.6968891206117483,0.062058869660689076,0.9379411303393109
7288,0.6968891206117483,0.062076297032118644,0.9379237029678813
7289,0.6969238790406673,0.062076297032118644,0.9379237029678813
7290,0.6969238790406673,0.06209372440354821,0.9379062755964518
7291,0.6969586374695864,0.06209372440354821,0.9379062755964518
7292,0.6969586374695864,0.06212857914640735,0.9378714208535927
7293,0.6970107751129649,0.06212857914640735,0.9378714208535927
7294,0.6970107751129649,0.062146006517836916,0.937853993482163
7295,0.6970455335418839,0.062146006517836916,0.937853993482163
7296,0.6970455335418839,0.06218086126069605,0.937819138739304
7297,0.6970629127563435,0.06218086126069605,0.937819138739304
7298,0.6970629127563435,0.06219828863212561,0.9378017113678744
7299,0.6971671880431004,0.06219828863212561,0.9378017113678744
7300,0.6971671880431004,0.06221571600355518,0.9377842839964449
7301,0.69718456725756,0.06221571600355518,0.9377842839964449
7302,0.69718456725756,0.06223314337498475,0.9377668566250152
7303,0.697254084115398,0.06223314337498475,0.9377668566250152
7304,0.697254084115398,0.06225057074641432,0.9377494292535857
7305,0.6973062217587765,0.06225057074641432,0.9377494292535857
7306,0.6973062217587765,0.062285425489273454,0.9377145745107266
7307,0.6973583594021551,0.062285425489273454,0.9377145745107266
7308,0.6973583594021551,0.06230285286070302,0.937697147139297
7309,0.697427876259993,0.06230285286070302,0.937697147139297
7310,0.697427876259993,0.06233770760356216,0.9376622923964378
7311,0.6975495307612096,0.06233770760356216,0.9376622923964378
7312,0.6975495307612096,0.06235513497499172,0.9376448650250083
7313,0.6975669099756691,0.06235513497499172,0.9376448650250083
7314,0.6975669099756691,0.06237256234642129,0.9376274376535787
7315,0.6977754605491832,0.06237256234642129,0.9376274376535787
7316,0.6977754605491832,0.062389989717850855,0.9376100102821492
7317,0.6978449774070212,0.062389989717850855,0.9376100102821492
7318,0.6978449774070212,0.06240741708928042,0.9375925829107196
7319,0.6978623566214807,0.06240741708928042,0.9375925829107196
7320,0.6978623566214807,0.06242484446070999,0.93757515553929
7321,0.6982273201251303,0.06242484446070999,0.93757515553929
7322,0.6982273201251303,0.06244227183213956,0.9375577281678604
7323,0.6982446993395899,0.06244227183213956,0.9375577281678604
7324,0.6982446993395899,0.06245969920356913,0.9375403007964309
7325,0.6982794577685089,0.06245969920356913,0.9375403007964309
7326,0.6982794577685089,0.062477126574998695,0.9375228734250013
7327,0.6982968369829684,0.062477126574998695,0.9375228734250013
7328,0.6982968369829684,0.06249455394642826,0.9375054460535718
7329,0.6983489746263469,0.06249455394642826,0.9375054460535718
7330,0.6983489746263469,0.06251198131785783,0.9374880186821422
7331,0.698453249913104,0.06251198131785783,0.9374880186821422
7332,0.698453249913104,0.0625294086892874,0.9374705913107126
7333,0.6985227667709419,0.0625294086892874,0.9374705913107126
7334,0.6985227667709419,0.06254683606071697,0.937453163939283
7335,0.6987139381299965,0.06254683606071697,0.937453163939283
7336,0.6987139381299965,0.06256426343214654,0.9374357365678535
7337,0.698731317344456,0.06256426343214654,0.9374357365678535
7338,0.698731317344456,0.06258169080357609,0.9374183091964239
7339,0.6989920055613487,0.06258169080357609,0.9374183091964239
7340,0.6989920055613487,0.06259911817500566,0.9374008818249944
7341,0.6991484184914842,0.06259911817500566,0.9374008818249944
7342,0.6991484184914842,0.06261654554643523,0.9373834544535647
7343,0.6991657977059437,0.06261654554643523,0.9373834544535647
7344,0.6991657977059437,0.0626339729178648,0.9373660270821352
7345,0.6993395898505388,0.0626339729178648,0.9373660270821352
7346,0.6993395898505388,0.06265140028929436,0.9373485997107056
7347,0.6993743482794578,0.06265140028929436,0.9373485997107056
7348,0.6993743482794578,0.06266882766072393,0.9373311723392761
7349,0.6994786235662148,0.06266882766072393,0.9373311723392761
7350,0.6994786235662148,0.0626862550321535,0.9373137449678465
7351,0.6995133819951338,0.0626862550321535,0.9373137449678465
7352,0.6995133819951338,0.06270368240358307,0.937296317596417
7353,0.6996002780674313,0.06270368240358307,0.937296317596417
7354,0.6996002780674313,0.06272110977501263,0.9372788902249873
7355,0.6996697949252694,0.06272110977501263,0.9372788902249873
7356,0.6997045533541884,0.06272110977501263,0.9372788902249873
7357,0.6997219325686479,0.06272110977501263,0.9372788902249873
7358,0.6997219325686479,0.0627385371464422,0.9372614628535578
7359,0.6998088286409454,0.0627385371464422,0.9372614628535578
7360,0.6998088286409454,0.06275596451787177,0.9372440354821282
7361,0.6998783454987835,0.06275596451787177,0.9372440354821282
7362,0.6998783454987835,0.06277339188930134,0.9372266081106987
7363,0.6999131039277025,0.06277339188930134,0.9372266081106987
7364,0.6999131039277025,0.0627908192607309,0.9372091807392691
7365,0.7000173792144595,0.0627908192607309,0.9372091807392691
7366,0.7000173792144595,0.06280824663216047,0.9371917533678396
7367,0.700069516857838,0.06280824663216047,0.9371917533678396
7368,0.700069516857838,0.06282567400359004,0.9371743259964099
7369,0.700104275286757,0.06282567400359004,0.9371743259964099
7370,0.700104275286757,0.06286052874644918,0.9371394712535508
7371,0.7001737921445951,0.06286052874644918,0.9371394712535508
7372,0.7001737921445951,0.06287795611787875,0.9371220438821213
7373,0.7001911713590546,0.06287795611787875,0.9371220438821213
7374,0.7001911713590546,0.0628953834893083,0.9371046165106917
7375,0.7002780674313521,0.0628953834893083,0.9371046165106917
7376,0.7002780674313521,0.06291281086073787,0.9370871891392621
7377,0.7003302050747306,0.06291281086073787,0.9370871891392621
7378,0.7003302050747306,0.06293023823216744,0.9370697617678325
7379,0.7003475842891901,0.06293023823216744,0.9370697617678325
7380,0.7003475842891901,0.062947665603597,0.937052334396403
7381,0.7003823427181092,0.062947665603597,0.937052334396403
7382,0.7003823427181092,0.06296509297502657,0.9370349070249734
7383,0.7003997219325686,0.06296509297502657,0.9370349070249734
7384,0.7003997219325686,0.06298252034645614,0.9370174796535439
7385,0.7004171011470282,0.06298252034645614,0.9370174796535439
7386,0.7004171011470282,0.06301737508931528,0.9369826249106847
7387,0.7004344803614877,0.06301737508931528,0.9369826249106847
7388,0.7004344803614877,0.06303480246074485,0.9369651975392551
7389,0.7006430309350017,0.06303480246074485,0.9369651975392551
7390,0.7006430309350017,0.06306965720360398,0.936930342796396
7391,0.7006604101494612,0.06306965720360398,0.936930342796396
7392,0.7006604101494612,0.06308708457503355,0.9369129154249665
7393,0.7008342022940564,0.06308708457503355,0.9369129154249665
7394,0.7008689607229753,0.06308708457503355,0.9369129154249665
7395,0.7009037191518943,0.06308708457503355,0.9369129154249665
7396,0.7009037191518943,0.06310451194646312,0.9368954880535368
7397,0.7009732360097324,0.06310451194646312,0.9368954880535368
7398,0.7009732360097324,0.06312193931789269,0.9368780606821073
7399,0.7010079944386514,0.06312193931789269,0.9368780606821073
7400,0.7010427528675703,0.06312193931789269,0.9368780606821073
7401,0.70140771637122,0.06312193931789269,0.9368780606821073
7402,0.701442474800139,0.06312193931789269,0.9368780606821073
7403,0.701442474800139,0.06315679406075182,0.9368432059392482
7404,0.7014598540145985,0.06315679406075182,0.9368432059392482
7405,0.7014598540145985,0.06317422143218139,0.9368257785678186
7406,0.7014772332290581,0.06317422143218139,0.9368257785678186
7407,0.7014772332290581,0.06320907617504051,0.9367909238249594
7408,0.7015988877302746,0.06320907617504051,0.9367909238249594
7409,0.7015988877302746,0.06322650354647008,0.9367734964535299
7410,0.7016684045881126,0.06322650354647008,0.9367734964535299
7411,0.7016684045881126,0.06324393091789965,0.9367560690821004
7412,0.7018769551616267,0.06324393091789965,0.9367560690821004
7413,0.7018769551616267,0.06326135828932922,0.9367386417106708
7414,0.7018943343760862,0.06326135828932922,0.9367386417106708
7415,0.7018943343760862,0.06327878566075879,0.9367212143392412
7416,0.7019812304483838,0.06327878566075879,0.9367212143392412
7417,0.7019812304483838,0.06331364040361792,0.9366863595963821
7418,0.7021028849496003,0.06331364040361792,0.9366863595963821
7419,0.7021028849496003,0.06334849514647706,0.9366515048535229
7420,0.7021376433785192,0.06334849514647706,0.9366515048535229
7421,0.7021376433785192,0.06336592251790663,0.9366340774820934
7422,0.7022071602363573,0.06336592251790663,0.9366340774820934
7423,0.7022071602363573,0.0633833498893362,0.9366166501106639
7424,0.7022940563086548,0.0633833498893362,0.9366166501106639
7425,0.7022940563086548,0.06340077726076576,0.9365992227392342
7426,0.7023288147375739,0.06340077726076576,0.9365992227392342
7427,0.7023288147375739,0.06341820463219533,0.9365817953678046
7428,0.7023461939520333,0.06341820463219533,0.9365817953678046
7429,0.7023461939520333,0.0634356320036249,0.9365643679963751
7430,0.7023809523809523,0.0634356320036249,0.9365643679963751
7431,0.7023809523809523,0.06345305937505447,0.9365469406249456
7432,0.7024330900243309,0.06345305937505447,0.9365469406249456
7433,0.7024330900243309,0.0634879141179136,0.9365120858820863
7434,0.7025547445255474,0.0634879141179136,0.9365120858820863
7435,0.7025547445255474,0.06350534148934316,0.9364946585106568
7436,0.702572123740007,0.06350534148934316,0.9364946585106568
7437,0.702572123740007,0.06352276886077272,0.9364772311392273
7438,0.7026242613833855,0.06352276886077272,0.9364772311392273
7439,0.7026242613833855,0.06354019623220229,0.9364598037677977
7440,0.702676399026764,0.06354019623220229,0.9364598037677977
7441,0.702676399026764,0.06357505097506143,0.9364249490249386
7442,0.7029544664581161,0.06357505097506143,0.9364249490249386
7443,0.7029544664581161,0.063592478346491,0.936407521653509
7444,0.7029718456725756,0.063592478346491,0.936407521653509
7445,0.7029718456725756,0.06360990571792056,0.9363900942820794
7446,0.7031456378171707,0.06360990571792056,0.9363900942820794
7447,0.7031456378171707,0.06366218783220927,0.9363378121677908
7448,0.7032325338894682,0.06366218783220927,0.9363378121677908
7449,0.7032325338894682,0.06367961520363884,0.9363203847963611
7450,0.7033194299617658,0.06367961520363884,0.9363203847963611
7451,0.7033194299617658,0.0636970425750684,0.9363029574249316
7452,0.7033715676051443,0.0636970425750684,0.9363029574249316
7453,0.7033715676051443,0.06371446994649797,0.936285530053502
7454,0.7035279805352798,0.06371446994649797,0.936285530053502
7455,0.7035279805352798,0.06373189731792754,0.9362681026820725
7456,0.7035974973931178,0.06373189731792754,0.9362681026820725
7457,0.7035974973931178,0.06374932468935711,0.9362506753106429
7458,0.7036148766075774,0.06374932468935711,0.9362506753106429
7459,0.7036148766075774,0.06376675206078668,0.9362332479392134
7460,0.7037365311087939,0.06376675206078668,0.9362332479392134
7461,0.7037365311087939,0.06378417943221625,0.9362158205677837
7462,0.7038060479666319,0.06378417943221625,0.9362158205677837
7463,0.7038060479666319,0.0638016068036458,0.9361983931963542
7464,0.703945081682308,0.0638016068036458,0.9361983931963542
7465,0.703945081682308,0.06381903417507537,0.9361809658249246
7466,0.7039624608967675,0.06381903417507537,0.9361809658249246
7467,0.7039624608967675,0.06383646154650494,0.9361635384534951
7468,0.7039972193256865,0.06383646154650494,0.9361635384534951
7469,0.7039972193256865,0.0638538889179345,0.9361461110820655
7470,0.7040667361835246,0.0638538889179345,0.9361461110820655
7471,0.7040667361835246,0.06387131628936407,0.936128683710636
7472,0.70422314911366,0.06387131628936407,0.936128683710636
7473,0.70422314911366,0.06388874366079364,0.9361112563392063
7474,0.7042752867570385,0.06388874366079364,0.9361112563392063
7475,0.7042752867570385,0.06390617103222321,0.9360938289677768
7476,0.7043100451859576,0.06390617103222321,0.9360938289677768
7477,0.7043100451859576,0.06392359840365278,0.9360764015963472
7478,0.7043274244004171,0.06392359840365278,0.9360764015963472
7479,0.7043274244004171,0.06394102577508234,0.9360589742249177
7480,0.7043795620437956,0.06394102577508234,0.9360589742249177
7481,0.7043795620437956,0.06395845314651191,0.9360415468534881
7482,0.7044490789016337,0.06395845314651191,0.9360415468534881
7483,0.7044490789016337,0.06397588051794148,0.9360241194820585
7484,0.7045012165450122,0.06397588051794148,0.9360241194820585
7485,0.7045012165450122,0.06401073526080062,0.9359892647391994
7486,0.7045881126173097,0.06401073526080062,0.9359892647391994
7487,0.7045881126173097,0.06402816263223018,0.9359718373677698
7488,0.7047271463329857,0.06402816263223018,0.9359718373677698
7489,0.7047271463329857,0.06404559000365975,0.9359544099963403
7490,0.7047445255474453,0.06404559000365975,0.9359544099963403
7491,0.7047445255474453,0.06406301737508932,0.9359369826249107
7492,0.7048835592631213,0.06406301737508932,0.9359369826249107
7493,0.7048835592631213,0.06408044474651889,0.9359195552534811
7494,0.7049009384775808,0.06408044474651889,0.9359195552534811
7495,0.7049009384775808,0.06409787211794846,0.9359021278820515
7496,0.7049878345498783,0.06409787211794846,0.9359021278820515
7497,0.7049878345498783,0.06411529948937801,0.935884700510622
7498,0.7050225929787973,0.06411529948937801,0.935884700510622
7499,0.7050225929787973,0.06416758160366672,0.9358324183963332
7500,0.7050399721932569,0.06416758160366672,0.9358324183963332
7501,0.7050399721932569,0.06418500897509628,0.9358149910249037
7502,0.7051616266944735,0.06418500897509628,0.9358149910249037
7503,0.7051616266944735,0.06420243634652585,0.9357975636534741
7504,0.7052659019812304,0.06420243634652585,0.9357975636534741
7505,0.7052659019812304,0.06421986371795542,0.9357801362820446
7506,0.7053354188390685,0.06421986371795542,0.9357801362820446
7507,0.7053354188390685,0.06423729108938499,0.935762708910615
7508,0.705422314911366,0.06423729108938499,0.935762708910615
7509,0.705422314911366,0.06425471846081456,0.9357452815391855
7510,0.7056134862704205,0.06425471846081456,0.9357452815391855
7511,0.7056134862704205,0.06427214583224412,0.9357278541677558
7512,0.7056656239137991,0.06427214583224412,0.9357278541677558
7513,0.7056656239137991,0.06428957320367369,0.9357104267963263
7514,0.7057351407716371,0.06428957320367369,0.9357104267963263
7515,0.7057351407716371,0.06430700057510326,0.9356929994248967
7516,0.7057698992005561,0.06430700057510326,0.9356929994248967
7517,0.7057698992005561,0.06432442794653283,0.9356755720534672
7518,0.7058220368439346,0.06432442794653283,0.9356755720534672
7519,0.7058220368439346,0.0643418553179624,0.9356581446820376
7520,0.7058741744873132,0.0643418553179624,0.9356581446820376
7521,0.7058741744873132,0.06435928268939196,0.935640717310608
7522,0.7058915537017727,0.06435928268939196,0.935640717310608
7523,0.7058915537017727,0.06437671006082153,0.9356232899391784
7524,0.7061348627042058,0.06437671006082153,0.9356232899391784
7525,0.7061348627042058,0.0643941374322511,0.9356058625677489
7526,0.7062738964198818,0.0643941374322511,0.9356058625677489
7527,0.7062738964198818,0.06441156480368065,0.9355884351963193
7528,0.7062912756343414,0.06441156480368065,0.9355884351963193
7529,0.7062912756343414,0.06444641954653979,0.9355535804534603
7530,0.7063607924921793,0.06444641954653979,0.9355535804534603
7531,0.7063607924921793,0.06446384691796936,0.9355361530820306
7532,0.7065172054223149,0.06446384691796936,0.9355361530820306
7533,0.706551963851234,0.06446384691796936,0.9355361530820306
7534,0.706551963851234,0.06448127428939893,0.935518725710601
7535,0.7066562391379909,0.06448127428939893,0.935518725710601
7536,0.7066562391379909,0.0644987016608285,0.9355012983391715
7537,0.70669099756691,0.0644987016608285,0.9355012983391715
7538,0.70669099756691,0.06451612903225806,0.935483870967742
7539,0.706725755995829,0.06451612903225806,0.935483870967742
7540,0.706725755995829,0.06453355640368763,0.9354664435963124
7541,0.7067952728536671,0.06453355640368763,0.9354664435963124
7542,0.7067952728536671,0.0645509837751172,0.9354490162248827
7543,0.7068474104970456,0.0645509837751172,0.9354490162248827
7544,0.7068474104970456,0.06456841114654677,0.9354315888534532
7545,0.7068821689259646,0.06456841114654677,0.9354315888534532
7546,0.7068821689259646,0.06458583851797634,0.9354141614820237
7547,0.7069169273548835,0.06458583851797634,0.9354141614820237
7548,0.7069169273548835,0.06462069326083547,0.9353793067391645
7549,0.7069690649982621,0.06462069326083547,0.9353793067391645
7550,0.7069690649982621,0.06467297537512418,0.9353270246248758
7551,0.707003823427181,0.06467297537512418,0.9353270246248758
7552,0.707003823427181,0.0647078301179833,0.9352921698820167
7553,0.7070385818561001,0.0647078301179833,0.9352921698820167
7554,0.7070385818561001,0.06472525748941287,0.9352747425105872
7555,0.7072297532151547,0.06472525748941287,0.9352747425105872
7556,0.7072297532151547,0.06474268486084243,0.9352573151391576
7557,0.7072471324296142,0.06474268486084243,0.9352573151391576
7558,0.7072471324296142,0.064760112232272,0.935239887767728
7559,0.7072992700729926,0.064760112232272,0.935239887767728
7560,0.7072992700729926,0.06477753960370157,0.9352224603962984
7561,0.7073166492874522,0.06477753960370157,0.9352224603962984
7562,0.7073166492874522,0.0648123943465607,0.9351876056534393
7563,0.7073687869308307,0.0648123943465607,0.9351876056534393
7564,0.7073687869308307,0.06482982171799027,0.9351701782820098
7565,0.7073861661452903,0.06482982171799027,0.9351701782820098
7566,0.7073861661452903,0.06484724908941984,0.9351527509105801
7567,0.7074556830031282,0.06484724908941984,0.9351527509105801
7568,0.7074556830031282,0.06486467646084941,0.9351353235391506
7569,0.7074904414320473,0.06486467646084941,0.9351353235391506
7570,0.7074904414320473,0.06488210383227898,0.935117896167721
7571,0.7075947167188044,0.06488210383227898,0.935117896167721
7572,0.7075947167188044,0.06489953120370855,0.9351004687962915
7573,0.7076816127911019,0.06489953120370855,0.9351004687962915
7574,0.7076816127911019,0.06491695857513811,0.9350830414248619
7575,0.7077511296489398,0.06491695857513811,0.9350830414248619
7576,0.7077511296489398,0.06493438594656768,0.9350656140534324
7577,0.7077858880778589,0.06493438594656768,0.9350656140534324
7578,0.7077858880778589,0.06495181331799725,0.9350481866820027
7579,0.7079944386513729,0.06495181331799725,0.9350481866820027
7580,0.7079944386513729,0.06496924068942682,0.9350307593105732
7581,0.708029197080292,0.06496924068942682,0.9350307593105732
7582,0.708029197080292,0.06500409543228595,0.9349959045677141
7583,0.7080813347236705,0.06500409543228595,0.9349959045677141
7584,0.7080813347236705,0.06505637754657465,0.9349436224534253
7585,0.708133472367049,0.06505637754657465,0.9349436224534253
7586,0.708133472367049,0.06507380491800421,0.9349261950819958
7587,0.7081508515815085,0.06507380491800421,0.9349261950819958
7588,0.7081508515815085,0.06509123228943378,0.9349087677105662
7589,0.708202989224887,0.06509123228943378,0.9349087677105662
7590,0.708202989224887,0.06512608703229292,0.934873912967707
7591,0.7082551268682655,0.06512608703229292,0.934873912967707
7592,0.7082551268682655,0.06514351440372249,0.9348564855962775
7593,0.7082725060827251,0.06514351440372249,0.9348564855962775
7594,0.7082725060827251,0.06516094177515205,0.9348390582248479
7595,0.7082898852971846,0.06516094177515205,0.9348390582248479
7596,0.7082898852971846,0.06517836914658162,0.9348216308534184
7597,0.708307264511644,0.06517836914658162,0.9348216308534184
7598,0.708307264511644,0.0652480786322999,0.9347519213677001
7599,0.7083767813694821,0.0652480786322999,0.9347519213677001
7600,0.7083767813694821,0.06528293337515903,0.934717066624841
7601,0.7083941605839416,0.06528293337515903,0.934717066624841
7602,0.7083941605839416,0.0653003607465886,0.9346996392534114
7603,0.7085505735140771,0.0653003607465886,0.9346996392534114
7604,0.7085505735140771,0.06531778811801815,0.9346822118819819
7605,0.7086896072297532,0.06531778811801815,0.9346822118819819
7606,0.7086896072297532,0.06533521548944772,0.9346647845105522
7607,0.7087765033020508,0.06533521548944772,0.9346647845105522
7608,0.7087765033020508,0.06538749760373642,0.9346125023962636
7609,0.7088112617309698,0.06538749760373642,0.9346125023962636
7610,0.7088112617309698,0.06540492497516599,0.934595075024834
7611,0.7088460201598887,0.06540492497516599,0.934595075024834
7612,0.7088460201598887,0.06542235234659556,0.9345776476534045
7613,0.7088807785888078,0.06542235234659556,0.9345776476534045
7614,0.7088807785888078,0.06543977971802513,0.9345602202819748
7615,0.7089850538755649,0.06543977971802513,0.9345602202819748
7616,0.7089850538755649,0.0654572070894547,0.9345427929105453
7617,0.7090371915189433,0.0654572070894547,0.9345427929105453
7618,0.7090371915189433,0.06547463446088427,0.9345253655391157
7619,0.7090545707334028,0.06547463446088427,0.9345253655391157
7620,0.7090545707334028,0.06549206183231383,0.9345079381676862
7621,0.7090719499478624,0.06549206183231383,0.9345079381676862
7622,0.7090719499478624,0.0655617713180321,0.9344382286819679
7623,0.7091240875912409,0.0655617713180321,0.9344382286819679
7624,0.7091240875912409,0.06557919868946167,0.9344208013105383
7625,0.7092109836635384,0.06557919868946167,0.9344208013105383
7626,0.7092109836635384,0.06561405343232081,0.9343859465676791
7627,0.7092457420924574,0.06561405343232081,0.9343859465676791
7628,0.7092457420924574,0.06564890817517993,0.9343510918248201
7629,0.7092631213069169,0.06564890817517993,0.9343510918248201
7630,0.7092631213069169,0.0656663355466095,0.9343336644533905
7631,0.7092805005213765,0.0656663355466095,0.9343336644533905
7632,0.7092805005213765,0.06568376291803907,0.9343162370819609
7633,0.709367396593674,0.06568376291803907,0.9343162370819609
7634,0.709367396593674,0.06570119028946864,0.9342988097105314
7635,0.7094195342370525,0.06570119028946864,0.9342988097105314
7636,0.7094195342370525,0.06575347240375734,0.9342465275962426
7637,0.709471671880431,0.06575347240375734,0.9342465275962426
7638,0.709471671880431,0.06577089977518691,0.9342291002248131
7639,0.7095585679527285,0.06577089977518691,0.9342291002248131
7640,0.7095585679527285,0.06578832714661648,0.9342116728533836
7641,0.7096802224539451,0.06578832714661648,0.9342116728533836
7642,0.7096802224539451,0.06580575451804604,0.934194245481954
7643,0.7097844977407021,0.06580575451804604,0.934194245481954
7644,0.7097844977407021,0.06582318188947561,0.9341768181105243
7645,0.7098192561696212,0.06582318188947561,0.9341768181105243
7646,0.7098192561696212,0.06585803663233475,0.9341419633676653
7647,0.7098366353840806,0.06585803663233475,0.9341419633676653
7648,0.7098366353840806,0.06587546400376432,0.9341245359962357
7649,0.7098540145985401,0.06587546400376432,0.9341245359962357
7650,0.7098540145985401,0.06589289137519388,0.9341071086248061
7651,0.7098713938129997,0.06589289137519388,0.9341071086248061
7652,0.7098713938129997,0.06591031874662345,0.9340896812533765
7653,0.7099756690997567,0.06591031874662345,0.9340896812533765
7654,0.7099756690997567,0.06592774611805301,0.934072253881947
7655,0.7099930483142162,0.06592774611805301,0.934072253881947
7656,0.7099930483142162,0.06594517348948258,0.9340548265105174
7657,0.7101147028154328,0.06594517348948258,0.9340548265105174
7658,0.7101147028154328,0.06596260086091214,0.9340373991390879
7659,0.7102711157455683,0.06596260086091214,0.9340373991390879
7660,0.7102711157455683,0.06598002823234171,0.9340199717676583
7661,0.7103232533889469,0.06598002823234171,0.9340199717676583
7662,0.7103232533889469,0.06599745560377128,0.9340025443962288
7663,0.7104101494612444,0.06599745560377128,0.9340025443962288
7664,0.7104101494612444,0.06601488297520085,0.9339851170247991
7665,0.7104796663190823,0.06601488297520085,0.9339851170247991
7666,0.7104796663190823,0.06604973771805998,0.93395026228194
7667,0.7105318039624609,0.06604973771805998,0.93395026228194
7668,0.7105318039624609,0.06606716508948955,0.9339328349105105
7669,0.7105491831769204,0.06606716508948955,0.9339328349105105
7670,0.7105491831769204,0.06610201983234869,0.9338979801676514
7671,0.7105665623913799,0.06610201983234869,0.9338979801676514
7672,0.7105665623913799,0.06611944720377826,0.9338805527962217
7673,0.7106013208202989,0.06611944720377826,0.9338805527962217
7674,0.7106013208202989,0.06615430194663739,0.9338456980533626
7675,0.7106534584636774,0.06615430194663739,0.9338456980533626
7676,0.7106534584636774,0.06617172931806696,0.9338282706819331
7677,0.710670837678137,0.06617172931806696,0.9338282706819331
7678,0.710670837678137,0.06624143880378522,0.9337585611962148
7679,0.7107229753215155,0.06624143880378522,0.9337585611962148
7680,0.7107229753215155,0.06625886617521479,0.9337411338247852
7681,0.710775112964894,0.06625886617521479,0.9337411338247852
7682,0.710775112964894,0.06634600303236263,0.9336539969676374
7683,0.710809871393813,0.06634600303236263,0.9336539969676374
7684,0.710809871393813,0.0663634304037922,0.9336365695962078
7685,0.7109315258950295,0.0663634304037922,0.9336365695962078
7686,0.7109315258950295,0.06638085777522176,0.9336191422247783
7687,0.7109662843239486,0.06638085777522176,0.9336191422247783
7688,0.7109662843239486,0.06639828514665133,0.9336017148533486
7689,0.7111574556830031,0.06639828514665133,0.9336017148533486
7690,0.7111574556830031,0.0664157125180809,0.9335842874819191
7691,0.7111748348974626,0.0664157125180809,0.9335842874819191
7692,0.7111748348974626,0.0664679946323696,0.9335320053676304
7693,0.7111922141119221,0.0664679946323696,0.9335320053676304
7694,0.7111922141119221,0.06648542200379917,0.9335145779962009
7695,0.7112269725408411,0.06648542200379917,0.9335145779962009
7696,0.7112269725408411,0.06650284937522874,0.9334971506247712
7697,0.7113660062565172,0.06650284937522874,0.9334971506247712
7698,0.7113660062565172,0.06652027674665831,0.9334797232533417
7699,0.7115745568300312,0.06652027674665831,0.9334797232533417
7700,0.7115745568300312,0.066572558860947,0.933427441139053
7701,0.7116614529023289,0.066572558860947,0.933427441139053
7702,0.7116614529023289,0.06658998623237657,0.9334100137676234
7703,0.7116788321167883,0.06658998623237657,0.9334100137676234
7704,0.7116788321167883,0.06660741360380613,0.9333925863961938
7705,0.7118004866180049,0.06660741360380613,0.9333925863961938
7706,0.7118004866180049,0.0666248409752357,0.9333751590247643
7707,0.7118352450469239,0.0666248409752357,0.9333751590247643
7708,0.7118352450469239,0.06664226834666527,0.9333577316533347
7709,0.712043795620438,0.06664226834666527,0.9333577316533347
7710,0.712043795620438,0.06665969571809484,0.9333403042819052
7711,0.7120785540493569,0.06665969571809484,0.9333403042819052
7712,0.7120785540493569,0.0666771230895244,0.9333228769104756
7713,0.7120959332638165,0.0666771230895244,0.9333228769104756
7714,0.7120959332638165,0.06669455046095397,0.933305449539046
7715,0.712182829336114,0.06669455046095397,0.933305449539046
7716,0.712182829336114,0.06671197783238354,0.9332880221676164
7717,0.7123044838373306,0.06671197783238354,0.9332880221676164
7718,0.7123044838373306,0.06672940520381311,0.9332705947961869
7719,0.7124608967674662,0.06672940520381311,0.9332705947961869
7720,0.7124608967674662,0.06674683257524268,0.9332531674247573
7721,0.7124956551963851,0.06674683257524268,0.9332531674247573
7722,0.7124956551963851,0.06678168731810182,0.9332183126818981
7723,0.7125651720542231,0.06678168731810182,0.9332183126818981
7724,0.7125651720542231,0.06679911468953138,0.9332008853104686
7725,0.7127042057698992,0.06679911468953138,0.9332008853104686
7726,0.7127042057698992,0.06681654206096095,0.933183457939039
7727,0.7127563434132778,0.06681654206096095,0.933183457939039
7728,0.7127563434132778,0.06683396943239052,0.9331660305676095
7729,0.7127737226277372,0.06683396943239052,0.9331660305676095
7730,0.7128084810566563,0.06683396943239052,0.9331660305676095
7731,0.7133298574904414,0.06683396943239052,0.9331660305676095
7732,0.7133298574904414,0.06685139680382007,0.93314860319618
7733,0.713451511991658,0.06685139680382007,0.93314860319618
7734,0.713451511991658,0.06686882417524964,0.9331311758247504
7735,0.7135036496350365,0.06686882417524964,0.9331311758247504
7736,0.7135036496350365,0.06688625154667921,0.9331137484533207
7737,0.713521028849496,0.06688625154667921,0.9331137484533207
7738,0.713521028849496,0.06690367891810878,0.9330963210818912
7739,0.7137122002085505,0.06690367891810878,0.9330963210818912
7740,0.7137122002085505,0.06693853366096791,0.9330614663390321
7741,0.7138164754953076,0.06693853366096791,0.9330614663390321
7742,0.7138164754953076,0.06695596103239748,0.9330440389676025
7743,0.7138338547097671,0.06695596103239748,0.9330440389676025
7744,0.7138338547097671,0.06697338840382705,0.933026611596173
7745,0.7138512339242267,0.06697338840382705,0.933026611596173
7746,0.7138512339242267,0.06699081577525662,0.9330091842247434
7747,0.7140771637122002,0.06699081577525662,0.9330091842247434
7748,0.7140771637122002,0.06700824314668619,0.9329917568533138
7749,0.7141293013555787,0.06700824314668619,0.9329917568533138
7750,0.7141293013555787,0.06704309788954532,0.9329569021104547
7751,0.7141466805700383,0.06704309788954532,0.9329569021104547
7752,0.7141466805700383,0.06707795263240446,0.9329220473675955
7753,0.7142857142857143,0.06707795263240446,0.9329220473675955
7754,0.7142857142857143,0.06709538000383403,0.9329046199961659
7755,0.7143378519290928,0.06709538000383403,0.9329046199961659
7756,0.7143378519290928,0.0671128073752636,0.9328871926247364
7757,0.7143552311435523,0.0671128073752636,0.9328871926247364
7758,0.7143552311435523,0.06713023474669316,0.9328697652533069
7759,0.7143726103580118,0.06713023474669316,0.9328697652533069
7760,0.7143726103580118,0.06714766211812272,0.9328523378818773
7761,0.7145290232881474,0.06714766211812272,0.9328523378818773
7762,0.7145290232881474,0.06716508948955228,0.9328349105104478
7763,0.7145464025026069,0.06716508948955228,0.9328349105104478
7764,0.7145464025026069,0.06718251686098185,0.9328174831390181
7765,0.7147028154327424,0.06718251686098185,0.9328174831390181
7766,0.7147028154327424,0.06719994423241142,0.9328000557675886
7767,0.7147549530761209,0.06719994423241142,0.9328000557675886
7768,0.7147549530761209,0.06721737160384099,0.932782628396159
7769,0.71478971150504,0.06721737160384099,0.932782628396159
7770,0.71478971150504,0.06725222634670013,0.9327477736532999
7771,0.7148070907194994,0.06725222634670013,0.9327477736532999
7772,0.7148070907194994,0.0672696537181297,0.9327303462818703
7773,0.714824469933959,0.0672696537181297,0.9327303462818703
7774,0.714824469933959,0.06728708108955926,0.9327129189104407
7775,0.7148418491484185,0.06728708108955926,0.9327129189104407
7776,0.7148418491484185,0.06730450846098883,0.9326954915390112
7777,0.714859228362878,0.06730450846098883,0.9326954915390112
7778,0.714859228362878,0.06733936320384797,0.9326606367961521
7779,0.7148766075773375,0.06733936320384797,0.9326606367961521
7780,0.7148766075773375,0.06735679057527753,0.9326432094247225
7781,0.7149982620785541,0.06735679057527753,0.9326432094247225
7782,0.7149982620785541,0.06739164531813667,0.9326083546818633
7783,0.7150677789363921,0.06739164531813667,0.9326083546818633
7784,0.7150677789363921,0.06740907268956624,0.9325909273104338
7785,0.7151546750086896,0.06740907268956624,0.9325909273104338
7786,0.7151546750086896,0.0674265000609958,0.9325734999390042
7787,0.7151894334376087,0.0674265000609958,0.9325734999390042
7788,0.7151894334376087,0.06744392743242537,0.9325560725675747
7789,0.7152068126520681,0.06744392743242537,0.9325560725675747
7790,0.7152068126520681,0.06746135480385493,0.932538645196145
7791,0.7152415710809872,0.06746135480385493,0.932538645196145
7792,0.7152415710809872,0.0674787821752845,0.9325212178247155
7793,0.7154327424400417,0.0674787821752845,0.9325212178247155
7794,0.7154327424400417,0.06749620954671406,0.9325037904532859
7795,0.7154848800834203,0.06749620954671406,0.9325037904532859
7796,0.7154848800834203,0.0675310642895732,0.9324689357104268
7797,0.7155891553701773,0.0675310642895732,0.9324689357104268
7798,0.7155891553701773,0.06754849166100277,0.9324515083389973
7799,0.7156065345846367,0.06754849166100277,0.9324515083389973
7800,0.7156065345846367,0.0675833464038619,0.9324166535961381
7801,0.7157108098713938,0.0675833464038619,0.9324166535961381
7802,0.7157108098713938,0.06761820114672104,0.932381798853279
7803,0.7157977059436913,0.06761820114672104,0.932381798853279
7804,0.7157977059436913,0.06763562851815061,0.9323643714818494
7805,0.7158324643726104,0.06763562851815061,0.9323643714818494
7806,0.7158324643726104,0.06765305588958018,0.9323469441104199
7807,0.7160583941605839,0.06765305588958018,0.9323469441104199
7808,0.7160583941605839,0.06767048326100975,0.9323295167389902
7809,0.71619742787626,0.06767048326100975,0.9323295167389902
7810,0.71619742787626,0.06768791063243931,0.9323120893675607
7811,0.716405978449774,0.06768791063243931,0.9323120893675607
7812,0.716405978449774,0.06770533800386888,0.9322946619961311
7813,0.7164754953076121,0.06770533800386888,0.9322946619961311
7814,0.7164754953076121,0.06772276537529845,0.9322772346247016
7815,0.7165623913799096,0.06772276537529845,0.9322772346247016
7816,0.7165623913799096,0.06774019274672802,0.932259807253272
7817,0.7165797705943692,0.06774019274672802,0.932259807253272
7818,0.7165797705943692,0.06775762011815757,0.9322423798818424
7819,0.7165971498088286,0.06775762011815757,0.9322423798818424
7820,0.7165971498088286,0.06780990223244628,0.9321900977675537
7821,0.7166145290232881,0.06780990223244628,0.9321900977675537
7822,0.7166145290232881,0.06784475697530541,0.9321552430246945
7823,0.7166666666666667,0.06784475697530541,0.9321552430246945
7824,0.7166666666666667,0.06786218434673498,0.932137815653265
7825,0.7167014250955857,0.06786218434673498,0.932137815653265
7826,0.7167014250955857,0.06787961171816455,0.9321203882818354
7827,0.7167709419534237,0.06787961171816455,0.9321203882818354
7828,0.7167709419534237,0.06789703908959412,0.9321029609104059
7829,0.7168752172401808,0.06789703908959412,0.9321029609104059
7830,0.7168752172401808,0.06791446646102368,0.9320855335389763
7831,0.7169968717413973,0.06791446646102368,0.9320855335389763
7832,0.7169968717413973,0.06794932120388282,0.9320506787961171
7833,0.7171185262426139,0.06794932120388282,0.9320506787961171
7834,0.7171185262426139,0.06796674857531239,0.9320332514246876
7835,0.7172401807438303,0.06796674857531239,0.9320332514246876
7836,0.7172401807438303,0.06798417594674196,0.932015824053258
7837,0.7172575599582899,0.06798417594674196,0.932015824053258
7838,0.7172575599582899,0.06800160331817152,0.9319983966818285
7839,0.717327076816128,0.06800160331817152,0.9319983966818285
7840,0.717327076816128,0.06801903068960109,0.9319809693103989
7841,0.7173792144595065,0.06801903068960109,0.9319809693103989
7842,0.7173792144595065,0.06803645806103066,0.9319635419389694
7843,0.7174139728884255,0.06803645806103066,0.9319635419389694
7844,0.7174139728884255,0.06805388543246023,0.9319461145675397
7845,0.7174834897462634,0.06805388543246023,0.9319461145675397
7846,0.7174834897462634,0.06808874017531935,0.9319112598246806
7847,0.7175530066041015,0.06808874017531935,0.9319112598246806
7848,0.7175530066041015,0.06810616754674892,0.9318938324532511
7849,0.717570385818561,0.06810616754674892,0.9318938324532511
7850,0.71760514424748,0.06810616754674892,0.9318938324532511
7851,0.7176746611053181,0.06810616754674892,0.9318938324532511
7852,0.7176746611053181,0.06814102228960806,0.931858977710392
7853,0.7177267987486966,0.06814102228960806,0.931858977710392
7854,0.7177267987486966,0.06815844966103762,0.9318415503389623
7855,0.7177963156065346,0.06815844966103762,0.9318415503389623
7856,0.7177963156065346,0.06819330440389676,0.9318066955961033
7857,0.7178658324643726,0.06819330440389676,0.9318066955961033
7858,0.7178658324643726,0.06821073177532633,0.9317892682246737
7859,0.7179701077511297,0.06821073177532633,0.9317892682246737
7860,0.7179701077511297,0.0682281591467559,0.931771840853244
7861,0.7179874869655891,0.0682281591467559,0.931771840853244
7862,0.7179874869655891,0.06824558651818546,0.9317544134818145
7863,0.7180048661800487,0.06824558651818546,0.9317544134818145
7864,0.7180048661800487,0.06826301388961503,0.931736986110385
7865,0.7180222453945082,0.06826301388961503,0.931736986110385
7866,0.7180222453945082,0.0682804412610446,0.9317195587389554
7867,0.7181265206812653,0.0682804412610446,0.9317195587389554
7868,0.7181265206812653,0.06829786863247417,0.9317021313675258
7869,0.7181612791101842,0.06829786863247417,0.9317021313675258
7870,0.7182655543969413,0.06829786863247417,0.9317021313675258
7871,0.7182655543969413,0.06831529600390374,0.9316847039960963
7872,0.7183003128258603,0.06831529600390374,0.9316847039960963
7873,0.7183003128258603,0.0683327233753333,0.9316672766246668
7874,0.7183524504692388,0.0683327233753333,0.9316672766246668
7875,0.7183524504692388,0.06835015074676287,0.9316498492532371
7876,0.7184219673270769,0.06835015074676287,0.9316498492532371
7877,0.7184219673270769,0.068385005489622,0.931614994510378
7878,0.7184741049704554,0.068385005489622,0.931614994510378
7879,0.7184741049704554,0.06840243286105156,0.9315975671389485
7880,0.7187000347584289,0.06840243286105156,0.9315975671389485
7881,0.7187000347584289,0.06841986023248113,0.9315801397675189
7882,0.7187521724018074,0.06841986023248113,0.9315801397675189
7883,0.7187521724018074,0.0684372876039107,0.9315627123960893
7884,0.718769551616267,0.0684372876039107,0.9315627123960893
7885,0.718769551616267,0.06845471497534027,0.9315452850246597
7886,0.718873826903024,0.06845471497534027,0.9315452850246597
7887,0.718873826903024,0.06847214234676983,0.9315278576532302
7888,0.7188912061174835,0.06847214234676983,0.9315278576532302
7889,0.7188912061174835,0.0684895697181994,0.9315104302818006
7890,0.718943343760862,0.0684895697181994,0.9315104302818006
7891,0.718943343760862,0.06854185183248811,0.9314581481675119
7892,0.718978102189781,0.06854185183248811,0.9314581481675119
7893,0.718978102189781,0.06855927920391768,0.9314407207960823
7894,0.7190997566909976,0.06855927920391768,0.9314407207960823
7895,0.7190997566909976,0.06857670657534724,0.9314232934246528
7896,0.7192735488355926,0.06857670657534724,0.9314232934246528
7897,0.7192735488355926,0.06859413394677681,0.9314058660532232
7898,0.7192909280500521,0.06859413394677681,0.9314058660532232
7899,0.7192909280500521,0.06862898868963595,0.931371011310364
7900,0.7193256864789711,0.06862898868963595,0.931371011310364
7901,0.7193256864789711,0.06864641606106552,0.9313535839389345
7902,0.7193604449078902,0.06864641606106552,0.9313535839389345
7903,0.7193604449078902,0.06866384343249508,0.9313361565675049
7904,0.7194125825512687,0.06866384343249508,0.9313361565675049
7905,0.7194125825512687,0.0686986981753542,0.9313013018246458
7906,0.7194299617657282,0.0686986981753542,0.9313013018246458
7907,0.7194299617657282,0.06871612554678377,0.9312838744532163
7908,0.7194994786235662,0.06871612554678377,0.9312838744532163
7909,0.7194994786235662,0.06873355291821334,0.9312664470817866
7910,0.7196037539103233,0.06873355291821334,0.9312664470817866
7911,0.7196037539103233,0.06875098028964291,0.9312490197103571
7912,0.7196211331247827,0.06875098028964291,0.9312490197103571
7913,0.7196211331247827,0.06876840766107248,0.9312315923389275
7914,0.7197080291970803,0.06876840766107248,0.9312315923389275
7915,0.7197080291970803,0.06878583503250205,0.931214164967498
7916,0.7197254084115398,0.06878583503250205,0.931214164967498
7917,0.7197254084115398,0.06880326240393161,0.9311967375960684
7918,0.7197601668404588,0.06880326240393161,0.9311967375960684
7919,0.7197601668404588,0.06882068977536118,0.9311793102246388
7920,0.7197949252693778,0.06882068977536118,0.9311793102246388
7921,0.7197949252693778,0.06883811714679075,0.9311618828532092
7922,0.7200382342718109,0.06883811714679075,0.9311618828532092
7923,0.7200382342718109,0.06887297188964989,0.9311270281103501
7924,0.7200556134862705,0.06887297188964989,0.9311270281103501
7925,0.7200556134862705,0.06889039926107945,0.9311096007389206
7926,0.7200903719151894,0.06889039926107945,0.9311096007389206
7927,0.7200903719151894,0.06890782663250902,0.931092173367491
7928,0.720351060132082,0.06890782663250902,0.931092173367491
7929,0.720351060132082,0.06894268137536816,0.9310573186246318
7930,0.720385818561001,0.06894268137536816,0.9310573186246318
7931,0.720385818561001,0.06896010874679773,0.9310398912532023
7932,0.72042057698992,0.06896010874679773,0.9310398912532023
7933,0.72042057698992,0.06899496348965685,0.9310050365103432
7934,0.7204727146332985,0.06899496348965685,0.9310050365103432
7935,0.7204727146332985,0.06901239086108642,0.9309876091389135
7936,0.7204900938477581,0.06901239086108642,0.9309876091389135
7937,0.7204900938477581,0.06904724560394555,0.9309527543960544
7938,0.7205248522766771,0.06904724560394555,0.9309527543960544
7939,0.7205248522766771,0.06906467297537512,0.9309353270246249
7940,0.7207334028501912,0.06906467297537512,0.9309353270246249
7941,0.7207334028501912,0.06909952771823426,0.9309004722817658
7942,0.7207507820646507,0.06909952771823426,0.9309004722817658
7943,0.7207507820646507,0.06915180983252296,0.930848190167477
7944,0.7207855404935697,0.06915180983252296,0.930848190167477
7945,0.7207855404935697,0.06916923720395253,0.9308307627960475
7946,0.7208029197080292,0.06916923720395253,0.9308307627960475
7947,0.7208029197080292,0.0691866645753821,0.9308133354246179
7948,0.7209245742092457,0.0691866645753821,0.9308133354246179
7949,0.7209245742092457,0.06920409194681167,0.9307959080531883
7950,0.7209940910670838,0.06920409194681167,0.9307959080531883
7951,0.7209940910670838,0.0692389466896708,0.9307610533103292
7952,0.7210114702815432,0.0692389466896708,0.9307610533103292
7953,0.7210114702815432,0.06925637406110037,0.9307436259388996
7954,0.7210288494960028,0.06925637406110037,0.9307436259388996
7955,0.7210288494960028,0.06927380143252994,0.9307261985674701
7956,0.7210462287104623,0.06927380143252994,0.9307261985674701
7957,0.7210462287104623,0.06929122880395949,0.9307087711960405
7958,0.7211505039972194,0.06929122880395949,0.9307087711960405
7959,0.7211505039972194,0.06930865617538906,0.9306913438246109
7960,0.7212026416405979,0.06930865617538906,0.9306913438246109
7961,0.7212026416405979,0.06932608354681863,0.9306739164531814
7962,0.7212200208550573,0.06932608354681863,0.9306739164531814
7963,0.7212200208550573,0.0693435109182482,0.9306564890817518
7964,0.7212547792839764,0.0693435109182482,0.9306564890817518
7965,0.7212547792839764,0.0693957930325369,0.9306042069674632
7966,0.7213069169273549,0.0693957930325369,0.9306042069674632
7967,0.7213069169273549,0.06941322040396647,0.9305867795960335
7968,0.7214111922141119,0.06941322040396647,0.9305867795960335
7969,0.7214111922141119,0.06943064777539604,0.9305693522246039
7970,0.721445950643031,0.06943064777539604,0.9305693522246039
7971,0.721445950643031,0.06948292988968474,0.9305170701103153
7972,0.7214980882864095,0.06948292988968474,0.9305170701103153
7973,0.7214980882864095,0.06950035726111431,0.9304996427388856
7974,0.721584984358707,0.06950035726111431,0.9304996427388856
7975,0.721584984358707,0.06953521200397345,0.9304647879960266
7976,0.7216371220020855,0.06953521200397345,0.9304647879960266
7977,0.7216371220020855,0.06957006674683258,0.9304299332531674
7978,0.7217066388599235,0.06957006674683258,0.9304299332531674
7979,0.7217066388599235,0.06962234886112127,0.9303776511388787
7980,0.7217761557177615,0.06962234886112127,0.9303776511388787
7981,0.7217761557177615,0.06963977623255084,0.9303602237674492
7982,0.7218456725755996,0.06963977623255084,0.9303602237674492
7983,0.7218456725755996,0.06965720360398041,0.9303427963960196
7984,0.7220020855057352,0.06965720360398041,0.9303427963960196
7985,0.7220020855057352,0.06969205834683954,0.9303079416531604
7986,0.7220368439346542,0.06969205834683954,0.9303079416531604
7987,0.7220368439346542,0.06970948571826911,0.9302905142817309
7988,0.7220542231491136,0.06970948571826911,0.9302905142817309
7989,0.7220542231491136,0.06972691308969868,0.9302730869103013
7990,0.7221063607924921,0.06972691308969868,0.9302730869103013
7991,0.7221063607924921,0.06977919520398738,0.9302208047960127
7992,0.7221584984358707,0.06977919520398738,0.9302208047960127
7993,0.7221584984358707,0.06979662257541695,0.930203377424583
7994,0.7222627737226277,0.06979662257541695,0.930203377424583
7995,0.7222627737226277,0.06981404994684652,0.9301859500531535
7996,0.7223322905804658,0.06981404994684652,0.9301859500531535
7997,0.7223322905804658,0.06983147731827609,0.9301685226817239
7998,0.7223496697949253,0.06983147731827609,0.9301685226817239
7999,0.7223496697949253,0.06984890468970566,0.9301510953102944
8000,0.7224018074383037,0.06984890468970566,0.9301510953102944
8001,0.7224018074383037,0.06986633206113523,0.9301336679388648
8002,0.7225408411539799,0.06986633206113523,0.9301336679388648
8003,0.7225408411539799,0.0698837594325648,0.9301162405674352
8004,0.7226451164407369,0.0698837594325648,0.9301162405674352
8005,0.7226451164407369,0.06990118680399435,0.9300988131960056
8006,0.7227146332985749,0.06990118680399435,0.9300988131960056
8007,0.7227146332985749,0.06991861417542392,0.9300813858245761
8008,0.7227320125130344,0.06991861417542392,0.9300813858245761
8009,0.7227320125130344,0.06993604154685348,0.9300639584531465
8010,0.72288842544317,0.06993604154685348,0.9300639584531465
8011,0.72288842544317,0.06995346891828305,0.930046531081717
8012,0.722957942301008,0.06995346891828305,0.930046531081717
8013,0.722957942301008,0.06997089628971262,0.9300291037102874
8014,0.722992700729927,0.06997089628971262,0.9300291037102874
8015,0.722992700729927,0.06998832366114219,0.9300116763388578
8016,0.7230448383733056,0.06998832366114219,0.9300116763388578
8017,0.7230448383733056,0.07002317840400132,0.9299768215959987
8018,0.723062217587765,0.07002317840400132,0.9299768215959987
8019,0.723062217587765,0.07007546051829003,0.9299245394817099
8020,0.7231143552311435,0.07007546051829003,0.9299245394817099
8021,0.7231143552311435,0.0700928878897196,0.9299071121102804
8022,0.723201251303441,0.0700928878897196,0.9299071121102804
8023,0.723201251303441,0.07012774263257873,0.9298722573674213
8024,0.7232533889468196,0.07012774263257873,0.9298722573674213
8025,0.7232533889468196,0.0701451700040083,0.9298548299959917
8026,0.7233750434480362,0.0701451700040083,0.9298548299959917
8027,0.7233750434480362,0.07016259737543787,0.9298374026245622
8028,0.7234098018769551,0.07016259737543787,0.9298374026245622
8029,0.7234098018769551,0.07018002474686744,0.9298199752531325
8030,0.7234271810914147,0.07018002474686744,0.9298199752531325
8031,0.7234271810914147,0.07019745211829699,0.929802547881703
8032,0.7234445603058742,0.07019745211829699,0.929802547881703
8033,0.7234445603058742,0.07021487948972656,0.9297851205102734
8034,0.7234619395203337,0.07021487948972656,0.9297851205102734
8035,0.7234619395203337,0.07023230686115613,0.9297676931388439
8036,0.7234793187347932,0.07023230686115613,0.9297676931388439
8037,0.7234793187347932,0.0702497342325857,0.9297502657674143
8038,0.7235140771637122,0.0702497342325857,0.9297502657674143
8039,0.7235140771637122,0.07028458897544483,0.9297154110245551
8040,0.7235314563781717,0.07028458897544483,0.9297154110245551
8041,0.7235314563781717,0.07031944371830397,0.929680556281696
8042,0.7235488355926312,0.07031944371830397,0.929680556281696
8043,0.7235488355926312,0.0703542984611631,0.9296457015388369
8044,0.7236183524504692,0.0703542984611631,0.9296457015388369
8045,0.7236183524504692,0.07037172583259267,0.9296282741674073
8046,0.7238442822384428,0.07037172583259267,0.9296282741674073
8047,0.7238442822384428,0.07040658057545181,0.9295934194245482
8048,0.7239485575251998,0.07040658057545181,0.9295934194245482
8049,0.7239485575251998,0.07042400794688138,0.9295759920531186
8050,0.7240006951685783,0.07042400794688138,0.9295759920531186
8051,0.7240006951685783,0.07045886268974051,0.9295411373102594
8052,0.7240180743830379,0.07045886268974051,0.9295411373102594
8053,0.7240180743830379,0.07047629006117008,0.9295237099388299
8054,0.7240528328119569,0.07047629006117008,0.9295237099388299
8055,0.7240528328119569,0.07052857217545877,0.9294714278245413
8056,0.7240702120264164,0.07052857217545877,0.9294714278245413
8057,0.7240702120264164,0.07054599954688834,0.9294540004531117
8058,0.7241049704553354,0.07054599954688834,0.9294540004531117
8059,0.7241049704553354,0.07058085428974747,0.9294191457102525
8060,0.7241397288842545,0.07058085428974747,0.9294191457102525
8061,0.7241397288842545,0.07059828166117704,0.929401718338823
8062,0.7241918665276329,0.07059828166117704,0.929401718338823
8063,0.7241918665276329,0.07063313640403618,0.9293668635959638
8064,0.724261383385471,0.07063313640403618,0.9293668635959638
8065,0.724261383385471,0.07066799114689531,0.9293320088531047
8066,0.724365658672228,0.07066799114689531,0.9293320088531047
8067,0.724365658672228,0.07068541851832488,0.9293145814816751
8068,0.724504692387904,0.07068541851832488,0.9293145814816751
8069,0.724504692387904,0.07070284588975445,0.9292971541102455
8070,0.7245220716023636,0.07070284588975445,0.9292971541102455
8071,0.7245220716023636,0.07072027326118402,0.929279726738816
8072,0.724539450816823,0.07072027326118402,0.929279726738816
8073,0.724539450816823,0.07075512800404316,0.9292448719959568
8074,0.7246089676746611,0.07075512800404316,0.9292448719959568
8075,0.7246089676746611,0.07077255537547272,0.9292274446245272
8076,0.7246263468891206,0.07077255537547272,0.9292274446245272
8077,0.7246263468891206,0.07078998274690229,0.9292100172530977
8078,0.7246958637469586,0.07078998274690229,0.9292100172530977
8079,0.7246958637469586,0.07082483748976141,0.9291751625102386
8080,0.7247306221758777,0.07082483748976141,0.9291751625102386
8081,0.7247306221758777,0.07085969223262055,0.9291403077673794
8082,0.7247653806047967,0.07085969223262055,0.9291403077673794
8083,0.7248001390337157,0.07085969223262055,0.9291403077673794
8084,0.7249913103927702,0.07085969223262055,0.9291403077673794
8085,0.7249913103927702,0.07087711960405012,0.9291228803959499
8086,0.7250260688216893,0.07087711960405012,0.9291228803959499
8087,0.7250260688216893,0.07089454697547969,0.9291054530245203
8088,0.7251477233229058,0.07089454697547969,0.9291054530245203
8089,0.7251477233229058,0.07091197434690925,0.9290880256530908
8090,0.7252519986096628,0.07091197434690925,0.9290880256530908
8091,0.7252519986096628,0.07092940171833882,0.9290705982816612
8092,0.7252867570385818,0.07092940171833882,0.9290705982816612
8093,0.7252867570385818,0.07096425646119796,0.929035743538802
8094,0.7254084115397984,0.07096425646119796,0.929035743538802
8095,0.7254084115397984,0.07098168383262753,0.9290183161673725
8096,0.725425790754258,0.0709991112040571,0.9290008887959429
8097,0.7255474452554744,0.0709991112040571,0.9290008887959429
8098,0.7255474452554744,0.07101653857548666,0.9289834614245134
8099,0.7256517205422315,0.07101653857548666,0.9289834614245134
8100,0.7256517205422315,0.07103396594691623,0.9289660340530838
8101,0.7258255126868266,0.07103396594691623,0.9289660340530838
8102,0.7258255126868266,0.07110367543263449,0.9288963245673655
8103,0.7258602711157456,0.07110367543263449,0.9288963245673655
8104,0.7258602711157456,0.07112110280406406,0.928878897195936
8105,0.7259819256169621,0.07112110280406406,0.928878897195936
8106,0.7259819256169621,0.07113853017549363,0.9288614698245063
8107,0.7259993048314216,0.07113853017549363,0.9288614698245063
8108,0.7259993048314216,0.0711559575469232,0.9288440424530768
8109,0.7261035801181787,0.0711559575469232,0.9288440424530768
8110,0.7261035801181787,0.07117338491835276,0.9288266150816472
8111,0.7261209593326382,0.07117338491835276,0.9288266150816472
8112,0.7261209593326382,0.07119081228978233,0.9288091877102177
8113,0.7261557177615572,0.07119081228978233,0.9288091877102177
8114,0.7261557177615572,0.0712082396612119,0.9287917603387881
8115,0.7262426138338547,0.0712082396612119,0.9287917603387881
8116,0.7262426138338547,0.07127794914693017,0.9287220508530698
8117,0.7262947514772332,0.07127794914693017,0.9287220508530698
8118,0.7262947514772332,0.07129537651835974,0.9287046234816403
8119,0.7263642683350713,0.07129537651835974,0.9287046234816403
8120,0.7263642683350713,0.0713128038897893,0.9286871961102107
8121,0.7264164059784498,0.0713128038897893,0.9286871961102107
8122,0.7264164059784498,0.07133023126121887,0.9286697687387812
8123,0.7265728189085854,0.07133023126121887,0.9286697687387812
8124,0.7265728189085854,0.07134765863264844,0.9286523413673515
8125,0.7266075773375044,0.07134765863264844,0.9286523413673515
8126,0.7266075773375044,0.07138251337550758,0.9286174866244924
8127,0.7267292318387208,0.07138251337550758,0.9286174866244924
8128,0.7267292318387208,0.07139994074693715,0.9286000592530629
8129,0.7268335071254779,0.07139994074693715,0.9286000592530629
8130,0.7268335071254779,0.0714173681183667,0.9285826318816333
8131,0.7268856447688564,0.0714173681183667,0.9285826318816333
8132,0.7268856447688564,0.07143479548979627,0.9285652045102037
8133,0.7269551616266945,0.07143479548979627,0.9285652045102037
8134,0.7269551616266945,0.07145222286122584,0.9285477771387741
8135,0.7269725408411539,0.07145222286122584,0.9285477771387741
8136,0.7269725408411539,0.0714696502326554,0.9285303497673446
8137,0.7270594369134515,0.0714696502326554,0.9285303497673446
8138,0.7270594369134515,0.07150450497551454,0.9284954950244855
8139,0.7270941953423705,0.07150450497551454,0.9284954950244855
8140,0.7271289537712895,0.07150450497551454,0.9284954950244855
8141,0.7271637122002086,0.07150450497551454,0.9284954950244855
8142,0.7271637122002086,0.07152193234694411,0.9284780676530558
8143,0.7271984706291276,0.07152193234694411,0.9284780676530558
8144,0.7271984706291276,0.07153935971837368,0.9284606402816263
8145,0.7272332290580465,0.07153935971837368,0.9284606402816263
8146,0.7272332290580465,0.07155678708980324,0.9284432129101967
8147,0.7272853667014251,0.07155678708980324,0.9284432129101967
8148,0.7272853667014251,0.07160906920409195,0.9283909307959081
8149,0.7273375043448036,0.07160906920409195,0.9283909307959081
8150,0.7273375043448036,0.07162649657552152,0.9283735034244784
8151,0.7273548835592631,0.07162649657552152,0.9283735034244784
8152,0.7273548835592631,0.07166135131838065,0.9283386486816193
8153,0.7273722627737226,0.07166135131838065,0.9283386486816193
8154,0.7273722627737226,0.07167877868981022,0.9283212213101898
8155,0.7274244004171011,0.07167877868981022,0.9283212213101898
8156,0.7274244004171011,0.07169620606123979,0.9283037939387602
8157,0.7275808133472367,0.07169620606123979,0.9283037939387602
8158,0.7275808133472367,0.07171363343266934,0.9282863665673307
8159,0.7275981925616962,0.07171363343266934,0.9282863665673307
8160,0.7275981925616962,0.07173106080409891,0.9282689391959011
8161,0.7276329509906152,0.07173106080409891,0.9282689391959011
8162,0.7276329509906152,0.07178334291838762,0.9282166570816124
8163,0.7276850886339937,0.07178334291838762,0.9282166570816124
8164,0.7276850886339937,0.07180077028981718,0.9281992297101829
8165,0.7277719847062912,0.07180077028981718,0.9281992297101829
8166,0.7277719847062912,0.07181819766124675,0.9281818023387532
8167,0.7279110184219674,0.07181819766124675,0.9281818023387532
8168,0.7279110184219674,0.07187047977553546,0.9281295202244646
8169,0.7279805352798053,0.07187047977553546,0.9281295202244646
8170,0.7279805352798053,0.07190533451839459,0.9280946654816054
8171,0.7279979144942649,0.07190533451839459,0.9280946654816054
8172,0.7279979144942649,0.07192276188982416,0.9280772381101758
8173,0.7280674313521028,0.07192276188982416,0.9280772381101758
8174,0.7280674313521028,0.0719576166326833,0.9280423833673167
8175,0.7280848105665624,0.0719576166326833,0.9280423833673167
8176,0.7280848105665624,0.07197504400411286,0.9280249559958871
8177,0.7281543274244004,0.07197504400411286,0.9280249559958871
8178,0.7281543274244004,0.07199247137554243,0.9280075286244576
8179,0.7281890858533194,0.07199247137554243,0.9280075286244576
8180,0.7281890858533194,0.072009898746972,0.927990101253028
8181,0.7282238442822384,0.072009898746972,0.927990101253028
8182,0.7282238442822384,0.07202732611840156,0.9279726738815984
8183,0.7282933611400765,0.07202732611840156,0.9279726738815984
8184,0.7282933611400765,0.07204475348983112,0.9279552465101689
8185,0.728484532499131,0.07204475348983112,0.9279552465101689
8186,0.728484532499131,0.07206218086126069,0.9279378191387393
8187,0.7285019117135906,0.07206218086126069,0.9279378191387393
8188,0.7285019117135906,0.07207960823269026,0.9279203917673098
8189,0.7285366701425096,0.07207960823269026,0.9279203917673098
8190,0.7285366701425096,0.07209703560411983,0.9279029643958802
8191,0.7286930830726451,0.07209703560411983,0.9279029643958802
8192,0.7286930830726451,0.07213189034697896,0.927868109653021
8193,0.7287799791449426,0.07213189034697896,0.927868109653021
8194,0.7287799791449426,0.07218417246126767,0.9278158275387324
8195,0.7288842544316997,0.07218417246126767,0.9278158275387324
8196,0.7288842544316997,0.07220159983269724,0.9277984001673028
8197,0.7289190128606187,0.07220159983269724,0.9277984001673028
8198,0.7289190128606187,0.0722190272041268,0.9277809727958732
8199,0.7289537712895378,0.0722190272041268,0.9277809727958732
8200,0.7289537712895378,0.07223645457555637,0.9277635454244436
8201,0.7290580465762948,0.07223645457555637,0.9277635454244436
8202,0.7290580465762948,0.07225388194698594,0.9277461180530141
8203,0.7290754257907542,0.07225388194698594,0.9277461180530141
8204,0.7290754257907542,0.07228873668984508,0.927711263310155
8205,0.7290928050052138,0.07228873668984508,0.927711263310155
8206,0.7290928050052138,0.07230616406127464,0.9276938359387253
8207,0.7291797010775113,0.07230616406127464,0.9276938359387253
8208,0.7291797010775113,0.0723235914327042,0.9276764085672958
8209,0.7292144595064303,0.0723235914327042,0.9276764085672958
8210,0.7292144595064303,0.07234101880413377,0.9276589811958662
8211,0.7292318387208898,0.07234101880413377,0.9276589811958662
8212,0.7292318387208898,0.07235844617556333,0.9276415538244367
8213,0.7292492179353494,0.07235844617556333,0.9276415538244367
8214,0.7292492179353494,0.0723758735469929,0.9276241264530071
8215,0.7292839763642683,0.0723758735469929,0.9276241264530071
8216,0.7292839763642683,0.07239330091842247,0.9276066990815776
8217,0.7293882516510254,0.07239330091842247,0.9276066990815776
8218,0.7293882516510254,0.0724281556612816,0.9275718443387184
8219,0.7294230100799444,0.0724281556612816,0.9275718443387184
8220,0.7294230100799444,0.07244558303271117,0.9275544169672888
8221,0.7295099061522419,0.07244558303271117,0.9275544169672888
8222,0.7295099061522419,0.07246301040414074,0.9275369895958593
8223,0.7295272853667014,0.07246301040414074,0.9275369895958593
8224,0.7295272853667014,0.07249786514699988,0.9275021348530001
8225,0.729544664581161,0.07249786514699988,0.9275021348530001
8226,0.729544664581161,0.07251529251842945,0.9274847074815705
8227,0.7295968022245395,0.07251529251842945,0.9274847074815705
8228,0.7295968022245395,0.07255014726128858,0.9274498527387114
8229,0.7296141814389989,0.07255014726128858,0.9274498527387114
8230,0.7296141814389989,0.07256757463271815,0.9274324253672819
8231,0.729648939867918,0.07256757463271815,0.9274324253672819
8232,0.729648939867918,0.07258500200414772,0.9274149979958523
8233,0.729718456725756,0.07258500200414772,0.9274149979958523
8234,0.729718456725756,0.07260242937557729,0.9273975706244227
8235,0.7297358359402155,0.07260242937557729,0.9273975706244227
8236,0.7297358359402155,0.07261985674700686,0.9273801432529931
8237,0.729822732012513,0.07261985674700686,0.9273801432529931
8238,0.729822732012513,0.07263728411843641,0.9273627158815636
8239,0.7298401112269726,0.07263728411843641,0.9273627158815636
8240,0.7298401112269726,0.07265471148986598,0.927345288510134
8241,0.7298748696558915,0.07265471148986598,0.927345288510134
8242,0.7298748696558915,0.07267213886129555,0.9273278611387045
8243,0.7299096280848105,0.07267213886129555,0.9273278611387045
8244,0.7299096280848105,0.07268956623272511,0.9273104337672748
8245,0.7300660410149461,0.07268956623272511,0.9273104337672748
8246,0.7300660410149461,0.07270699360415468,0.9272930063958453
8247,0.7301181786583246,0.07270699360415468,0.9272930063958453
8248,0.7301181786583246,0.07275927571844339,0.9272407242815566
8249,0.7301355578727842,0.07275927571844339,0.9272407242815566
8250,0.7301355578727842,0.07277670308987295,0.9272232969101271
8251,0.7303093500173792,0.07277670308987295,0.9272232969101271
8252,0.7303093500173792,0.07281155783273209,0.9271884421672679
8253,0.7303441084462983,0.07281155783273209,0.9271884421672679
8254,0.7303441084462983,0.07284641257559123,0.9271535874244088
8255,0.7304136253041362,0.07284641257559123,0.9271535874244088
8256,0.7304136253041362,0.07289869468987993,0.92710130531012
8257,0.7304831421619743,0.07289869468987993,0.92710130531012
8258,0.7304831421619743,0.0729161220613095,0.9270838779386905
8259,0.7305526590198123,0.0729161220613095,0.9270838779386905
8260,0.7305526590198123,0.07295097680416862,0.9270490231958314
8261,0.7306395550921099,0.07295097680416862,0.9270490231958314
8262,0.7306395550921099,0.07296840417559819,0.9270315958244018
8263,0.7306916927354884,0.07296840417559819,0.9270315958244018
8264,0.7306916927354884,0.07298583154702776,0.9270141684529722
8265,0.7307090719499478,0.07298583154702776,0.9270141684529722
8266,0.7307090719499478,0.0730206862898869,0.9269793137101131
8267,0.7308133472367049,0.0730206862898869,0.9269793137101131
8268,0.7308133472367049,0.0730729684041756,0.9269270315958245
8269,0.7308481056656239,0.0730729684041756,0.9269270315958245
8270,0.7308481056656239,0.07309039577560517,0.9269096042243948
8271,0.7309002433090024,0.07309039577560517,0.9269096042243948
8272,0.7309002433090024,0.07310782314703473,0.9268921768529652
8273,0.7309350017379215,0.07310782314703473,0.9268921768529652
8274,0.7309350017379215,0.0731252505184643,0.9268747494815357
8275,0.7309697601668405,0.0731252505184643,0.9268747494815357
8276,0.7309697601668405,0.07316010526132344,0.9268398947386766
8277,0.7309871393813,0.07316010526132344,0.9268398947386766
8278,0.7309871393813,0.073177532632753,0.9268224673672469
8279,0.7310045185957594,0.073177532632753,0.9268224673672469
8280,0.7310045185957594,0.07319496000418257,0.9268050399958174
8281,0.731021897810219,0.07319496000418257,0.9268050399958174
8282,0.731021897810219,0.07322981474704171,0.9267701852529583
8283,0.731091414668057,0.07322981474704171,0.9267701852529583
8284,0.731091414668057,0.07324724211847126,0.9267527578815288
8285,0.7311087938825165,0.07324724211847126,0.9267527578815288
8286,0.7311087938825165,0.0732820968613304,0.9267179031386696
8287,0.731160931525895,0.0732820968613304,0.9267179031386696
8288,0.731160931525895,0.07331695160418954,0.9266830483958105
8289,0.731195689954814,0.07331695160418954,0.9266830483958105
8290,0.731195689954814,0.0733343789756191,0.9266656210243809
8291,0.7313347236704901,0.0733343789756191,0.9266656210243809
8292,0.7313347236704901,0.07335180634704867,0.9266481936529514
8293,0.7313521028849496,0.07335180634704867,0.9266481936529514
8294,0.7313521028849496,0.07336923371847824,0.9266307662815217
8295,0.7313694820994091,0.07336923371847824,0.9266307662815217
8296,0.7313694820994091,0.07340408846133738,0.9265959115386626
8297,0.7313868613138687,0.07342151583276695,0.9265784841672331
8298,0.7314216197427876,0.07342151583276695,0.9265784841672331
8299,0.7314216197427876,0.07343894320419651,0.9265610567958035
8300,0.7314563781717066,0.07343894320419651,0.9265610567958035
8301,0.7314563781717066,0.07345637057562608,0.926543629424374
8302,0.7315085158150851,0.07345637057562608,0.926543629424374
8303,0.7315085158150851,0.07347379794705565,0.9265262020529443
8304,0.7316823079596803,0.07347379794705565,0.9265262020529443
8305,0.7316823079596803,0.07350865268991479,0.9264913473100852
8306,0.7316996871741397,0.07350865268991479,0.9264913473100852
8307,0.7317344456030588,0.07350865268991479,0.9264913473100852
8308,0.7319603753910323,0.07350865268991479,0.9264913473100852
8309,0.7319603753910323,0.07352608006134435,0.9264739199386557
8310,0.7321167883211679,0.07352608006134435,0.9264739199386557
8311,0.7321167883211679,0.07354350743277391,0.9264564925672261
8312,0.7321689259645464,0.07354350743277391,0.9264564925672261
8313,0.7321689259645464,0.07357836217563304,0.9264216378243669
8314,0.7322036843934654,0.07357836217563304,0.9264216378243669
8315,0.7322036843934654,0.07359578954706261,0.9264042104529374
8316,0.7322384428223845,0.07359578954706261,0.9264042104529374
8317,0.7322384428223845,0.07363064428992175,0.9263693557100783
8318,0.7322732012513035,0.07363064428992175,0.9263693557100783
8319,0.7322732012513035,0.07364807166135132,0.9263519283386487
8320,0.7323079596802224,0.07364807166135132,0.9263519283386487
8321,0.7323079596802224,0.07368292640421045,0.9263170735957895
8322,0.732360097323601,0.07368292640421045,0.9263170735957895
8323,0.732360097323601,0.07371778114706959,0.9262822188529304
8324,0.7324122349669795,0.07371778114706959,0.9262822188529304
8325,0.7324122349669795,0.07375263588992872,0.9262473641100712
8326,0.732638164754953,0.07375263588992872,0.9262473641100712
8327,0.732638164754953,0.073822345375647,0.926177654624353
8328,0.732638164754953,0.07385720011850612,0.9261427998814938
8329,0.7326903023983315,0.07385720011850612,0.9261427998814938
8330,0.7326903023983315,0.07389205486136526,0.9261079451386347
8331,0.7327424400417101,0.07389205486136526,0.9261079451386347
8332,0.7327424400417101,0.07390948223279482,0.9260905177672052
8333,0.7328119568995481,0.07390948223279482,0.9260905177672052
8334,0.7328119568995481,0.07394433697565396,0.926055663024346
8335,0.7328293361140077,0.07394433697565396,0.926055663024346
8336,0.7328293361140077,0.07399661908994266,0.9260033809100573
8337,0.7328814737573862,0.07399661908994266,0.9260033809100573
8338,0.7328814737573862,0.07401404646137223,0.9259859535386278
8339,0.7328988529718456,0.07401404646137223,0.9259859535386278
8340,0.7328988529718456,0.0740314738328018,0.9259685261671982
8341,0.7329336114007647,0.0740314738328018,0.9259685261671982
8342,0.7329336114007647,0.07406632857566094,0.925933671424339
8343,0.7329509906152242,0.07406632857566094,0.925933671424339
8344,0.7329509906152242,0.0740837559470905,0.9259162440529095
8345,0.7329857490441432,0.0740837559470905,0.9259162440529095
8346,0.7329857490441432,0.07410118331852007,0.9258988166814799
8347,0.7330900243309002,0.07410118331852007,0.9258988166814799
8348,0.7330900243309002,0.07413603806137921,0.9258639619386207
8349,0.7331421619742787,0.07413603806137921,0.9258639619386207
8350,0.7331421619742787,0.07415346543280876,0.9258465345671912
8351,0.7331595411887383,0.07415346543280876,0.9258465345671912
8352,0.7331595411887383,0.07417089280423833,0.9258291071957616
8353,0.7333333333333333,0.07417089280423833,0.9258291071957616
8354,0.7333333333333333,0.0741883201756679,0.9258116798243321
8355,0.7333854709767118,0.0741883201756679,0.9258116798243321
8356,0.7333854709767118,0.07420574754709747,0.9257942524529026
8357,0.7334376086200903,0.07420574754709747,0.9257942524529026
8358,0.7334376086200903,0.07422317491852704,0.925776825081473
8359,0.7335418839068474,0.07422317491852704,0.925776825081473
8360,0.7335418839068474,0.0742406022899566,0.9257593977100433
8361,0.7335940215502259,0.0742406022899566,0.9257593977100433
8362,0.7335940215502259,0.07425802966138617,0.9257419703386138
8363,0.733698296836983,0.07425802966138617,0.9257419703386138
8364,0.7337330552659019,0.07425802966138617,0.9257419703386138
8365,0.7338199513381995,0.07425802966138617,0.9257419703386138
8366,0.7338199513381995,0.07427545703281574,0.9257245429671843
8367,0.733837330552659,0.07427545703281574,0.9257245429671843
8368,0.733837330552659,0.07429288440424531,0.9257071155957547
8369,0.733906847410497,0.07429288440424531,0.9257071155957547
8370,0.733906847410497,0.07431031177567488,0.9256896882243251
8371,0.7339937434827946,0.07431031177567488,0.9256896882243251
8372,0.7339937434827946,0.07434516651853401,0.925654833481466
8373,0.7342022940563087,0.07434516651853401,0.925654833481466
8374,0.7342022940563087,0.07438002126139315,0.9256199787386068
8375,0.7342544316996872,0.07438002126139315,0.9256199787386068
8376,0.7342544316996872,0.07443230337568185,0.9255676966243181
8377,0.7342718109141467,0.07443230337568185,0.9255676966243181
8378,0.7342718109141467,0.07450201286140011,0.9254979871385999
8379,0.7343413277719847,0.07450201286140011,0.9254979871385999
8380,0.7343413277719847,0.07451944023282968,0.9254805597671704
8381,0.7343934654153632,0.07451944023282968,0.9254805597671704
8382,0.7343934654153632,0.07453686760425925,0.9254631323957407
8383,0.7344803614876607,0.07453686760425925,0.9254631323957407
8384,0.7344803614876607,0.07455429497568881,0.9254457050243112
8385,0.7344977407021203,0.07455429497568881,0.9254457050243112
8386,0.7344977407021203,0.07457172234711838,0.9254282776528816
8387,0.7345324991310392,0.07457172234711838,0.9254282776528816
8388,0.7345324991310392,0.07460657708997752,0.9253934229100225
8389,0.7345672575599583,0.07460657708997752,0.9253934229100225
8390,0.7345672575599583,0.07462400446140709,0.925375995538593
8391,0.7345846367744178,0.07462400446140709,0.925375995538593
8392,0.7345846367744178,0.07464143183283665,0.9253585681671633
8393,0.7346193952033369,0.07464143183283665,0.9253585681671633
8394,0.7346193952033369,0.07465885920426622,0.9253411407957338
8395,0.7347062912756344,0.07465885920426622,0.9253411407957338
8396,0.7347062912756344,0.07467628657569579,0.9253237134243042
8397,0.7347410497045533,0.07467628657569579,0.9253237134243042
8398,0.7347410497045533,0.07471114131855493,0.9252888586814451
8399,0.7347584289190129,0.07471114131855493,0.9252888586814451
8400,0.7347584289190129,0.0747285686899845,0.9252714313100155
8401,0.7347758081334723,0.0747285686899845,0.9252714313100155
8402,0.7347758081334723,0.07474599606141406,0.9252540039385859
8403,0.7349322210636079,0.07474599606141406,0.9252540039385859
8404,0.7349322210636079,0.07476342343284362,0.9252365765671564
8405,0.7349843587069864,0.07476342343284362,0.9252365765671564
8406,0.7349843587069864,0.07478085080427319,0.9252191491957268
8407,0.7350191171359055,0.07478085080427319,0.9252191491957268
8408,0.7350191171359055,0.07479827817570275,0.9252017218242973
8409,0.7351233924226624,0.07479827817570275,0.9252017218242973
8410,0.7351233924226624,0.07481570554713232,0.9251842944528677
8411,0.735140771637122,0.07481570554713232,0.9251842944528677
8412,0.735140771637122,0.07485056028999146,0.9251494397100085
8413,0.735245046923879,0.07485056028999146,0.9251494397100085
8414,0.735245046923879,0.07492026977570973,0.9250797302242902
8415,0.7353319429961765,0.07492026977570973,0.9250797302242902
8416,0.7353319429961765,0.0749376971471393,0.9250623028528607
8417,0.7353493222106361,0.0749376971471393,0.9250623028528607
8418,0.7353493222106361,0.07495512451856887,0.9250448754814311
8419,0.7354014598540146,0.07495512451856887,0.9250448754814311
8420,0.7354014598540146,0.07497255188999843,0.9250274481100016
8421,0.735418839068474,0.07497255188999843,0.9250274481100016
8422,0.735418839068474,0.07500740663285757,0.9249925933671425
8423,0.7354709767118526,0.07500740663285757,0.9249925933671425
8424,0.7354709767118526,0.07502483400428714,0.9249751659957128
8425,0.7355578727841502,0.07502483400428714,0.9249751659957128
8426,0.7355578727841502,0.0750422613757167,0.9249577386242833
8427,0.7355926312130692,0.0750422613757167,0.9249577386242833
8428,0.7355926312130692,0.07507711611857583,0.9249228838814242
8429,0.7356447688564477,0.07507711611857583,0.9249228838814242
8430,0.7356447688564477,0.0750945434900054,0.9249054565099946
8431,0.7356795272853667,0.0750945434900054,0.9249054565099946
8432,0.7356795272853667,0.07511197086143497,0.924888029138565
8433,0.7357490441432047,0.07511197086143497,0.924888029138565
8434,0.7357490441432047,0.07512939823286453,0.9248706017671354
8435,0.7357838025721237,0.07512939823286453,0.9248706017671354
8436,0.7357838025721237,0.0751468256042941,0.9248531743957059
8437,0.7358706986444212,0.0751468256042941,0.9248531743957059
8438,0.7358706986444212,0.07516425297572367,0.9248357470242763
8439,0.7359749739311783,0.07516425297572367,0.9248357470242763
8440,0.7359749739311783,0.07518168034715324,0.9248183196528468
8441,0.7361140076468543,0.07518168034715324,0.9248183196528468
8442,0.7361140076468543,0.0751991077185828,0.9248008922814172
8443,0.7361313868613139,0.0751991077185828,0.9248008922814172
8444,0.7361313868613139,0.07521653509001237,0.9247834649099876
8445,0.7361835245046924,0.07521653509001237,0.9247834649099876
8446,0.7361835245046924,0.07526881720430108,0.9247311827956989
8447,0.7362530413625304,0.07526881720430108,0.9247311827956989
8448,0.7362530413625304,0.07530367194716021,0.9246963280528397
8449,0.736305179005909,0.07530367194716021,0.9246963280528397
8450,0.736305179005909,0.07532109931858978,0.9246789006814102
8451,0.736444212721585,0.07532109931858978,0.9246789006814102
8452,0.736444212721585,0.07533852669001935,0.9246614733099806
8453,0.7364615919360445,0.07533852669001935,0.9246614733099806
8454,0.7364615919360445,0.07535595406144892,0.9246440459385511
8455,0.736478971150504,0.07535595406144892,0.9246440459385511
8456,0.736478971150504,0.07537338143287847,0.9246266185671215
8457,0.7366006256517206,0.07537338143287847,0.9246266185671215
8458,0.7366006256517206,0.07540823617573761,0.9245917638242624
8459,0.7366353840806396,0.07540823617573761,0.9245917638242624
8460,0.7366353840806396,0.07544309091859674,0.9245569090814032
8461,0.7367049009384776,0.07544309091859674,0.9245569090814032
8462,0.7367049009384776,0.07546051829002631,0.9245394817099737
8463,0.7367570385818561,0.07546051829002631,0.9245394817099737
8464,0.7367570385818561,0.07547794566145588,0.9245220543385442
8465,0.7367744177963156,0.07547794566145588,0.9245220543385442
8466,0.7367744177963156,0.07549537303288545,0.9245046269671146
8467,0.7370003475842892,0.07549537303288545,0.9245046269671146
8468,0.7370003475842892,0.07551280040431502,0.9244871995956849
8469,0.7370524852276678,0.07551280040431502,0.9244871995956849
8470,0.7370524852276678,0.07553022777574459,0.9244697722242554
8471,0.7371393812999653,0.07553022777574459,0.9244697722242554
8472,0.7371393812999653,0.07556508251860372,0.9244349174813963
8473,0.7372610358011817,0.07556508251860372,0.9244349174813963
8474,0.7372610358011817,0.07558250989003329,0.9244174901099667
8475,0.7372957942301008,0.07558250989003329,0.9244174901099667
8476,0.7372957942301008,0.075634792004322,0.924365207995678
8477,0.7373479318734794,0.075634792004322,0.924365207995678
8478,0.7373479318734794,0.07565221937575156,0.9243477806242484
8479,0.7373653110879388,0.07565221937575156,0.9243477806242484
8480,0.7373653110879388,0.07566964674718113,0.9243303532528189
8481,0.7374174487313173,0.07566964674718113,0.9243303532528189
8482,0.7374174487313173,0.07570450149004025,0.9242954985099597
8483,0.7374348279457769,0.07570450149004025,0.9242954985099597
8484,0.7374348279457769,0.07575678360432896,0.9242432163956711
8485,0.7375391032325339,0.07575678360432896,0.9242432163956711
8486,0.7375391032325339,0.07577421097575852,0.9242257890242415
8487,0.7375738616614529,0.07577421097575852,0.9242257890242415
8488,0.7375738616614529,0.07580906571861766,0.9241909342813823
8489,0.7379040667361835,0.07580906571861766,0.9241909342813823
8490,0.7379040667361835,0.07582649309004723,0.9241735069099528
8491,0.737956204379562,0.07582649309004723,0.9241735069099528
8492,0.737956204379562,0.0758439204614768,0.9241560795385232
8493,0.7380778588807786,0.0758439204614768,0.9241560795385232
8494,0.7380778588807786,0.07587877520433593,0.924121224795664
8495,0.7380952380952381,0.07587877520433593,0.924121224795664
8496,0.7380952380952381,0.0758962025757655,0.9241037974242345
8497,0.7381647549530761,0.0758962025757655,0.9241037974242345
8498,0.7381647549530761,0.07591362994719507,0.9240863700528049
8499,0.7383211678832117,0.07591362994719507,0.9240863700528049
8500,0.7383211678832117,0.0759484846900542,0.9240515153099458
8501,0.7384949600278068,0.0759484846900542,0.9240515153099458
8502,0.7384949600278068,0.07596591206148377,0.9240340879385163
8503,0.7386513729579423,0.07596591206148377,0.9240340879385163
8504,0.7386513729579423,0.0760007668043429,0.9239992331956571
8505,0.7387730274591588,0.0760007668043429,0.9239992331956571
8506,0.7387730274591588,0.07601819417577246,0.9239818058242275
8507,0.7388425443169969,0.07601819417577246,0.9239818058242275
8508,0.7388425443169969,0.07603562154720203,0.923964378452798
8509,0.7388946819603754,0.07603562154720203,0.923964378452798
8510,0.7388946819603754,0.0760530489186316,0.9239469510813684
8511,0.7389468196037539,0.0760530489186316,0.9239469510813684
8512,0.7389468196037539,0.07607047629006117,0.9239295237099389
8513,0.7389989572471324,0.07607047629006117,0.9239295237099389
8514,0.7389989572471324,0.07608790366149074,0.9239120963385092
8515,0.7390337156760515,0.07608790366149074,0.9239120963385092
8516,0.7390337156760515,0.0761053310329203,0.9238946689670797
8517,0.7390510948905109,0.0761053310329203,0.9238946689670797
8518,0.7390510948905109,0.07612275840434987,0.9238772415956501
8519,0.7391032325338894,0.07612275840434987,0.9238772415956501
8520,0.7391032325338894,0.07614018577577944,0.9238598142242206
8521,0.739224887035106,0.07614018577577944,0.9238598142242206
8522,0.739224887035106,0.07615761314720901,0.923842386852791
8523,0.739259645464025,0.07615761314720901,0.923842386852791
8524,0.739259645464025,0.07619246789006814,0.9238075321099318
8525,0.7392770246784846,0.07619246789006814,0.9238075321099318
8526,0.7392770246784846,0.07620989526149771,0.9237901047385023
8527,0.7393465415363225,0.07620989526149771,0.9237901047385023
8528,0.7393465415363225,0.07622732263292728,0.9237726773670727
8529,0.7394334376086201,0.07622732263292728,0.9237726773670727
8530,0.7394334376086201,0.07624475000435685,0.9237552499956432
8531,0.7396419881821341,0.07624475000435685,0.9237552499956432
8532,0.7396419881821341,0.07627960474721597,0.923720395252784
8533,0.7396593673965937,0.07627960474721597,0.923720395252784
8534,0.7396593673965937,0.07629703211864554,0.9237029678813544
8535,0.7399721932568648,0.07629703211864554,0.9237029678813544
8536,0.7399721932568648,0.0763144594900751,0.9236855405099249
8537,0.7399895724713242,0.0763144594900751,0.9236855405099249
8538,0.7399895724713242,0.07633188686150467,0.9236681131384953
8539,0.7401112269725408,0.07633188686150467,0.9236681131384953
8540,0.7401112269725408,0.07634931423293424,0.9236506857670658
8541,0.7401981230448383,0.07634931423293424,0.9236506857670658
8542,0.7401981230448383,0.07636674160436381,0.9236332583956361
8543,0.7403545359749739,0.07636674160436381,0.9236332583956361
8544,0.7403545359749739,0.07640159634722295,0.923598403652777
8545,0.7403719151894335,0.07640159634722295,0.923598403652777
8546,0.7403719151894335,0.07641902371865252,0.9235809762813475
8547,0.7405457073340285,0.07641902371865252,0.9235809762813475
8548,0.7405457073340285,0.07643645109008208,0.9235635489099179
8549,0.740702120264164,0.07643645109008208,0.9235635489099179
8550,0.740702120264164,0.07645387846151165,0.9235461215384884
8551,0.740736878693083,0.07645387846151165,0.9235461215384884
8552,0.740736878693083,0.07648873320437079,0.9235112667956292
8553,0.7407890163364615,0.07648873320437079,0.9235112667956292
8554,0.7407890163364615,0.07654101531865949,0.9234589846813405
8555,0.7408063955509211,0.07654101531865949,0.9234589846813405
8556,0.7408063955509211,0.07655844269008906,0.923441557309911
8557,0.7408585331942996,0.07655844269008906,0.923441557309911
8558,0.7408585331942996,0.07657587006151863,0.9234241299384813
8559,0.7410149461244352,0.07657587006151863,0.9234241299384813
8560,0.7410149461244352,0.07659329743294818,0.9234067025670518
8561,0.7410497045533542,0.07659329743294818,0.9234067025670518
8562,0.7410497045533542,0.07661072480437775,0.9233892751956223
8563,0.7411018421967327,0.07661072480437775,0.9233892751956223
8564,0.7411018421967327,0.07662815217580732,0.9233718478241927
8565,0.7412408759124087,0.07662815217580732,0.9233718478241927
8566,0.7412408759124087,0.07664557954723689,0.9233544204527631
8567,0.7413277719847063,0.07664557954723689,0.9233544204527631
8568,0.7413277719847063,0.07666300691866645,0.9233369930813335
8569,0.7413625304136253,0.07666300691866645,0.9233369930813335
8570,0.7413625304136253,0.07668043429009602,0.923319565709904
8571,0.7413799096280849,0.07668043429009602,0.923319565709904
8572,0.7413799096280849,0.07669786166152559,0.9233021383384744
8573,0.7414668057003824,0.07669786166152559,0.9233021383384744
8574,0.7414668057003824,0.07673271640438473,0.9232672835956153
8575,0.7415189433437609,0.07673271640438473,0.9232672835956153
8576,0.7415189433437609,0.0767501437758143,0.9232498562241858
8577,0.7415537017726799,0.0767501437758143,0.9232498562241858
8578,0.7415537017726799,0.07676757114724386,0.9232324288527561
8579,0.7415710809871394,0.07676757114724386,0.9232324288527561
8580,0.7415710809871394,0.07678499851867343,0.9232150014813265
8581,0.7416232186305179,0.07678499851867343,0.9232150014813265
8582,0.7416232186305179,0.076802425890103,0.923197574109897
8583,0.7416753562738965,0.076802425890103,0.923197574109897
8584,0.7416753562738965,0.0768547080043917,0.9231452919956082
8585,0.741727493917275,0.0768547080043917,0.9231452919956082
8586,0.741727493917275,0.07687213537582127,0.9231278646241787
8587,0.7417796315606534,0.07687213537582127,0.9231278646241787
8588,0.7417796315606534,0.07688956274725083,0.9231104372527492
8589,0.7418839068474105,0.07688956274725083,0.9231104372527492
8590,0.7418839068474105,0.07692441749010996,0.9230755825098901
8591,0.7419708029197081,0.07692441749010996,0.9230755825098901
8592,0.7419708029197081,0.0769592722329691,0.9230407277670309
8593,0.7419881821341675,0.0769592722329691,0.9230407277670309
8594,0.7419881821341675,0.07699412697582823,0.9230058730241718
8595,0.7420229405630866,0.07699412697582823,0.9230058730241718
8596,0.7420229405630866,0.0770115543472578,0.9229884456527422
8597,0.742040319777546,0.0770115543472578,0.9229884456527422
8598,0.742040319777546,0.07702898171868737,0.9229710182813127
8599,0.7421098366353841,0.07702898171868737,0.9229710182813127
8600,0.7421098366353841,0.0770638364615465,0.9229361635384535
8601,0.7421272158498435,0.0770638364615465,0.9229361635384535
8602,0.7421272158498435,0.07708126383297607,0.9229187361670239
8603,0.7421967327076816,0.07708126383297607,0.9229187361670239
8604,0.7421967327076816,0.07709869120440564,0.9229013087955944
8605,0.7422662495655197,0.07709869120440564,0.9229013087955944
8606,0.7422662495655197,0.07711611857583521,0.9228838814241648
8607,0.7423010079944387,0.07711611857583521,0.9228838814241648
8608,0.7423010079944387,0.07713354594726478,0.9228664540527353
8609,0.7423879040667362,0.07713354594726478,0.9228664540527353
8610,0.7423879040667362,0.07715097331869435,0.9228490266813056
8611,0.7425964546402503,0.07715097331869435,0.9228490266813056
8612,0.7425964546402503,0.07716840069012391,0.9228315993098761
8613,0.7427354883559263,0.07716840069012391,0.9228315993098761
8614,0.7427354883559263,0.07718582806155348,0.9228141719384465
8615,0.7427528675703858,0.07718582806155348,0.9228141719384465
8616,0.7427528675703858,0.07720325543298304,0.922796744567017
8617,0.7428223844282238,0.07720325543298304,0.922796744567017
8618,0.7428223844282238,0.0772206828044126,0.9227793171955874
8619,0.7429266597149808,0.0772206828044126,0.9227793171955874
8620,0.7429266597149808,0.07725553754727174,0.9227444624527282
8621,0.7429614181438999,0.07725553754727174,0.9227444624527282
8622,0.7429614181438999,0.07727296491870131,0.9227270350812987
8623,0.7429787973583594,0.07727296491870131,0.9227270350812987
8624,0.7429787973583594,0.07730781966156045,0.9226921803384396
8625,0.7430309350017379,0.07730781966156045,0.9226921803384396
8626,0.7430309350017379,0.07732524703299001,0.92267475296701
8627,0.7431525895029545,0.07732524703299001,0.92267475296701
8628,0.7431525895029545,0.07734267440441958,0.9226573255955804
8629,0.7432568647897115,0.07734267440441958,0.9226573255955804
8630,0.7432568647897115,0.07737752914727872,0.9226224708527213
8631,0.743274244004171,0.07737752914727872,0.9226224708527213
8632,0.743274244004171,0.07739495651870829,0.9226050434812917
8633,0.743343760862009,0.07739495651870829,0.9226050434812917
8634,0.743343760862009,0.07741238389013785,0.9225876161098622
8635,0.743378519290928,0.07741238389013785,0.9225876161098622
8636,0.743378519290928,0.07742981126156742,0.9225701887384326
8637,0.7433958985053876,0.07742981126156742,0.9225701887384326
8638,0.7433958985053876,0.07744723863299699,0.922552761367003
8639,0.7434654153632256,0.07744723863299699,0.922552761367003
8640,0.7434654153632256,0.07746466600442656,0.9225353339955734
8641,0.7435349322210636,0.07746466600442656,0.9225353339955734
8642,0.7435349322210636,0.07749952074728568,0.9225004792527143
8643,0.7435523114355231,0.07749952074728568,0.9225004792527143
8644,0.7435523114355231,0.07751694811871525,0.9224830518812848
8645,0.7435870698644421,0.07751694811871525,0.9224830518812848
8646,0.7435870698644421,0.07756923023300395,0.922430769766996
8647,0.7436392075078206,0.07756923023300395,0.922430769766996
8648,0.7436392075078206,0.07758665760443352,0.9224133423955665
8649,0.7437782412234967,0.07758665760443352,0.9224133423955665
8650,0.7437782412234967,0.07760408497586309,0.9223959150241369
8651,0.7437956204379562,0.07760408497586309,0.9223959150241369
8652,0.7437956204379562,0.07763893971872222,0.9223610602812777
8653,0.7439346541536322,0.07763893971872222,0.9223610602812777
8654,0.7439346541536322,0.07765636709015179,0.9223436329098482
8655,0.7439694125825512,0.07765636709015179,0.9223436329098482
8656,0.7439694125825512,0.07767379446158136,0.9223262055384186
8657,0.7440563086548488,0.07767379446158136,0.9223262055384186
8658,0.7440563086548488,0.07769122183301093,0.9223087781669891
8659,0.7441084462982274,0.07769122183301093,0.9223087781669891
8660,0.7441084462982274,0.0777086492044405,0.9222913507955595
8661,0.7441258255126868,0.0777086492044405,0.9222913507955595
8662,0.7441258255126868,0.07772607657587007,0.92227392342413
8663,0.7442127215849843,0.07772607657587007,0.92227392342413
8664,0.7442127215849843,0.07774350394729963,0.9222564960527003
8665,0.7442301007994438,0.07774350394729963,0.9222564960527003
8666,0.7442301007994438,0.0777609313187292,0.9222390686812708
8667,0.7442822384428224,0.0777609313187292,0.9222390686812708
8668,0.7442822384428224,0.07779578606158834,0.9222042139384117
8669,0.7442996176572819,0.07779578606158834,0.9222042139384117
8670,0.7442996176572819,0.07784806817587703,0.9221519318241229
8671,0.7443169968717414,0.07784806817587703,0.9221519318241229
8672,0.7443169968717414,0.07788292291873616,0.9221170770812639
8673,0.7443865137295794,0.07788292291873616,0.9221170770812639
8674,0.7443865137295794,0.07790035029016573,0.9220996497098343
8675,0.744403892944039,0.07790035029016573,0.9220996497098343
8676,0.744403892944039,0.0779177776615953,0.9220822223384046
8677,0.744438651372958,0.0779177776615953,0.9220822223384046
8678,0.744438651372958,0.07800491451874314,0.9219950854812569
8679,0.7444560305874175,0.07800491451874314,0.9219950854812569
8680,0.7444560305874175,0.07802234189017271,0.9219776581098273
8681,0.744542926659715,0.07802234189017271,0.9219776581098273
8682,0.744542926659715,0.07803976926160228,0.9219602307383977
8683,0.7445603058741744,0.07803976926160228,0.9219602307383977
8684,0.7445603058741744,0.07805719663303184,0.9219428033669681
8685,0.7447340980187696,0.07805719663303184,0.9219428033669681
8686,0.7447340980187696,0.07809205137589098,0.9219079486241091
8687,0.7447514772332291,0.07809205137589098,0.9219079486241091
8688,0.7447514772332291,0.0781269061187501,0.9218730938812499
8689,0.7447688564476885,0.0781269061187501,0.9218730938812499
8690,0.7447688564476885,0.07814433349017967,0.9218556665098203
8691,0.7448731317344456,0.07814433349017967,0.9218556665098203
8692,0.7448731317344456,0.07817918823303881,0.9218208117669612
8693,0.7448905109489051,0.07817918823303881,0.9218208117669612
8694,0.7448905109489051,0.07821404297589794,0.921785957024102
8695,0.7449600278067431,0.07821404297589794,0.921785957024102
8696,0.7449600278067431,0.07823147034732751,0.9217685296526725
8697,0.7449947862356622,0.07823147034732751,0.9217685296526725
8698,0.7449947862356622,0.07824889771875708,0.9217511022812429
8699,0.7450295446645812,0.07824889771875708,0.9217511022812429
8700,0.7450295446645812,0.07826632509018665,0.9217336749098134
8701,0.7450643030935001,0.07826632509018665,0.9217336749098134
8702,0.7450643030935001,0.07828375246161622,0.9217162475383838
8703,0.7451338199513382,0.07828375246161622,0.9217162475383838
8704,0.7451338199513382,0.07830117983304578,0.9216988201669543
8705,0.7451511991657978,0.07830117983304578,0.9216988201669543
8706,0.7451511991657978,0.07831860720447535,0.9216813927955246
8707,0.7451685783802572,0.07831860720447535,0.9216813927955246
8708,0.7451685783802572,0.07833603457590492,0.9216639654240951
8709,0.7452728536670142,0.07833603457590492,0.9216639654240951
8710,0.7452728536670142,0.07835346194733449,0.9216465380526655
8711,0.7453076120959332,0.07835346194733449,0.9216465380526655
8712,0.7453076120959332,0.07837088931876406,0.921629110681236
8713,0.7454466458116094,0.07837088931876406,0.921629110681236
8714,0.7454466458116094,0.07838831669019362,0.9216116833098064
8715,0.7455335418839069,0.07838831669019362,0.9216116833098064
8716,0.7455335418839069,0.07840574406162319,0.9215942559383768
8717,0.7455509210983664,0.07840574406162319,0.9215942559383768
8718,0.7455509210983664,0.07842317143305275,0.9215768285669472
8719,0.7456378171706639,0.07842317143305275,0.9215768285669472
8720,0.7456378171706639,0.07844059880448231,0.9215594011955177
8721,0.7456551963851233,0.07844059880448231,0.9215594011955177
8722,0.7456551963851233,0.07845802617591188,0.9215419738240881
8723,0.745742092457421,0.07845802617591188,0.9215419738240881
8724,0.745742092457421,0.07847545354734145,0.9215245464526586
8725,0.7458116093152589,0.07847545354734145,0.9215245464526586
8726,0.745846367744178,0.07847545354734145,0.9215245464526586
8727,0.745846367744178,0.07851030829020059,0.9214896917097994
8728,0.745881126173097,0.07851030829020059,0.9214896917097994
8729,0.745881126173097,0.07852773566163015,0.9214722643383698
8730,0.7459332638164755,0.07852773566163015,0.9214722643383698
8731,0.7459332638164755,0.07854516303305972,0.9214548369669403
8732,0.7460722975321515,0.07854516303305972,0.9214548369669403
8733,0.7460722975321515,0.07856259040448929,0.9214374095955107
8734,0.7461765728189086,0.07856259040448929,0.9214374095955107
8735,0.7461765728189086,0.07858001777591886,0.9214199822240812
8736,0.7462113312478276,0.07858001777591886,0.9214199822240812
8737,0.7462113312478276,0.07859744514734843,0.9214025548526515
8738,0.7462287104622871,0.07859744514734843,0.9214025548526515
8739,0.7462287104622871,0.07863229989020756,0.9213677001097924
8740,0.7463156065345846,0.07863229989020756,0.9213677001097924
8741,0.7463156065345846,0.07864972726163713,0.9213502727383629
8742,0.7463329857490442,0.07864972726163713,0.9213502727383629
8743,0.7463329857490442,0.0786671546330667,0.9213328453669333
8744,0.7464893986791797,0.0786671546330667,0.9213328453669333
8745,0.7464893986791797,0.07870200937592584,0.9212979906240741
8746,0.7465067778936392,0.07870200937592584,0.9212979906240741
8747,0.7465067778936392,0.07873686411878496,0.921263135881215
8748,0.7465415363225583,0.07873686411878496,0.921263135881215
8749,0.7465415363225583,0.07875429149021453,0.9212457085097855
8750,0.7466284323948558,0.07875429149021453,0.9212457085097855
8751,0.7466284323948558,0.07878914623307366,0.9212108537669264
8752,0.7466458116093153,0.07878914623307366,0.9212108537669264
8753,0.7466458116093153,0.0788240009759328,0.9211759990240672
8754,0.7466631908237747,0.0788240009759328,0.9211759990240672
8755,0.7466631908237747,0.07884142834736237,0.9211585716526376
8756,0.7468369829683699,0.07884142834736237,0.9211585716526376
8757,0.7468369829683699,0.07885885571879193,0.9211411442812081
8758,0.7469064998262078,0.07885885571879193,0.9211411442812081
8759,0.7469064998262078,0.0788762830902215,0.9211237169097785
8760,0.7469412582551269,0.0788762830902215,0.9211237169097785
8761,0.7469412582551269,0.07889371046165107,0.9211062895383489
8762,0.747080291970803,0.07889371046165107,0.9211062895383489
8763,0.747080291970803,0.07891113783308064,0.9210888621669193
8764,0.7471150503997219,0.07891113783308064,0.9210888621669193
8765,0.7471150503997219,0.0789285652045102,0.9210714347954898
8766,0.74718456725756,0.0789285652045102,0.9210714347954898
8767,0.74718456725756,0.07894599257593977,0.9210540074240602
8768,0.7472019464720194,0.07894599257593977,0.9210540074240602
8769,0.7472019464720194,0.07899827469022848,0.9210017253097715
8770,0.7472367049009385,0.07899827469022848,0.9210017253097715
8771,0.7472714633298575,0.07899827469022848,0.9210017253097715
8772,0.747358359402155,0.07899827469022848,0.9210017253097715
8773,0.747358359402155,0.07901570206165805,0.9209842979383419
8774,0.7473757386166145,0.07901570206165805,0.9209842979383419
8775,0.7473757386166145,0.0790331294330876,0.9209668705669124
8776,0.747462634688912,0.0790331294330876,0.9209668705669124
8777,0.747462634688912,0.0790854115473763,0.9209145884526238
8778,0.7475147723322906,0.0790854115473763,0.9209145884526238
8779,0.7475147723322906,0.07912026629023544,0.9208797337097645
8780,0.7475321515467501,0.07912026629023544,0.9208797337097645
8781,0.7475321515467501,0.07913769366166501,0.920862306338335
8782,0.7476711852624262,0.07913769366166501,0.920862306338335
8783,0.7476711852624262,0.07915512103309458,0.9208448789669055
8784,0.7476885644768857,0.07915512103309458,0.9208448789669055
8785,0.7476885644768857,0.07917254840452415,0.9208274515954759
8786,0.7478449774070212,0.07917254840452415,0.9208274515954759
8787,0.7478449774070212,0.07922483051881285,0.9207751694811872
8788,0.7478971150503997,0.07922483051881285,0.9207751694811872
8789,0.7478971150503997,0.07924225789024242,0.9207577421097576
8790,0.7479840111226973,0.07924225789024242,0.9207577421097576
8791,0.7479840111226973,0.07929454000453112,0.9207054599954689
8792,0.7480882864094542,0.07929454000453112,0.9207054599954689
8793,0.7480882864094542,0.07931196737596069,0.9206880326240393
8794,0.7481056656239138,0.07931196737596069,0.9206880326240393
8795,0.7481056656239138,0.07932939474739024,0.9206706052526098
8796,0.7481404240528328,0.07932939474739024,0.9206706052526098
8797,0.7481404240528328,0.07934682211881981,0.9206531778811802
8798,0.7481751824817519,0.07934682211881981,0.9206531778811802
8799,0.7481751824817519,0.07936424949024938,0.9206357505097507
8800,0.7482794577685089,0.07936424949024938,0.9206357505097507
8801,0.7482794577685089,0.07938167686167895,0.920618323138321
8802,0.7483663538408064,0.07938167686167895,0.920618323138321
8803,0.7483663538408064,0.07939910423310852,0.9206008957668915
8804,0.7484011122697254,0.07939910423310852,0.9206008957668915
8805,0.7484011122697254,0.07941653160453808,0.9205834683954619
8806,0.7484358706986444,0.07941653160453808,0.9205834683954619
8807,0.7484358706986444,0.07943395897596765,0.9205660410240324
8808,0.7484532499131039,0.07943395897596765,0.9205660410240324
8809,0.7484532499131039,0.07945138634739722,0.9205486136526028
8810,0.748696558915537,0.07945138634739722,0.9205486136526028
8811,0.748696558915537,0.07946881371882679,0.9205311862811733
8812,0.7487139381299965,0.07946881371882679,0.9205311862811733
8813,0.7487139381299965,0.07948624109025636,0.9205137589097436
8814,0.7487834549878345,0.07948624109025636,0.9205137589097436
8815,0.7487834549878345,0.07953852320454506,0.920461476795455
8816,0.748800834202294,0.07953852320454506,0.920461476795455
8817,0.748800834202294,0.07955595057597463,0.9204440494240254
8818,0.7488529718456726,0.07955595057597463,0.9204440494240254
8819,0.7488529718456726,0.0795733779474042,0.9204266220525958
8820,0.7488703510601321,0.0795733779474042,0.9204266220525958
8821,0.7488703510601321,0.07959080531883377,0.9204091946811662
8822,0.7488877302745915,0.07959080531883377,0.9204091946811662
8823,0.7488877302745915,0.07960823269026333,0.9203917673097367
8824,0.7489051094890511,0.07960823269026333,0.9203917673097367
8825,0.7489051094890511,0.07964308743312246,0.9203569125668776
8826,0.7489746263468892,0.07964308743312246,0.9203569125668776
8827,0.7489746263468892,0.07966051480455202,0.920339485195448
8828,0.7490267639902677,0.07966051480455202,0.920339485195448
8829,0.7490267639902677,0.07967794217598159,0.9203220578240184
8830,0.7491484184914842,0.07967794217598159,0.9203220578240184
8831,0.7491484184914842,0.07971279691884073,0.9202872030811593
8832,0.7491657977059437,0.07971279691884073,0.9202872030811593
8833,0.7491657977059437,0.0797302242902703,0.9202697757097297
8834,0.7492874522071602,0.0797302242902703,0.9202697757097297
8835,0.7492874522071602,0.07974765166169986,0.9202523483383002
8836,0.7493048314216197,0.07974765166169986,0.9202523483383002
8837,0.7493048314216197,0.07976507903312943,0.9202349209668705
8838,0.7493917274939172,0.07976507903312943,0.9202349209668705
8839,0.7493917274939172,0.07979993377598857,0.9202000662240114
8840,0.7494091067083768,0.07979993377598857,0.9202000662240114
8841,0.7494091067083768,0.07981736114741814,0.9201826388525819
8842,0.7496697949252694,0.07981736114741814,0.9201826388525819
8843,0.7496697949252694,0.0798347885188477,0.9201652114811523
8844,0.7497219325686479,0.0798347885188477,0.9201652114811523
8845,0.7497219325686479,0.07985221589027727,0.9201477841097228
8846,0.749895724713243,0.07985221589027727,0.9201477841097228
8847,0.749895724713243,0.07986964326170684,0.9201303567382931
8848,0.7499478623566215,0.07986964326170684,0.9201303567382931
8849,0.7499478623566215,0.07988707063313641,0.9201129293668636
8850,0.7500868960722975,0.07988707063313641,0.9201129293668636
8851,0.7500868960722975,0.07992192537599555,0.9200780746240045
8852,0.7501564129301356,0.07992192537599555,0.9200780746240045
8853,0.7501564129301356,0.07995678011885467,0.9200432198811453
8854,0.7501911713590546,0.07995678011885467,0.9200432198811453
8855,0.7501911713590546,0.07997420749028424,0.9200257925097157
8856,0.7502259297879735,0.07997420749028424,0.9200257925097157
8857,0.7502259297879735,0.0799916348617138,0.9200083651382862
8858,0.7502433090024331,0.0799916348617138,0.9200083651382862
8859,0.7502433090024331,0.08000906223314337,0.9199909377668566
8860,0.7502606882168926,0.08000906223314337,0.9199909377668566
8861,0.7502606882168926,0.08002648960457294,0.9199735103954271
8862,0.7503302050747306,0.08002648960457294,0.9199735103954271
8863,0.7503302050747306,0.08004391697600251,0.9199560830239975
8864,0.7503649635036497,0.08004391697600251,0.9199560830239975
8865,0.7503649635036497,0.08006134434743208,0.9199386556525679
8866,0.7503823427181091,0.08006134434743208,0.9199386556525679
8867,0.7503823427181091,0.08007877171886164,0.9199212282811383
8868,0.7503997219325687,0.08007877171886164,0.9199212282811383
8869,0.7503997219325687,0.08009619909029121,0.9199038009097088
8870,0.7505561348627042,0.08009619909029121,0.9199038009097088
8871,0.7505561348627042,0.08011362646172078,0.9198863735382792
8872,0.7506604101494613,0.08011362646172078,0.9198863735382792
8873,0.7506604101494613,0.08013105383315035,0.9198689461668497
8874,0.7507646854362183,0.08013105383315035,0.9198689461668497
8875,0.7507646854362183,0.08014848120457992,0.91985151879542
8876,0.7507820646506778,0.08014848120457992,0.91985151879542
8877,0.7507820646506778,0.08016590857600948,0.9198340914239905
8878,0.7508342022940563,0.08016590857600948,0.9198340914239905
8879,0.7508342022940563,0.08018333594743905,0.9198166640525609
8880,0.7508515815085158,0.08018333594743905,0.9198166640525609
8881,0.7508515815085158,0.08020076331886862,0.9197992366811314
8882,0.7509906152241919,0.08020076331886862,0.9197992366811314
8883,0.7509906152241919,0.08021819069029819,0.9197818093097018
8884,0.7510253736531108,0.08021819069029819,0.9197818093097018
8885,0.7510253736531108,0.08025304543315731,0.9197469545668426
8886,0.7510948905109489,0.08025304543315731,0.9197469545668426
8887,0.7510948905109489,0.08028790017601645,0.9197120998239836
8888,0.7512339242266249,0.08028790017601645,0.9197120998239836
8889,0.7512339242266249,0.08030532754744601,0.919694672452554
8890,0.7512860618700035,0.08030532754744601,0.919694672452554
8891,0.7512860618700035,0.08032275491887558,0.9196772450811244
8892,0.7513903371567605,0.08032275491887558,0.9196772450811244
8893,0.7513903371567605,0.08034018229030515,0.9196598177096948
8894,0.751477233229058,0.08034018229030515,0.9196598177096948
8895,0.751477233229058,0.08035760966173472,0.9196423903382653
8896,0.7514946124435176,0.08035760966173472,0.9196423903382653
8897,0.7514946124435176,0.08037503703316429,0.9196249629668357
8898,0.7515641293013556,0.08037503703316429,0.9196249629668357
8899,0.7515641293013556,0.08039246440459386,0.9196075355954061
8900,0.7519290928050052,0.08039246440459386,0.9196075355954061
8901,0.7519290928050052,0.08042731914745299,0.9195726808525471
8902,0.7519638512339242,0.08042731914745299,0.9195726808525471
8903,0.7519638512339242,0.08044474651888256,0.9195552534811174
8904,0.7520333680917622,0.08044474651888256,0.9195552534811174
8905,0.7520333680917622,0.0804796012617417,0.9195203987382583
8906,0.7520507473062218,0.0804796012617417,0.9195203987382583
8907,0.7520507473062218,0.08049702863317126,0.9195029713668288
8908,0.7520681265206812,0.08049702863317126,0.9195029713668288
8909,0.7520681265206812,0.08051445600460083,0.9194855439953992
8910,0.7520855057351408,0.08051445600460083,0.9194855439953992
8911,0.7520855057351408,0.0805318833760304,0.9194681166239695
8912,0.7521550225929788,0.0805318833760304,0.9194681166239695
8913,0.7521550225929788,0.08058416549031909,0.9194158345096809
8914,0.7521724018074383,0.08058416549031909,0.9194158345096809
8915,0.7521724018074383,0.08060159286174866,0.9193984071382514
8916,0.7522766770941953,0.08060159286174866,0.9193984071382514
8917,0.7522766770941953,0.08061902023317823,0.9193809797668218
8918,0.7523288147375738,0.08061902023317823,0.9193809797668218
8919,0.7523288147375738,0.0806364476046078,0.9193635523953922
8920,0.7524330900243309,0.0806364476046078,0.9193635523953922
8921,0.7524330900243309,0.08065387497603736,0.9193461250239626
8922,0.7524504692387904,0.08065387497603736,0.9193461250239626
8923,0.7524504692387904,0.08070615709032607,0.919293842909674
8924,0.7526242613833855,0.08070615709032607,0.919293842909674
8925,0.7526242613833855,0.08072358446175563,0.9192764155382444
8926,0.7526937782412235,0.08072358446175563,0.9192764155382444
8927,0.7526937782412235,0.0807410118331852,0.9192589881668148
8928,0.7527285366701425,0.0807410118331852,0.9192589881668148
8929,0.7527285366701425,0.08075843920461477,0.9192415607953852
8930,0.7528328119568996,0.08075843920461477,0.9192415607953852
8931,0.7528328119568996,0.08077586657604434,0.9192241334239557
8932,0.7528501911713591,0.08077586657604434,0.9192241334239557
8933,0.7528501911713591,0.08079329394747391,0.9192067060525261
8934,0.7528849496002781,0.08079329394747391,0.9192067060525261
8935,0.7528849496002781,0.08081072131890348,0.9191892786810966
8936,0.7529023288147376,0.08081072131890348,0.9191892786810966
8937,0.7529023288147376,0.08082814869033304,0.9191718513096669
8938,0.752919708029197,0.08082814869033304,0.9191718513096669
8939,0.752919708029197,0.08086300343319217,0.9191369965668078
8940,0.7529544664581161,0.08086300343319217,0.9191369965668078
8941,0.7529544664581161,0.08088043080462173,0.9191195691953783
8942,0.7530413625304136,0.08088043080462173,0.9191195691953783
8943,0.7530413625304136,0.0808978581760513,0.9191021418239487
8944,0.7530587417448731,0.0808978581760513,0.9191021418239487
8945,0.7530587417448731,0.08091528554748087,0.9190847144525192
8946,0.7530761209593326,0.08091528554748087,0.9190847144525192
8947,0.7530761209593326,0.08093271291891044,0.9190672870810895
8948,0.7531977754605492,0.08093271291891044,0.9190672870810895
8949,0.7531977754605492,0.08095014029034,0.91904985970966
8950,0.7533020507473063,0.08095014029034,0.91904985970966
8951,0.7533020507473063,0.08096756766176957,0.9190324323382304
8952,0.7533194299617657,0.08096756766176957,0.9190324323382304
8953,0.7533194299617657,0.08098499503319914,0.9190150049668009
8954,0.7533541883906847,0.08098499503319914,0.9190150049668009
8955,0.7533541883906847,0.08100242240462871,0.9189975775953713
8956,0.7535453597497394,0.08100242240462871,0.9189975775953713
8957,0.7535453597497394,0.08101984977605828,0.9189801502239417
8958,0.7536670142509558,0.08101984977605828,0.9189801502239417
8959,0.7536670142509558,0.08103727714748785,0.9189627228525121
8960,0.7537191518943344,0.08103727714748785,0.9189627228525121
8961,0.7537191518943344,0.08105470451891741,0.9189452954810826
8962,0.7537365311087939,0.08105470451891741,0.9189452954810826
8963,0.7537365311087939,0.08107213189034698,0.918927868109653
8964,0.7537539103232533,0.08107213189034698,0.918927868109653
8965,0.7537539103232533,0.08108955926177655,0.9189104407382235
8966,0.7537886687521724,0.08108955926177655,0.9189104407382235
8967,0.7537886687521724,0.08110698663320612,0.9188930133667939
8968,0.7538060479666319,0.08110698663320612,0.9188930133667939
8969,0.7538060479666319,0.08112441400463569,0.9188755859953643
8970,0.7538581856100104,0.08112441400463569,0.9188755859953643
8971,0.7538581856100104,0.08114184137606525,0.9188581586239347
8972,0.7538755648244699,0.08114184137606525,0.9188581586239347
8973,0.7538755648244699,0.08115926874749481,0.9188407312525052
8974,0.7539103232533889,0.08115926874749481,0.9188407312525052
8975,0.7539103232533889,0.08117669611892438,0.9188233038810756
8976,0.754153632255822,0.08117669611892438,0.9188233038810756
8977,0.754153632255822,0.08119412349035394,0.9188058765096461
8978,0.7541883906847411,0.08119412349035394,0.9188058765096461
8979,0.7541883906847411,0.08121155086178351,0.9187884491382164
8980,0.7542231491136601,0.08121155086178351,0.9187884491382164
8981,0.7542231491136601,0.08122897823321308,0.9187710217667869
8982,0.754257907542579,0.08122897823321308,0.9187710217667869
8983,0.754257907542579,0.08124640560464265,0.9187535943953573
8984,0.7543100451859576,0.08124640560464265,0.9187535943953573
8985,0.7543100451859576,0.08129868771893135,0.9187013122810687
8986,0.7543274244004171,0.08129868771893135,0.9187013122810687
8987,0.7543274244004171,0.08131611509036092,0.918683884909639
8988,0.7543621828293361,0.08131611509036092,0.918683884909639
8989,0.7543621828293361,0.08133354246179049,0.9186664575382095
8990,0.7544143204727146,0.08133354246179049,0.9186664575382095
8991,0.7544143204727146,0.08135096983322006,0.9186490301667799
8992,0.7544664581160931,0.08135096983322006,0.9186490301667799
8993,0.7544664581160931,0.08136839720464963,0.9186316027953504
8994,0.7546054918317692,0.08136839720464963,0.9186316027953504
8995,0.7546054918317692,0.0813858245760792,0.9186141754239208
8996,0.7546228710462287,0.0813858245760792,0.9186141754239208
8997,0.7546228710462287,0.08142067931893833,0.9185793206810616
8998,0.7546402502606883,0.08142067931893833,0.9185793206810616
8999,0.7546402502606883,0.0814381066903679,0.9185618933096321
9000,0.7546750086896072,0.0814381066903679,0.9185618933096321
9001,0.7546750086896072,0.08145553406179747,0.9185444659382025
9002,0.7547097671185262,0.08145553406179747,0.9185444659382025
9003,0.7547097671185262,0.08147296143322702,0.918527038566773
9004,0.7547271463329858,0.08147296143322702,0.918527038566773
9005,0.7547271463329858,0.08149038880465659,0.9185096111953435
9006,0.7547619047619047,0.08149038880465659,0.9185096111953435
9007,0.7547619047619047,0.08150781617608616,0.9184921838239138
9008,0.7547966631908237,0.08150781617608616,0.9184921838239138
9009,0.7547966631908237,0.08152524354751572,0.9184747564524842
9010,0.7548314216197428,0.08152524354751572,0.9184747564524842
9011,0.7548314216197428,0.08157752566180443,0.9184224743381956
9012,0.7548661800486618,0.08157752566180443,0.9184224743381956
9013,0.7548661800486618,0.081594953033234,0.918405046966766
9014,0.7549009384775808,0.081594953033234,0.918405046966766
9015,0.7549009384775808,0.08161238040466356,0.9183876195953364
9016,0.7550052137643378,0.08161238040466356,0.9183876195953364
9017,0.7550052137643378,0.08162980777609313,0.9183701922239069
9018,0.7550573514077163,0.08162980777609313,0.9183701922239069
9019,0.7550921098366354,0.08162980777609313,0.9183701922239069
9020,0.7550921098366354,0.0816472351475227,0.9183527648524773
9021,0.7551616266944734,0.0816472351475227,0.9183527648524773
9022,0.7551616266944734,0.0816995172618114,0.9183004827381887
9023,0.7553354188390685,0.0816995172618114,0.9183004827381887
9024,0.7553354188390685,0.08171694463324097,0.918283055366759
9025,0.7554049356969065,0.08171694463324097,0.918283055366759
9026,0.7554049356969065,0.08173437200467054,0.9182656279953294
9027,0.7554744525547445,0.08173437200467054,0.9182656279953294
9028,0.7554744525547445,0.08175179937610011,0.9182482006238999
9029,0.7556134862704206,0.08175179937610011,0.9182482006238999
9030,0.7556134862704206,0.08176922674752966,0.9182307732524704
9031,0.7556830031282586,0.08176922674752966,0.9182307732524704
9032,0.7556830031282586,0.0818040814903888,0.9181959185096112
9033,0.7558394160583941,0.0818040814903888,0.9181959185096112
9034,0.7558394160583941,0.08182150886181837,0.9181784911381816
9035,0.7558567952728537,0.08182150886181837,0.9181784911381816
9036,0.7558567952728537,0.08183893623324794,0.9181610637667521
9037,0.7559263121306917,0.08183893623324794,0.9181610637667521
9038,0.7559263121306917,0.0818563636046775,0.9181436363953225
9039,0.7559436913451512,0.0818563636046775,0.9181436363953225
9040,0.7559436913451512,0.08187379097610707,0.918126209023893
9041,0.7561001042752867,0.08187379097610707,0.918126209023893
9042,0.7561001042752867,0.08189121834753664,0.9181087816524633
9043,0.7561174834897463,0.08189121834753664,0.9181087816524633
9044,0.7561174834897463,0.08192607309039578,0.9180739269096042
9045,0.7562738964198819,0.08192607309039578,0.9180739269096042
9046,0.7562738964198819,0.08194350046182534,0.9180564995381747
9047,0.7562912756343413,0.08194350046182534,0.9180564995381747
9048,0.7562912756343413,0.08196092783325491,0.9180390721667451
9049,0.7563607924921794,0.08196092783325491,0.9180390721667451
9050,0.7563607924921794,0.08199578257611405,0.9180042174238859
9051,0.7563781717066389,0.08199578257611405,0.9180042174238859
9052,0.7563781717066389,0.08201320994754362,0.9179867900524564
9053,0.7564129301355579,0.08201320994754362,0.9179867900524564
9054,0.7564129301355579,0.08203063731897318,0.9179693626810268
9055,0.7564650677789364,0.08203063731897318,0.9179693626810268
9056,0.7564650677789364,0.08204806469040275,0.9179519353095973
9057,0.7565172054223149,0.08204806469040275,0.9179519353095973
9058,0.7565172054223149,0.08208291943326188,0.9179170805667382
9059,0.7565345846367744,0.08208291943326188,0.9179170805667382
9060,0.7565345846367744,0.08210034680469144,0.9178996531953085
9061,0.7565867222801529,0.08210034680469144,0.9178996531953085
9062,0.7565867222801529,0.08213520154755058,0.9178647984524494
9063,0.7566736183524505,0.08213520154755058,0.9178647984524494
9064,0.7566736183524505,0.08217005629040972,0.9178299437095903
9065,0.7568126520681265,0.08217005629040972,0.9178299437095903
9066,0.7568474104970455,0.08217005629040972,0.9178299437095903
9067,0.7568474104970455,0.08218748366183928,0.9178125163381607
9068,0.7568821689259645,0.08218748366183928,0.9178125163381607
9069,0.7568821689259645,0.08220491103326885,0.9177950889667311
9070,0.7569516857838026,0.08220491103326885,0.9177950889667311
9071,0.7569516857838026,0.08222233840469842,0.9177776615953016
9072,0.7569864442127215,0.08222233840469842,0.9177776615953016
9073,0.7569864442127215,0.08223976577612799,0.917760234223872
9074,0.7570212026416406,0.08223976577612799,0.917760234223872
9075,0.7570212026416406,0.08229204789041669,0.9177079521095833
9076,0.7570559610705596,0.08229204789041669,0.9177079521095833
9077,0.7570559610705596,0.08230947526184626,0.9176905247381537
9078,0.7572297532151546,0.08230947526184626,0.9176905247381537
9079,0.7572297532151546,0.08232690263327583,0.9176730973667242
9080,0.7572471324296142,0.08232690263327583,0.9176730973667242
9081,0.7572471324296142,0.08236175737613496,0.9176382426238651
9082,0.7573687869308308,0.08236175737613496,0.9176382426238651
9083,0.7573687869308308,0.08237918474756452,0.9176208152524354
9084,0.7574383037886687,0.08237918474756452,0.9176208152524354
9085,0.7574383037886687,0.08246632160471236,0.9175336783952877
9086,0.7575251998609663,0.08246632160471236,0.9175336783952877
9087,0.7575251998609663,0.08248374897614193,0.917516251023858
9088,0.7575773375043447,0.08248374897614193,0.917516251023858
9089,0.7575773375043447,0.08253603109043063,0.9174639689095694
9090,0.7575947167188043,0.08253603109043063,0.9174639689095694
9091,0.7575947167188043,0.08257088583328977,0.9174291141667102
9092,0.7576294751477233,0.08257088583328977,0.9174291141667102
9093,0.7576294751477233,0.08262316794757847,0.9173768320524215
9094,0.7576989920055613,0.08262316794757847,0.9173768320524215
9095,0.7576989920055613,0.08267545006186716,0.9173245499381328
9096,0.7577337504344803,0.08267545006186716,0.9173245499381328
9097,0.7577337504344803,0.08269287743329673,0.9173071225667033
9098,0.7577685088633994,0.08269287743329673,0.9173071225667033
9099,0.7577685088633994,0.0827103048047263,0.9172896951952737
9100,0.7577858880778588,0.0827103048047263,0.9172896951952737
9101,0.7577858880778588,0.08272773217615587,0.9172722678238441
9102,0.7578032672923184,0.08272773217615587,0.9172722678238441
9103,0.7578032672923184,0.082762586919015,0.917237413080985
9104,0.7582551268682656,0.082762586919015,0.917237413080985
9105,0.7582551268682656,0.08278001429044457,0.9172199857095554
9106,0.7583246437261035,0.08278001429044457,0.9172199857095554
9107,0.7583246437261035,0.08279744166187414,0.9172025583381258
9108,0.7583594021550226,0.08279744166187414,0.9172025583381258
9109,0.7583594021550226,0.08283229640473327,0.9171677035952668
9110,0.7583767813694821,0.08283229640473327,0.9171677035952668
9111,0.7583767813694821,0.08286715114759241,0.9171328488524075
9112,0.7584636774417797,0.08286715114759241,0.9171328488524075
9113,0.7584636774417797,0.08288457851902198,0.917115421480978
9114,0.7584810566562391,0.08288457851902198,0.917115421480978
9115,0.7584810566562391,0.08291943326188111,0.9170805667381189
9116,0.7585679527285367,0.08291943326188111,0.9170805667381189
9117,0.7586027111574557,0.08291943326188111,0.9170805667381189
9118,0.7586027111574557,0.08293686063331068,0.9170631393666893
9119,0.7587243656586722,0.08293686063331068,0.9170631393666893
9120,0.7587243656586722,0.08295428800474025,0.9170457119952597
9121,0.7588286409454292,0.08295428800474025,0.9170457119952597
9122,0.7588286409454292,0.08298914274759937,0.9170108572524006
9123,0.7590198123044838,0.08298914274759937,0.9170108572524006
9124,0.7590198123044838,0.08302399749045851,0.9169760025095415
9125,0.7591414668057004,0.08302399749045851,0.9169760025095415
9126,0.7591414668057004,0.08304142486188808,0.916958575138112
9127,0.7591762252346194,0.08304142486188808,0.916958575138112
9128,0.7591762252346194,0.08305885223331765,0.9169411477666823
9129,0.7591936044490789,0.08305885223331765,0.9169411477666823
9130,0.7591936044490789,0.08307627960474721,0.9169237203952528
9131,0.759471671880431,0.08307627960474721,0.9169237203952528
9132,0.759471671880431,0.08309370697617678,0.9169062930238232
9133,0.7595933263816476,0.08309370697617678,0.9169062930238232
9134,0.7595933263816476,0.08311113434760635,0.9168888656523937
9135,0.7596454640250261,0.08311113434760635,0.9168888656523937
9136,0.7596454640250261,0.08312856171903592,0.9168714382809641
9137,0.7596976016684046,0.08312856171903592,0.9168714382809641
9138,0.7596976016684046,0.08314598909046549,0.9168540109095346
9139,0.7597671185262426,0.08314598909046549,0.9168540109095346
9140,0.7597671185262426,0.08316341646189505,0.9168365835381049
9141,0.7598018769551617,0.08316341646189505,0.9168365835381049
9142,0.7598018769551617,0.08318084383332462,0.9168191561666754
9143,0.7598366353840806,0.08318084383332462,0.9168191561666754
9144,0.7598366353840806,0.08321569857618376,0.9167843014238163
9145,0.7599409106708377,0.08321569857618376,0.9167843014238163
9146,0.7599409106708377,0.08323312594761333,0.9167668740523867
9147,0.7599582898852972,0.08323312594761333,0.9167668740523867
9148,0.7599582898852972,0.0832505533190429,0.9167494466809571
9149,0.7599756690997567,0.0832505533190429,0.9167494466809571
9150,0.7599756690997567,0.08328540806190202,0.916714591938098
9151,0.7600625651720542,0.08328540806190202,0.916714591938098
9152,0.7600625651720542,0.08330283543333158,0.9166971645666684
9153,0.7600973236009733,0.08330283543333158,0.9166971645666684
9154,0.7601320820298922,0.08330283543333158,0.9166971645666684
9155,0.7601494612443518,0.08330283543333158,0.9166971645666684
9156,0.7601494612443518,0.08332026280476115,0.9166797371952389
9157,0.7601842196732708,0.08332026280476115,0.9166797371952389
9158,0.7601842196732708,0.08337254491904986,0.9166274550809501
9159,0.7602711157455683,0.08337254491904986,0.9166274550809501
9160,0.7602711157455683,0.08340739966190899,0.916592600338091
9161,0.7603058741744874,0.08340739966190899,0.916592600338091
9162,0.7603058741744874,0.08342482703333856,0.9165751729666615
9163,0.7603232533889468,0.08342482703333856,0.9165751729666615
9164,0.7603232533889468,0.08344225440476813,0.9165577455952318
9165,0.7603753910323253,0.08344225440476813,0.9165577455952318
9166,0.7604101494612443,0.08344225440476813,0.9165577455952318
9167,0.7604275286757038,0.08344225440476813,0.9165577455952318
9168,0.7604275286757038,0.0834596817761977,0.9165403182238023
9169,0.7604449078901634,0.0834596817761977,0.9165403182238023
9170,0.7604449078901634,0.08349453651905683,0.9165054634809432
9171,0.7604622871046228,0.08349453651905683,0.9165054634809432
9172,0.7604622871046228,0.0835119638904864,0.9164880361095136
9173,0.7605491831769204,0.0835119638904864,0.9164880361095136
9174,0.7605491831769204,0.08354681863334554,0.9164531813666544
9175,0.7605839416058394,0.08354681863334554,0.9164531813666544
9176,0.7605839416058394,0.08358167337620467,0.9164183266237953
9177,0.760636079249218,0.08358167337620467,0.9164183266237953
9178,0.760636079249218,0.0836165281190638,0.9163834718809362
9179,0.760740354535975,0.0836165281190638,0.9163834718809362
9180,0.760740354535975,0.08365138286192293,0.916348617138077
9181,0.7610879388251651,0.08365138286192293,0.916348617138077
9182,0.7610879388251651,0.0836688102333525,0.9163311897666475
9183,0.7611226972540841,0.0836688102333525,0.9163311897666475
9184,0.7611226972540841,0.08370366497621164,0.9162963350237884
9185,0.7612443517553007,0.08370366497621164,0.9162963350237884
9186,0.7612443517553007,0.0837210923476412,0.9162789076523588
9187,0.7612791101842197,0.0837210923476412,0.9162789076523588
9188,0.7612791101842197,0.08375594709050034,0.9162440529094996
9189,0.7613486270420577,0.08375594709050034,0.9162440529094996
9190,0.7613486270420577,0.08377337446192991,0.9162266255380701
9191,0.7613660062565172,0.08377337446192991,0.9162266255380701
9192,0.7613660062565172,0.08379080183335948,0.9162091981666405
9193,0.7613833854709767,0.08379080183335948,0.9162091981666405
9194,0.7613833854709767,0.08380822920478904,0.916191770795211
9195,0.7614181438998957,0.08380822920478904,0.916191770795211
9196,0.7614181438998957,0.08384308394764818,0.9161569160523518
9197,0.7614355231143553,0.08384308394764818,0.9161569160523518
9198,0.7614355231143553,0.08386051131907775,0.9161394886809222
9199,0.7615571776155717,0.08386051131907775,0.9161394886809222
9200,0.7615571776155717,0.08387793869050732,0.9161220613094927
9201,0.7615745568300313,0.08387793869050732,0.9161220613094927
9202,0.7615745568300313,0.08389536606193687,0.9161046339380632
9203,0.7615919360444908,0.08389536606193687,0.9161046339380632
9204,0.7615919360444908,0.08393022080479601,0.9160697791952039
9205,0.7616266944734098,0.08393022080479601,0.9160697791952039
9206,0.7616266944734098,0.08394764817622558,0.9160523518237744
9207,0.7617309697601669,0.08394764817622558,0.9160523518237744
9208,0.7617309697601669,0.08396507554765514,0.9160349244523449
9209,0.7617657281890858,0.08396507554765514,0.9160349244523449
9210,0.7617657281890858,0.08398250291908471,0.9160174970809153
9211,0.7618526242613833,0.08398250291908471,0.9160174970809153
9212,0.7618873826903024,0.08398250291908471,0.9160174970809153
9213,0.7618873826903024,0.08401735766194385,0.9159826423380562
9214,0.7619047619047619,0.08401735766194385,0.9159826423380562
9215,0.7619047619047619,0.08403478503337342,0.9159652149666266
9216,0.7619221411192214,0.08403478503337342,0.9159652149666266
9217,0.7619221411192214,0.08405221240480298,0.915947787595197
9218,0.761939520333681,0.08405221240480298,0.915947787595197
9219,0.761939520333681,0.08408706714766212,0.9159129328523379
9220,0.7620090371915189,0.08408706714766212,0.9159129328523379
9221,0.7620090371915189,0.08410449451909169,0.9158955054809084
9222,0.762043795620438,0.08410449451909169,0.9158955054809084
9223,0.762043795620438,0.08412192189052126,0.9158780781094787
9224,0.7620611748348974,0.08412192189052126,0.9158780781094787
9225,0.7620611748348974,0.08413934926195082,0.9158606507380491
9226,0.762113312478276,0.08413934926195082,0.9158606507380491
9227,0.762113312478276,0.08415677663338039,0.9158432233666196
9228,0.7621480709071949,0.08415677663338039,0.9158432233666196
9229,0.7621480709071949,0.08417420400480996,0.9158257959951901
9230,0.762182829336114,0.08417420400480996,0.9158257959951901
9231,0.762182829336114,0.08420905874766908,0.915790941252331
9232,0.7622002085505735,0.08420905874766908,0.915790941252331
9233,0.7622002085505735,0.08426134086195779,0.9157386591380422
9234,0.7622349669794926,0.08426134086195779,0.9157386591380422
9235,0.7622349669794926,0.08427876823338736,0.9157212317666127
9236,0.7622697254084115,0.08427876823338736,0.9157212317666127
9237,0.7622697254084115,0.08429619560481692,0.9157038043951831
9238,0.7623218630517901,0.08429619560481692,0.9157038043951831
9239,0.7623218630517901,0.08431362297624649,0.9156863770237536
9240,0.7623740006951686,0.08431362297624649,0.9156863770237536
9241,0.7623740006951686,0.08434847771910563,0.9156515222808944
9242,0.7625304136253042,0.08434847771910563,0.9156515222808944
9243,0.7625304136253042,0.0843659050905352,0.9156340949094648
9244,0.7625825512686827,0.0843659050905352,0.9156340949094648
9245,0.7625825512686827,0.08438333246196476,0.9156166675380353
9246,0.7626346889120612,0.08438333246196476,0.9156166675380353
9247,0.7626346889120612,0.08440075983339433,0.9155992401666057
9248,0.7626520681265206,0.08440075983339433,0.9155992401666057
9249,0.7626520681265206,0.0844181872048239,0.9155818127951761
9250,0.7626694473409802,0.0844181872048239,0.9155818127951761
9251,0.7626694473409802,0.08448789669054217,0.9155121033094579
9252,0.7626868265554397,0.08448789669054217,0.9155121033094579
9253,0.7626868265554397,0.08450532406197173,0.9154946759380282
9254,0.7627215849843587,0.08450532406197173,0.9154946759380282
9255,0.7627215849843587,0.0845227514334013,0.9154772485665987
9256,0.7627563434132777,0.0845227514334013,0.9154772485665987
9257,0.7627563434132777,0.08454017880483086,0.9154598211951691
9258,0.7627737226277372,0.08454017880483086,0.9154598211951691
9259,0.7627737226277372,0.08455760617626043,0.9154423938237396
9260,0.7628779979144943,0.08455760617626043,0.9154423938237396
9261,0.7628779979144943,0.08457503354769,0.91542496645231
9262,0.7629301355578728,0.08457503354769,0.91542496645231
9263,0.7629301355578728,0.08459246091911957,0.9154075390808805
9264,0.7630170316301703,0.08459246091911957,0.9154075390808805
9265,0.7630170316301703,0.08460988829054913,0.9153901117094508
9266,0.7630344108446299,0.08460988829054913,0.9153901117094508
9267,0.7630344108446299,0.0846273156619787,0.9153726843380213
9268,0.7630517900590893,0.0846273156619787,0.9153726843380213
9269,0.7630517900590893,0.08464474303340827,0.9153552569665917
9270,0.7632082029892249,0.08464474303340827,0.9153552569665917
9271,0.7632082029892249,0.08466217040483784,0.9153378295951622
9272,0.7632777198470629,0.08466217040483784,0.9153378295951622
9273,0.7632777198470629,0.0846795977762674,0.9153204022237326
9274,0.7632950990615224,0.0846795977762674,0.9153204022237326
9275,0.7632950990615224,0.08469702514769697,0.915302974852303
9276,0.7633472367049009,0.08469702514769697,0.915302974852303
9277,0.7633472367049009,0.08471445251912654,0.9152855474808734
9278,0.7633993743482794,0.08471445251912654,0.9152855474808734
9279,0.7633993743482794,0.08473187989055611,0.9152681201094439
9280,0.7634341327771985,0.08473187989055611,0.9152681201094439
9281,0.7634341327771985,0.08474930726198568,0.9152506927380143
9282,0.7636774417796316,0.08474930726198568,0.9152506927380143
9283,0.7636774417796316,0.08476673463341525,0.9152332653665848
9284,0.763694820994091,0.08476673463341525,0.9152332653665848
9285,0.763694820994091,0.08478416200484482,0.9152158379951552
9286,0.7637122002085506,0.08478416200484482,0.9152158379951552
9287,0.7637122002085506,0.08480158937627438,0.9151984106237256
9288,0.7637817170663886,0.08480158937627438,0.9151984106237256
9289,0.7637817170663886,0.08481901674770394,0.915180983252296
9290,0.7638859923531457,0.08481901674770394,0.915180983252296
9291,0.7638859923531457,0.08485387149056307,0.9151461285094369
9292,0.7639033715676051,0.08485387149056307,0.9151461285094369
9293,0.7639033715676051,0.08487129886199264,0.9151287011380074
9294,0.7639207507820647,0.08487129886199264,0.9151287011380074
9295,0.7639207507820647,0.08488872623342221,0.9151112737665777
9296,0.7640771637122002,0.08488872623342221,0.9151112737665777
9297,0.7640771637122002,0.08490615360485178,0.9150938463951482
9298,0.7641466805700382,0.08490615360485178,0.9150938463951482
9299,0.7641466805700382,0.08492358097628135,0.9150764190237186
9300,0.7641988182134167,0.08492358097628135,0.9150764190237186
9301,0.7641988182134167,0.08494100834771091,0.9150589916522891
9302,0.7642335766423358,0.08494100834771091,0.9150589916522891
9303,0.7642335766423358,0.08495843571914048,0.9150415642808595
9304,0.7643030935001738,0.08495843571914048,0.9150415642808595
9305,0.7643030935001738,0.08497586309057005,0.91502413690943
9306,0.7644595064303094,0.08497586309057005,0.91502413690943
9307,0.7644595064303094,0.08499329046199962,0.9150067095380003
9308,0.7644768856447689,0.08499329046199962,0.9150067095380003
9309,0.7644768856447689,0.08501071783342919,0.9149892821665708
9310,0.7644942648592283,0.08501071783342919,0.9149892821665708
9311,0.7644942648592283,0.08504557257628832,0.9149544274237117
9312,0.7645464025026069,0.08504557257628832,0.9149544274237117
9313,0.7645464025026069,0.08508042731914746,0.9149195726808526
9314,0.7645985401459854,0.08508042731914746,0.9149195726808526
9315,0.7645985401459854,0.08509785469057703,0.9149021453094229
9316,0.7646159193604449,0.08509785469057703,0.9149021453094229
9317,0.7646159193604449,0.08511528206200658,0.9148847179379934
9318,0.7646854362182829,0.08511528206200658,0.9148847179379934
9319,0.7646854362182829,0.08513270943343615,0.9148672905665638
9320,0.7647375738616614,0.08513270943343615,0.9148672905665638
9321,0.7647375738616614,0.08516756417629529,0.9148324358237048
9322,0.764824469933959,0.08516756417629529,0.9148324358237048
9323,0.764824469933959,0.08521984629058399,0.914780153709416
9324,0.7648418491484185,0.08521984629058399,0.914780153709416
9325,0.7648418491484185,0.08523727366201356,0.9147627263379865
9326,0.7649461244351755,0.08523727366201356,0.9147627263379865
9327,0.7649461244351755,0.08528955577630226,0.9147104442236977
9328,0.764998262078554,0.08528955577630226,0.9147104442236977
9329,0.764998262078554,0.08530698314773183,0.9146930168522682
9330,0.7650156412930136,0.08530698314773183,0.9146930168522682
9331,0.7650156412930136,0.0853244105191614,0.9146755894808386
9332,0.765033020507473,0.0853244105191614,0.9146755894808386
9333,0.765033020507473,0.08534183789059097,0.914658162109409
9334,0.7651025373653111,0.08534183789059097,0.914658162109409
9335,0.7651025373653111,0.08535926526202053,0.9146407347379795
9336,0.7652241918665277,0.08535926526202053,0.9146407347379795
9337,0.7652241918665277,0.08539412000487967,0.9146058799951203
9338,0.7652415710809871,0.08539412000487967,0.9146058799951203
9339,0.7652415710809871,0.08541154737630924,0.9145884526236907
9340,0.7653458463677442,0.08541154737630924,0.9145884526236907
9341,0.7653458463677442,0.08542897474773879,0.9145710252522612
9342,0.7654848800834202,0.08542897474773879,0.9145710252522612
9343,0.7654848800834202,0.08544640211916836,0.9145535978808317
9344,0.7655717761557178,0.08544640211916836,0.9145535978808317
9345,0.7655717761557178,0.08546382949059793,0.9145361705094021
9346,0.7656239137990963,0.08546382949059793,0.9145361705094021
9347,0.7656239137990963,0.0854812568620275,0.9145187431379725
9348,0.7657281890858533,0.0854812568620275,0.9145187431379725
9349,0.7657281890858533,0.08551611160488663,0.9144838883951134
9350,0.7657803267292318,0.08551611160488663,0.9144838883951134
9351,0.7657803267292318,0.0855335389763162,0.9144664610236838
9352,0.766058394160584,0.0855335389763162,0.9144664610236838
9353,0.766058394160584,0.08556839371917534,0.9144316062808246
9354,0.766093152589503,0.08556839371917534,0.9144316062808246
9355,0.766093152589503,0.08560324846203447,0.9143967515379655
9356,0.7661279110184219,0.08560324846203447,0.9143967515379655
9357,0.7661279110184219,0.08562067583346404,0.914379324166536
9358,0.7661452902328815,0.08562067583346404,0.914379324166536
9359,0.7661452902328815,0.08563810320489361,0.9143618967951064
9360,0.7661800486618005,0.08563810320489361,0.9143618967951064
9361,0.7661800486618005,0.08565553057632318,0.9143444694236769
9362,0.766371220020855,0.08565553057632318,0.9143444694236769
9363,0.766371220020855,0.08567295794775275,0.9143270420522472
9364,0.7665623913799097,0.08567295794775275,0.9143270420522472
9365,0.7665623913799097,0.08572524006204144,0.9142747599379586
9366,0.7666492874522072,0.08572524006204144,0.9142747599379586
9367,0.7666666666666667,0.085742667433471,0.914257332566529
9368,0.7666666666666667,0.08576009480490057,0.9142399051950995
9369,0.7666840458811262,0.08576009480490057,0.9142399051950995
9370,0.7666840458811262,0.08577752217633014,0.9142224778236698
9371,0.7667014250955857,0.08577752217633014,0.9142224778236698
9372,0.7667014250955857,0.08579494954775971,0.9142050504522403
9373,0.7667188043100451,0.08579494954775971,0.9142050504522403
9374,0.7667188043100451,0.08581237691918928,0.9141876230808107
9375,0.7667361835245047,0.08581237691918928,0.9141876230808107
9376,0.7667361835245047,0.08582980429061884,0.9141701957093812
9377,0.7667535627389642,0.08582980429061884,0.9141701957093812
9378,0.7667535627389642,0.08584723166204841,0.9141527683379516
9379,0.7667883211678832,0.08584723166204841,0.9141527683379516
9380,0.7667883211678832,0.08588208640490755,0.9141179135950924
9381,0.7668230795968022,0.08588208640490755,0.9141179135950924
9382,0.7668230795968022,0.08591694114776668,0.9140830588522333
9383,0.7668752172401807,0.08591694114776668,0.9140830588522333
9384,0.7668752172401807,0.08593436851919625,0.9140656314808038
9385,0.7668925964546403,0.08593436851919625,0.9140656314808038
9386,0.7668925964546403,0.08595179589062582,0.9140482041093742
9387,0.7669099756690998,0.08595179589062582,0.9140482041093742
9388,0.7669099756690998,0.08598665063348496,0.914013349366515
9389,0.7669621133124783,0.08598665063348496,0.914013349366515
9390,0.7669621133124783,0.08600407800491452,0.9139959219950855
9391,0.7670142509558568,0.08600407800491452,0.9139959219950855
9392,0.7670142509558568,0.08602150537634409,0.9139784946236559
9393,0.7671532846715329,0.08602150537634409,0.9139784946236559
9394,0.7671706638859923,0.08603893274777365,0.9139610672522264
9395,0.7671706638859923,0.08609121486206235,0.9139087851379376
9396,0.7671880431004519,0.08609121486206235,0.9139087851379376
9397,0.7671880431004519,0.08610864223349192,0.9138913577665081
9398,0.7672228015293708,0.08610864223349192,0.9138913577665081
9399,0.7672228015293708,0.08614349697635106,0.913856503023649
9400,0.7672923183872089,0.08614349697635106,0.913856503023649
9401,0.7672923183872089,0.08617835171921019,0.9138216482807898
9402,0.7674139728884254,0.08617835171921019,0.9138216482807898
9403,0.7674139728884254,0.08619577909063976,0.9138042209093602
9404,0.7674313521028849,0.08619577909063976,0.9138042209093602
9405,0.7674313521028849,0.08621320646206933,0.9137867935379307
9406,0.7674834897462635,0.08621320646206933,0.9137867935379307
9407,0.7674834897462635,0.0862306338334989,0.9137693661665011
9408,0.767500868960723,0.0862306338334989,0.9137693661665011
9409,0.767500868960723,0.08624806120492846,0.9137519387950715
9410,0.76760514424748,0.08624806120492846,0.9137519387950715
9411,0.76760514424748,0.08626548857635803,0.9137345114236419
9412,0.7676225234619395,0.08626548857635803,0.9137345114236419
9413,0.7676225234619395,0.08630034331921717,0.9136996566807828
9414,0.767639902676399,0.08630034331921717,0.9136996566807828
9415,0.767639902676399,0.08633519806207629,0.9136648019379237
9416,0.767674661105318,0.08633519806207629,0.9136648019379237
9417,0.767674661105318,0.08635262543350586,0.9136473745664941
9418,0.7676920403197776,0.08635262543350586,0.9136473745664941
9419,0.7676920403197776,0.08637005280493543,0.9136299471950646
9420,0.7677267987486965,0.08637005280493543,0.9136299471950646
9421,0.7677267987486965,0.086387480176365,0.913612519823635
9422,0.7678658324643726,0.086387480176365,0.913612519823635
9423,0.7678658324643726,0.08640490754779456,0.9135950924522054
9424,0.7680570038234272,0.08640490754779456,0.9135950924522054
9425,0.7680570038234272,0.08642233491922413,0.9135776650807759
9426,0.7680743830378867,0.08642233491922413,0.9135776650807759
9427,0.7680743830378867,0.0864397622906537,0.9135602377093464
9428,0.7680917622523462,0.0864397622906537,0.9135602377093464
9429,0.7680917622523462,0.08647461703351284,0.9135253829664871
9430,0.7681091414668056,0.08647461703351284,0.9135253829664871
9431,0.7681091414668056,0.0864920444049424,0.9135079555950576
9432,0.7681438998957247,0.0864920444049424,0.9135079555950576
9433,0.7681438998957247,0.08650947177637197,0.9134905282236281
9434,0.7681612791101842,0.08650947177637197,0.9134905282236281
9435,0.7681612791101842,0.08654432651923111,0.9134556734807688
9436,0.7681786583246437,0.08654432651923111,0.9134556734807688
9437,0.7681786583246437,0.08656175389066068,0.9134382461093393
9438,0.7683003128258603,0.08656175389066068,0.9134382461093393
9439,0.7683003128258603,0.08657918126209024,0.9134208187379098
9440,0.7683350712547793,0.08657918126209024,0.9134208187379098
9441,0.7683350712547793,0.08659660863351981,0.9134033913664802
9442,0.7684393465415363,0.08659660863351981,0.9134033913664802
9443,0.7684393465415363,0.08661403600494938,0.9133859639950506
9444,0.7685088633993743,0.08661403600494938,0.9133859639950506
9445,0.7685262426138338,0.08663146337637895,0.913368536623621
9446,0.7685610010427528,0.08663146337637895,0.913368536623621
9447,0.7685783802572124,0.08663146337637895,0.913368536623621
9448,0.7685783802572124,0.08666631811923807,0.9133336818807619
9449,0.7685957594716719,0.08666631811923807,0.9133336818807619
9450,0.7685957594716719,0.08671860023352677,0.9132813997664733
9451,0.7686131386861313,0.08671860023352677,0.9132813997664733
9452,0.7686131386861313,0.08673602760495634,0.9132639723950436
9453,0.7686478971150504,0.08673602760495634,0.9132639723950436
9454,0.7686478971150504,0.08675345497638591,0.9132465450236141
9455,0.768700034758429,0.08675345497638591,0.9132465450236141
9456,0.768700034758429,0.08680573709067461,0.9131942629093254
9457,0.7688912061174835,0.08680573709067461,0.9131942629093254
9458,0.7688912061174835,0.08684059183353375,0.9131594081664662
9459,0.768943343760862,0.08684059183353375,0.9131594081664662
9460,0.768943343760862,0.08685801920496332,0.9131419807950367
9461,0.7691692735488356,0.08685801920496332,0.9131419807950367
9462,0.7691692735488356,0.08687544657639289,0.9131245534236071
9463,0.7691866527632951,0.08687544657639289,0.9131245534236071
9464,0.7691866527632951,0.08691030131925202,0.913089698680748
9465,0.7692561696211331,0.08691030131925202,0.913089698680748
9466,0.7692561696211331,0.08699743817639985,0.9130025618236002
9467,0.7693083072645116,0.08699743817639985,0.9130025618236002
9468,0.7693083072645116,0.08701486554782942,0.9129851344521706
9469,0.7693604449078901,0.08701486554782942,0.9129851344521706
9470,0.7693604449078901,0.08703229291925899,0.912967707080741
9471,0.7694820994091067,0.08703229291925899,0.912967707080741
9472,0.7694820994091067,0.08704972029068855,0.9129502797093114
9473,0.7696385123392423,0.08704972029068855,0.9129502797093114
9474,0.7696385123392423,0.08706714766211812,0.9129328523378819
9475,0.7696558915537017,0.08706714766211812,0.9129328523378819
9476,0.7696558915537017,0.08708457503354769,0.9129154249664523
9477,0.7697254084115398,0.08708457503354769,0.9129154249664523
9478,0.7697254084115398,0.08711942977640683,0.9128805702235931
9479,0.7697427876259993,0.08711942977640683,0.9128805702235931
9480,0.7697427876259993,0.0871891392621251,0.9128108607378749
9481,0.7699860966284324,0.0871891392621251,0.9128108607378749
9482,0.7699860966284324,0.08720656663355467,0.9127934333664454
9483,0.7700208550573514,0.08720656663355467,0.9127934333664454
9484,0.7700208550573514,0.08724142137641379,0.9127585786235862
9485,0.7700903719151895,0.08724142137641379,0.9127585786235862
9486,0.7700903719151895,0.08725884874784336,0.9127411512521566
9487,0.7701077511296489,0.08725884874784336,0.9127411512521566
9488,0.7701077511296489,0.08727627611927292,0.9127237238807271
9489,0.770142509558568,0.08727627611927292,0.9127237238807271
9490,0.770142509558568,0.08729370349070249,0.9127062965092975
9491,0.7702467848453249,0.08729370349070249,0.9127062965092975
9492,0.7702467848453249,0.08732855823356163,0.9126714417664383
9493,0.770281543274244,0.08732855823356163,0.9126714417664383
9494,0.770281543274244,0.0873459856049912,0.9126540143950088
9495,0.770316301703163,0.0873459856049912,0.9126540143950088
9496,0.770316301703163,0.08736341297642077,0.9126365870235792
9497,0.7703684393465415,0.08736341297642077,0.9126365870235792
9498,0.7703684393465415,0.08738084034785033,0.9126191596521497
9499,0.7703858185610011,0.08738084034785033,0.9126191596521497
9500,0.7703858185610011,0.0873982677192799,0.9126017322807201
9501,0.7704031977754605,0.0873982677192799,0.9126017322807201
9502,0.7704031977754605,0.08743312246213904,0.9125668775378609
9503,0.7704727146332986,0.08743312246213904,0.9125668775378609
9504,0.7704727146332986,0.08746797720499817,0.9125320227950018
9505,0.7704900938477581,0.08746797720499817,0.9125320227950018
9506,0.7704900938477581,0.08748540457642774,0.9125145954235723
9507,0.7705074730622176,0.08748540457642774,0.9125145954235723
9508,0.7705074730622176,0.08750283194785731,0.9124971680521426
9509,0.7705596107055961,0.08750283194785731,0.9124971680521426
9510,0.7705596107055961,0.08752025931928688,0.9124797406807131
9511,0.7705943691345151,0.08752025931928688,0.9124797406807131
9512,0.7705943691345151,0.08753768669071645,0.9124623133092835
9513,0.7706117483489746,0.08753768669071645,0.9124623133092835
9514,0.7706117483489746,0.087555114062146,0.912444885937854
9515,0.7706986444212721,0.087555114062146,0.912444885937854
9516,0.7706986444212721,0.08758996880500514,0.9124100311949949
9517,0.7707160236357317,0.08758996880500514,0.9124100311949949
9518,0.7707160236357317,0.0876073961764347,0.9123926038235652
9519,0.7708376781369483,0.0876073961764347,0.9123926038235652
9520,0.7708376781369483,0.08762482354786427,0.9123751764521357
9521,0.7709419534237052,0.08762482354786427,0.9123751764521357
9522,0.7709419534237052,0.08765967829072341,0.9123403217092766
9523,0.7709767118526243,0.08765967829072341,0.9123403217092766
9524,0.7709767118526243,0.08767710566215298,0.912322894337847
9525,0.7709940910670837,0.08767710566215298,0.912322894337847
9526,0.7709940910670837,0.08772938777644168,0.9122706122235583
9527,0.7710636079249218,0.08772938777644168,0.9122706122235583
9528,0.7710636079249218,0.08774681514787125,0.9122531848521287
9529,0.7710983663538408,0.08774681514787125,0.9122531848521287
9530,0.7710983663538408,0.08781652463358952,0.9121834753664104
9531,0.7711157455683003,0.08781652463358952,0.9121834753664104
9532,0.7711157455683003,0.08783395200501909,0.9121660479949809
9533,0.7711331247827599,0.08783395200501909,0.9121660479949809
9534,0.7711331247827599,0.08792108886216692,0.9120789111378331
9535,0.7711505039972193,0.08792108886216692,0.9120789111378331
9536,0.7711505039972193,0.08793851623359648,0.9120614837664035
9537,0.7712721584984359,0.08793851623359648,0.9120614837664035
9538,0.7712721584984359,0.08795594360502605,0.912044056394974
9539,0.7712895377128953,0.08795594360502605,0.912044056394974
9540,0.7712895377128953,0.08799079834788519,0.9120092016521149
9541,0.7713416753562738,0.08799079834788519,0.9120092016521149
9542,0.7713416753562738,0.08802565309074432,0.9119743469092557
9543,0.7713764337851929,0.08802565309074432,0.9119743469092557
9544,0.7713764337851929,0.08807793520503303,0.911922064794967
9545,0.7713938129996524,0.08807793520503303,0.911922064794967
9546,0.7713938129996524,0.08811278994789216,0.9118872100521078
9547,0.7714111922141119,0.08811278994789216,0.9118872100521078
9548,0.7714111922141119,0.0881476446907513,0.9118523553092487
9549,0.771515467500869,0.0881476446907513,0.9118523553092487
9550,0.771515467500869,0.08818249943361042,0.9118175005663895
9551,0.7715328467153285,0.08818249943361042,0.9118175005663895
9552,0.7715328467153285,0.08819992680503999,0.91180007319496
9553,0.771550225929788,0.08819992680503999,0.91180007319496
9554,0.771550225929788,0.08821735417646956,0.9117826458235304
9555,0.771584984358707,0.08821735417646956,0.9117826458235304
9556,0.771584984358707,0.08823478154789913,0.9117652184521009
9557,0.7716023635731665,0.08823478154789913,0.9117652184521009
9558,0.7716023635731665,0.0882522089193287,0.9117477910806713
9559,0.771654501216545,0.0882522089193287,0.9117477910806713
9560,0.771654501216545,0.08826963629075826,0.9117303637092418
9561,0.7716718804310045,0.08826963629075826,0.9117303637092418
9562,0.7716718804310045,0.08828706366218783,0.9117129363378121
9563,0.7717240180743831,0.08828706366218783,0.9117129363378121
9564,0.7717240180743831,0.0883044910336174,0.9116955089663826
9565,0.7718456725755996,0.0883044910336174,0.9116955089663826
9566,0.7718456725755996,0.08832191840504697,0.911678081594953
9567,0.7719499478623566,0.08832191840504697,0.911678081594953
9568,0.7719499478623566,0.08833934577647654,0.9116606542235235
9569,0.7720020855057351,0.08833934577647654,0.9116606542235235
9570,0.7720020855057351,0.0883567731479061,0.9116432268520939
9571,0.7720194647201947,0.0883567731479061,0.9116432268520939
9572,0.7720194647201947,0.08839162789076524,0.9116083721092347
9573,0.7720368439346541,0.08839162789076524,0.9116083721092347
9574,0.7720368439346541,0.08840905526219481,0.9115909447378052
9575,0.7721237400069517,0.08840905526219481,0.9115909447378052
9576,0.7721237400069517,0.08842648263362438,0.9115735173663756
9577,0.7721584984358707,0.08842648263362438,0.9115735173663756
9578,0.7721584984358707,0.0884613373764835,0.9115386626235165
9579,0.7721932568647897,0.0884613373764835,0.9115386626235165
9580,0.7721932568647897,0.08847876474791307,0.911521235252087
9581,0.7722106360792492,0.08847876474791307,0.911521235252087
9582,0.7722106360792492,0.08849619211934263,0.9115038078806573
9583,0.7723149113660063,0.08849619211934263,0.9115038078806573
9584,0.7723149113660063,0.0885136194907722,0.9114863805092278
9585,0.7724713242961418,0.0885136194907722,0.9114863805092278
9586,0.7724713242961418,0.08853104686220177,0.9114689531377982
9587,0.7725582203684394,0.08853104686220177,0.9114689531377982
9588,0.7725582203684394,0.08854847423363134,0.9114515257663687
9589,0.7725755995828989,0.08854847423363134,0.9114515257663687
9590,0.7725755995828989,0.08860075634792004,0.9113992436520799
9591,0.7725929787973583,0.08860075634792004,0.9113992436520799
9592,0.7725929787973583,0.08861818371934961,0.9113818162806504
9593,0.7726624956551964,0.08861818371934961,0.9113818162806504
9594,0.7726624956551964,0.08863561109077918,0.9113643889092208
9595,0.7727320125130344,0.08863561109077918,0.9113643889092208
9596,0.7727320125130344,0.08868789320506788,0.9113121067949321
9597,0.7727493917274939,0.08868789320506788,0.9113121067949321
9598,0.7727493917274939,0.08870532057649745,0.9112946794235025
9599,0.7728362877997914,0.08870532057649745,0.9112946794235025
9600,0.7728362877997914,0.08872274794792702,0.911277252052073
9601,0.772853667014251,0.08872274794792702,0.911277252052073
9602,0.772853667014251,0.08875760269078616,0.9112423973092139
9603,0.772992700729927,0.08875760269078616,0.9112423973092139
9604,0.772992700729927,0.08877503006221571,0.9112249699377843
9605,0.7730448383733055,0.08877503006221571,0.9112249699377843
9606,0.7730448383733055,0.08879245743364528,0.9112075425663547
9607,0.773062217587765,0.08879245743364528,0.9112075425663547
9608,0.773062217587765,0.08882731217650441,0.9111726878234956
9609,0.7731491136600626,0.08882731217650441,0.9111726878234956
9610,0.7731491136600626,0.08884473954793398,0.9111552604520661
9611,0.7731664928745221,0.08884473954793398,0.9111552604520661
9612,0.7731664928745221,0.08886216691936355,0.9111378330806365
9613,0.7732360097323601,0.08886216691936355,0.9111378330806365
9614,0.7732707681612792,0.08886216691936355,0.9111378330806365
9615,0.7733055265901981,0.08886216691936355,0.9111378330806365
9616,0.7733055265901981,0.08891444903365225,0.9110855509663478
9617,0.7733750434480362,0.08891444903365225,0.9110855509663478
9618,0.7733750434480362,0.08896673114794096,0.911033268852059
9619,0.7734271810914146,0.08896673114794096,0.911033268852059
9620,0.7734271810914146,0.08898415851937053,0.9110158414806295
9621,0.7734966979492527,0.08898415851937053,0.9110158414806295
9622,0.7734966979492527,0.0890015858908001,0.9109984141091999
9623,0.7735140771637122,0.0890015858908001,0.9109984141091999
9624,0.7735140771637122,0.08903644063365923,0.9109635593663408
9625,0.7735314563781717,0.08903644063365923,0.9109635593663408
9626,0.7735314563781717,0.08907129537651835,0.9109287046234816
9627,0.7735488355926312,0.08907129537651835,0.9109287046234816
9628,0.7735488355926312,0.08910615011937749,0.9108938498806225
9629,0.7735662148070908,0.08910615011937749,0.9108938498806225
9630,0.7735662148070908,0.08912357749080706,0.910876422509193
9631,0.7735835940215502,0.08912357749080706,0.910876422509193
9632,0.7735835940215502,0.08914100486223663,0.9108589951377634
9633,0.7736009732360097,0.08914100486223663,0.9108589951377634
9634,0.7736009732360097,0.08917585960509576,0.9108241403949042
9635,0.7736357316649287,0.08917585960509576,0.9108241403949042
9636,0.7736357316649287,0.0892107143479549,0.9107892856520451
9637,0.7736531108793883,0.0892107143479549,0.9107892856520451
9638,0.7736531108793883,0.08922814171938447,0.9107718582806156
9639,0.7737052485227668,0.08922814171938447,0.9107718582806156
9640,0.7737052485227668,0.08924556909081403,0.910754430909186
9641,0.7737400069516858,0.08924556909081403,0.910754430909186
9642,0.7737400069516858,0.0892629964622436,0.9107370035377564
9643,0.7738269030239833,0.0892629964622436,0.9107370035377564
9644,0.7738269030239833,0.08928042383367317,0.9107195761663268
9645,0.7738442822384428,0.08928042383367317,0.9107195761663268
9646,0.7738442822384428,0.08929785120510274,0.9107021487948973
9647,0.7738616614529024,0.08929785120510274,0.9107021487948973
9648,0.7738616614529024,0.08933270594796187,0.9106672940520382
9649,0.7739137990962809,0.08933270594796187,0.9106672940520382
9650,0.7739137990962809,0.08935013331939144,0.9106498666806085
9651,0.7739311783107403,0.08935013331939144,0.9106498666806085
9652,0.7739311783107403,0.08936756069082101,0.910632439309179
9653,0.7740006951685784,0.08936756069082101,0.910632439309179
9654,0.7740006951685784,0.0894198428051097,0.9105801571948903
9655,0.7740180743830379,0.0894198428051097,0.9105801571948903
9656,0.7740180743830379,0.08943727017653927,0.9105627298234608
9657,0.7740875912408759,0.08943727017653927,0.9105627298234608
9658,0.7740875912408759,0.08945469754796884,0.9105453024520311
9659,0.7741223496697949,0.08945469754796884,0.9105453024520311
9660,0.7741223496697949,0.0894721249193984,0.9105278750806016
9661,0.7741397288842544,0.0894721249193984,0.9105278750806016
9662,0.7741397288842544,0.08948955229082797,0.910510447709172
9663,0.7741744873131734,0.08948955229082797,0.910510447709172
9664,0.7741744873131734,0.08950697966225754,0.9104930203377425
9665,0.7742092457420925,0.08950697966225754,0.9104930203377425
9666,0.7742092457420925,0.08952440703368711,0.9104755929663129
9667,0.77429614181439,0.08952440703368711,0.9104755929663129
9668,0.77429614181439,0.08954183440511668,0.9104581655948834
9669,0.7743656586722281,0.08954183440511668,0.9104581655948834
9670,0.7743656586722281,0.08955926177654625,0.9104407382234537
9671,0.7743830378866875,0.08955926177654625,0.9104407382234537
9672,0.7743830378866875,0.08957668914797581,0.9104233108520242
9673,0.7744873131734445,0.08957668914797581,0.9104233108520242
9674,0.7744873131734445,0.08959411651940538,0.9104058834805946
9675,0.7745568300312826,0.08959411651940538,0.9104058834805946
9676,0.7745568300312826,0.08961154389083495,0.9103884561091651
9677,0.7745915884602016,0.08961154389083495,0.9103884561091651
9678,0.7745915884602016,0.08962897126226452,0.9103710287377355
9679,0.7746089676746611,0.08962897126226452,0.9103710287377355
9680,0.7746089676746611,0.08964639863369409,0.9103536013663059
9681,0.7746263468891206,0.08964639863369409,0.9103536013663059
9682,0.7746263468891206,0.08969868074798278,0.9103013192520172
9683,0.7747306221758776,0.08969868074798278,0.9103013192520172
9684,0.7747306221758776,0.08973353549084191,0.910266464509158
9685,0.7748348974626347,0.08973353549084191,0.910266464509158
9686,0.7748348974626347,0.08975096286227148,0.9102490371377285
9687,0.7748522766770942,0.08975096286227148,0.9102490371377285
9688,0.7748522766770942,0.08976839023370105,0.9102316097662989
9689,0.7748870351060132,0.08976839023370105,0.9102316097662989
9690,0.7748870351060132,0.08978581760513062,0.9102141823948694
9691,0.7749565519638513,0.08978581760513062,0.9102141823948694
9692,0.7749565519638513,0.08980324497656018,0.9101967550234398
9693,0.7750086896072298,0.08980324497656018,0.9101967550234398
9694,0.7750086896072298,0.08982067234798975,0.9101793276520103
9695,0.7750434480361488,0.08982067234798975,0.9101793276520103
9696,0.7750434480361488,0.08983809971941932,0.9101619002805806
9697,0.7751651025373653,0.08983809971941932,0.9101619002805806
9698,0.7751651025373653,0.08987295446227846,0.9101270455377215
9699,0.7752172401807438,0.08987295446227846,0.9101270455377215
9700,0.7752172401807438,0.08990780920513759,0.9100921907948624
9701,0.7753041362530414,0.08990780920513759,0.9100921907948624
9702,0.7753041362530414,0.08992523657656716,0.9100747634234329
9703,0.7753736531108794,0.08992523657656716,0.9100747634234329
9704,0.7753736531108794,0.08994266394799673,0.9100573360520032
9705,0.7753910323253389,0.08994266394799673,0.9100573360520032
9706,0.7753910323253389,0.0899600913194263,0.9100399086805737
9707,0.7755648244699339,0.0899600913194263,0.9100399086805737
9708,0.7755648244699339,0.08997751869085586,0.9100224813091441
9709,0.7756517205422315,0.08997751869085586,0.9100224813091441
9710,0.7756517205422315,0.08999494606228542,0.9100050539377146
9711,0.7756864789711505,0.08999494606228542,0.9100050539377146
9712,0.7756864789711505,0.09001237343371499,0.909987626566285
9713,0.775738616614529,0.09001237343371499,0.909987626566285
9714,0.775738616614529,0.09006465554800369,0.9099353444519963
9715,0.7758081334723671,0.09006465554800369,0.9099353444519963
9716,0.7758081334723671,0.09008208291943326,0.9099179170805667
9717,0.7758255126868265,0.09008208291943326,0.9099179170805667
9718,0.7758255126868265,0.09009951029086283,0.9099004897091372
9719,0.7759297879735836,0.09009951029086283,0.9099004897091372
9720,0.7759297879735836,0.09013436503372196,0.909865634966278
9721,0.7759819256169621,0.09013436503372196,0.909865634966278
9722,0.7759819256169621,0.09015179240515153,0.9098482075948484
9723,0.7759993048314217,0.09015179240515153,0.9098482075948484
9724,0.7759993048314217,0.0901692197765811,0.9098307802234189
9725,0.7760166840458811,0.0901692197765811,0.9098307802234189
9726,0.7760166840458811,0.09018664714801067,0.9098133528519894
9727,0.7761383385470977,0.09018664714801067,0.9098133528519894
9728,0.7761383385470977,0.09020407451944024,0.9097959254805598
9729,0.7761730969760167,0.09020407451944024,0.9097959254805598
9730,0.7761730969760167,0.0902215018908698,0.9097784981091301
9731,0.7761904761904762,0.0902215018908698,0.9097784981091301
9732,0.7761904761904762,0.09023892926229937,0.9097610707377006
9733,0.7762078554049356,0.09023892926229937,0.9097610707377006
9734,0.7762078554049356,0.09025635663372894,0.9097436433662711
9735,0.7762252346193952,0.09025635663372894,0.9097436433662711
9736,0.7762252346193952,0.09027378400515851,0.9097262159948415
9737,0.7762947514772333,0.09027378400515851,0.9097262159948415
9738,0.7762947514772333,0.09030863874801763,0.9096913612519824
9739,0.7763295099061522,0.09030863874801763,0.9096913612519824
9740,0.7763295099061522,0.0903260661194472,0.9096739338805528
9741,0.7763642683350712,0.0903260661194472,0.9096739338805528
9742,0.7763642683350712,0.09034349349087677,0.9096565065091232
9743,0.7763816475495308,0.09034349349087677,0.9096565065091232
9744,0.7763816475495308,0.09043063034802461,0.9095693696519754
9745,0.7763990267639903,0.09043063034802461,0.9095693696519754
9746,0.7763990267639903,0.09044805771945418,0.9095519422805458
9747,0.7764511644073688,0.09044805771945418,0.9095519422805458
9748,0.7764511644073688,0.09046548509088374,0.9095345149091163
9749,0.7765206812652068,0.09046548509088374,0.9095345149091163
9750,0.7765206812652068,0.09048291246231331,0.9095170875376867
9751,0.7765380604796663,0.09048291246231331,0.9095170875376867
9752,0.7765380604796663,0.09050033983374288,0.9094996601662572
9753,0.7765554396941258,0.09050033983374288,0.9094996601662572
9754,0.7765554396941258,0.09053519457660202,0.909464805423398
9755,0.7765728189085853,0.09053519457660202,0.909464805423398
9756,0.7765728189085853,0.09055262194803158,0.9094473780519684
9757,0.7765901981230449,0.09055262194803158,0.9094473780519684
9758,0.7765901981230449,0.09057004931946115,0.9094299506805389
9759,0.7766075773375043,0.09057004931946115,0.9094299506805389
9760,0.7766075773375043,0.09058747669089072,0.9094125233091093
9761,0.7767292318387209,0.09058747669089072,0.9094125233091093
9762,0.7767292318387209,0.09060490406232027,0.9093950959376798
9763,0.7767639902676399,0.09060490406232027,0.9093950959376798
9764,0.7767639902676399,0.09062233143374984,0.9093776685662501
9765,0.776798748696559,0.09062233143374984,0.9093776685662501
9766,0.776798748696559,0.09063975880517941,0.9093602411948206
9767,0.7768161279110184,0.09063975880517941,0.9093602411948206
9768,0.7768161279110184,0.09065718617660898,0.909342813823391
9769,0.7768682655543969,0.09065718617660898,0.909342813823391
9770,0.7768682655543969,0.09069204091946811,0.9093079590805319
9771,0.7768856447688565,0.09069204091946811,0.9093079590805319
9772,0.7768856447688565,0.09070946829089768,0.9092905317091023
9773,0.7769030239833159,0.09070946829089768,0.9092905317091023
9774,0.7769030239833159,0.09074432303375682,0.9092556769662432
9775,0.7769204031977754,0.09074432303375682,0.9092556769662432
9776,0.7769204031977754,0.09076175040518639,0.9092382495948136
9777,0.777007299270073,0.09076175040518639,0.9092382495948136
9778,0.777007299270073,0.09079660514804552,0.9092033948519544
9779,0.7771289537712895,0.09079660514804552,0.9092033948519544
9780,0.7771637122002085,0.09079660514804552,0.9092033948519544
9781,0.7772332290580466,0.09079660514804552,0.9092033948519544
9782,0.7772332290580466,0.09081403251947509,0.9091859674805249
9783,0.7772853667014251,0.09081403251947509,0.9091859674805249
9784,0.7772853667014251,0.09083145989090466,0.9091685401090953
9785,0.7773027459158846,0.09083145989090466,0.9091685401090953
9786,0.7773027459158846,0.0908663146337638,0.9091336853662362
9787,0.7773375043448036,0.0908663146337638,0.9091336853662362
9788,0.7773375043448036,0.09090116937662292,0.909098830623377
9789,0.7773548835592631,0.09090116937662292,0.909098830623377
9790,0.7773548835592631,0.09091859674805249,0.9090814032519475
9791,0.7774070212026416,0.09091859674805249,0.9090814032519475
9792,0.7774070212026416,0.09097087886234119,0.9090291211376588
9793,0.7774417796315607,0.09097087886234119,0.9090291211376588
9794,0.7774417796315607,0.09100573360520033,0.9089942663947996
9795,0.7775460549183177,0.09100573360520033,0.9089942663947996
9796,0.7775460549183177,0.0910231609766299,0.9089768390233701
9797,0.7775808133472367,0.0910231609766299,0.9089768390233701
9798,0.7775808133472367,0.09104058834805946,0.9089594116519405
9799,0.7775981925616963,0.09104058834805946,0.9089594116519405
9800,0.7775981925616963,0.09111029783377773,0.9088897021662222
9801,0.7777024678484532,0.09111029783377773,0.9088897021662222
9802,0.7777024678484532,0.0911277252052073,0.9088722747947927
9803,0.7778241223496698,0.0911277252052073,0.9088722747947927
9804,0.7778241223496698,0.09114515257663687,0.9088548474233631
9805,0.7778415015641293,0.09114515257663687,0.9088548474233631
9806,0.7778415015641293,0.09116257994806644,0.9088374200519336
9807,0.7778762599930483,0.09116257994806644,0.9088374200519336
9808,0.7778762599930483,0.09119743469092557,0.9088025653090744
9809,0.7778936392075079,0.09119743469092557,0.9088025653090744
9810,0.7778936392075079,0.0912322894337847,0.9087677105662153
9811,0.7779805352798054,0.0912322894337847,0.9087677105662153
9812,0.7779805352798054,0.09124971680521426,0.9087502831947858
9813,0.7781543274244004,0.09124971680521426,0.9087502831947858
9814,0.7781543274244004,0.09126714417664383,0.9087328558233562
9815,0.7782586027111574,0.09126714417664383,0.9087328558233562
9816,0.7782586027111574,0.0912845715480734,0.9087154284519265
9817,0.778275981925617,0.0912845715480734,0.9087154284519265
9818,0.778275981925617,0.09130199891950297,0.908698001080497
9819,0.7782933611400765,0.09130199891950297,0.908698001080497
9820,0.7782933611400765,0.09131942629093254,0.9086805737090675
9821,0.778380257212374,0.09131942629093254,0.9086805737090675
9822,0.778380257212374,0.0913368536623621,0.9086631463376379
9823,0.778415015641293,0.0913368536623621,0.9086631463376379
9824,0.778415015641293,0.09135428103379167,0.9086457189662083
9825,0.7785192909280501,0.09135428103379167,0.9086457189662083
9826,0.7785192909280501,0.09137170840522124,0.9086282915947788
9827,0.7785888077858881,0.09137170840522124,0.9086282915947788
9828,0.7785888077858881,0.09140656314808038,0.9085934368519196
9829,0.7786235662148071,0.09140656314808038,0.9085934368519196
9830,0.7786235662148071,0.09142399051950995,0.90857600948049
9831,0.7786757038581856,0.09142399051950995,0.90857600948049
9832,0.7786757038581856,0.09147627263379865,0.9085237273662014
9833,0.7787104622871046,0.09147627263379865,0.9085237273662014
9834,0.7787104622871046,0.09149370000522822,0.9085062999947717
9835,0.7787625999304831,0.09149370000522822,0.9085062999947717
9836,0.7787625999304831,0.09151112737665777,0.9084888726233422
9837,0.7788668752172402,0.09151112737665777,0.9084888726233422
9838,0.7788668752172402,0.09154598211951691,0.9084540178804831
9839,0.7788842544316997,0.09154598211951691,0.9084540178804831
9840,0.7788842544316997,0.09156340949094648,0.9084365905090536
9841,0.7790928050052137,0.09156340949094648,0.9084365905090536
9842,0.7790928050052137,0.09159826423380561,0.9084017357661944
9843,0.7791101842196733,0.09159826423380561,0.9084017357661944
9844,0.7791101842196733,0.09161569160523518,0.9083843083947648
9845,0.7791449426485922,0.09161569160523518,0.9083843083947648
9846,0.7791449426485922,0.09166797371952388,0.9083320262804762
9847,0.7791623218630518,0.09166797371952388,0.9083320262804762
9848,0.7791623218630518,0.09168540109095345,0.9083145989090465
9849,0.7792144595064303,0.09168540109095345,0.9083145989090465
9850,0.7792144595064303,0.09170282846238302,0.908297171537617
9851,0.7792839763642684,0.09170282846238302,0.908297171537617
9852,0.7792839763642684,0.09172025583381259,0.9082797441661874
9853,0.7793361140076469,0.09172025583381259,0.9082797441661874
9854,0.7793361140076469,0.09173768320524216,0.9082623167947579
9855,0.7793534932221063,0.09173768320524216,0.9082623167947579
9856,0.7793534932221063,0.0917725379481013,0.9082274620518987
9857,0.7795099061522419,0.0917725379481013,0.9082274620518987
9858,0.7795099061522419,0.09178996531953086,0.9082100346804691
9859,0.7795446645811609,0.09178996531953086,0.9082100346804691
9860,0.7795446645811609,0.09184224743381955,0.9081577525661805
9861,0.77957942301008,0.09184224743381955,0.9081577525661805
9862,0.77957942301008,0.09185967480524912,0.9081403251947509
9863,0.7795968022245394,0.09185967480524912,0.9081403251947509
9864,0.7795968022245394,0.09187710217667869,0.9081228978233213
9865,0.779648939867918,0.09187710217667869,0.9081228978233213
9866,0.779648939867918,0.09189452954810826,0.9081054704518917
9867,0.7797705943691345,0.09189452954810826,0.9081054704518917
9868,0.7797705943691345,0.09191195691953782,0.9080880430804622
9869,0.7798053527980535,0.09191195691953782,0.9080880430804622
9870,0.7798053527980535,0.09196423903382653,0.9080357609661734
9871,0.779857490441432,0.09196423903382653,0.9080357609661734
9872,0.779857490441432,0.09201652114811523,0.9079834788518848
9873,0.7798748696558916,0.09201652114811523,0.9079834788518848
9874,0.7798748696558916,0.0920339485195448,0.9079660514804552
9875,0.7799443865137295,0.0920339485195448,0.9079660514804552
9876,0.7799443865137295,0.09205137589097437,0.9079486241090257
9877,0.7800139033715676,0.09205137589097437,0.9079486241090257
9878,0.7800139033715676,0.09206880326240394,0.907931196737596
9879,0.7800486618004866,0.09206880326240394,0.907931196737596
9880,0.7800486618004866,0.09210365800526307,0.9078963419947369
9881,0.7801181786583247,0.09210365800526307,0.9078963419947369
9882,0.7801181786583247,0.0921385127481222,0.9078614872518778
9883,0.7801529370872436,0.0921385127481222,0.9078614872518778
9884,0.7801529370872436,0.09215594011955176,0.9078440598804483
9885,0.7801703163017032,0.09215594011955176,0.9078440598804483
9886,0.7801703163017032,0.09217336749098133,0.9078266325090186
9887,0.7801876955161626,0.09217336749098133,0.9078266325090186
9888,0.7801876955161626,0.0921907948624109,0.9078092051375891
9889,0.7802398331595412,0.0921907948624109,0.9078092051375891
9890,0.7802398331595412,0.09220822223384047,0.9077917777661595
9891,0.7802572123740007,0.09220822223384047,0.9077917777661595
9892,0.7802572123740007,0.0922430769766996,0.9077569230233004
9893,0.7802745915884602,0.0922430769766996,0.9077569230233004
9894,0.7802745915884602,0.09227793171955874,0.9077220682804412
9895,0.7803962460896767,0.09227793171955874,0.9077220682804412
9896,0.7803962460896767,0.09229535909098831,0.9077046409090117
9897,0.7804657629475148,0.09229535909098831,0.9077046409090117
9898,0.7804657629475148,0.09231278646241788,0.9076872135375821
9899,0.7805005213764338,0.09231278646241788,0.9076872135375821
9900,0.7805005213764338,0.09233021383384744,0.9076697861661526
9901,0.7805179005908933,0.09233021383384744,0.9076697861661526
9902,0.7805179005908933,0.09234764120527701,0.907652358794723
9903,0.7805352798053528,0.09234764120527701,0.907652358794723
9904,0.7805352798053528,0.09236506857670658,0.9076349314232934
9905,0.7805700382342718,0.09236506857670658,0.9076349314232934
9906,0.7805700382342718,0.09239992331956572,0.9076000766804343
9907,0.7805874174487313,0.09239992331956572,0.9076000766804343
9908,0.7805874174487313,0.09241735069099528,0.9075826493090047
9909,0.7807438303788669,0.09241735069099528,0.9075826493090047
9910,0.7807438303788669,0.09248706017671354,0.9075129398232864
9911,0.7808133472367049,0.09248706017671354,0.9075129398232864
9912,0.7808133472367049,0.09250448754814311,0.9074955124518569
9913,0.7809350017379214,0.09250448754814311,0.9074955124518569
9914,0.7809350017379214,0.09253934229100225,0.9074606577089978
9915,0.780952380952381,0.09253934229100225,0.9074606577089978
9916,0.780952380952381,0.09259162440529095,0.9074083755947091
9917,0.7809697601668405,0.09259162440529095,0.9074083755947091
9918,0.7809697601668405,0.09260905177672052,0.9073909482232795
9919,0.781021897810219,0.09260905177672052,0.9073909482232795
9920,0.781021897810219,0.09264390651957966,0.9073560934804203
9921,0.781056656239138,0.09264390651957966,0.9073560934804203
9922,0.781056656239138,0.09266133389100922,0.9073386661089908
9923,0.7810740354535975,0.09266133389100922,0.9073386661089908
9924,0.7810740354535975,0.09269618863386836,0.9073038113661316
9925,0.781126173096976,0.09269618863386836,0.9073038113661316
9926,0.781126173096976,0.09271361600529793,0.9072863839947021
9927,0.781160931525895,0.09271361600529793,0.9072863839947021
9928,0.781160931525895,0.09273104337672748,0.9072689566232726
9929,0.7811783107403545,0.09273104337672748,0.9072689566232726
9930,0.7811783107403545,0.09274847074815705,0.9072515292518429
9931,0.7813521028849496,0.09274847074815705,0.9072515292518429
9932,0.7813521028849496,0.09276589811958662,0.9072341018804134
9933,0.7813868613138686,0.09276589811958662,0.9072341018804134
9934,0.7813868613138686,0.09281818023387532,0.9071818197661247
9935,0.7814737573861661,0.09281818023387532,0.9071818197661247
9936,0.7814737573861661,0.09283560760530489,0.9071643923946952
9937,0.7815432742440042,0.09283560760530489,0.9071643923946952
9938,0.7815432742440042,0.09287046234816403,0.907129537651836
9939,0.7816301703163017,0.09287046234816403,0.907129537651836
9940,0.7816301703163017,0.0928878897195936,0.9071121102804064
9941,0.7816475495307612,0.0928878897195936,0.9071121102804064
9942,0.7816475495307612,0.09290531709102316,0.9070946829089769
9943,0.7816996871741397,0.09290531709102316,0.9070946829089769
9944,0.7816996871741397,0.09292274446245273,0.9070772555375473
9945,0.7817170663885993,0.09292274446245273,0.9070772555375473
9946,0.7817170663885993,0.0929401718338823,0.9070598281661177
9947,0.7818213416753563,0.0929401718338823,0.9070598281661177
9948,0.7818213416753563,0.09295759920531187,0.9070424007946881
9949,0.7819429961765728,0.09295759920531187,0.9070424007946881
9950,0.7819429961765728,0.09297502657674143,0.9070249734232586
9951,0.7820472714633299,0.09297502657674143,0.9070249734232586
9952,0.7820472714633299,0.0930447360624597,0.9069552639375403
9953,0.7820820298922488,0.0930447360624597,0.9069552639375403
9954,0.7820820298922488,0.09307959080531883,0.9069204091946812
9955,0.7821689259645465,0.09307959080531883,0.9069204091946812
9956,0.7821689259645465,0.09311444554817797,0.9068855544518221
9957,0.7821863051790059,0.09311444554817797,0.9068855544518221
9958,0.7821863051790059,0.09313187291960753,0.9068681270803924
9959,0.7822384428223844,0.09313187291960753,0.9068681270803924
9960,0.7822384428223844,0.0931493002910371,0.9068506997089629
9961,0.782255822036844,0.0931493002910371,0.9068506997089629
9962,0.782255822036844,0.09316672766246667,0.9068332723375333
9963,0.7822732012513034,0.09316672766246667,0.9068332723375333
9964,0.7822732012513034,0.09318415503389624,0.9068158449661038
9965,0.7823079596802225,0.09318415503389624,0.9068158449661038
9966,0.7823079596802225,0.09325386451961451,0.9067461354803855
9967,0.7823774765380604,0.09325386451961451,0.9067461354803855
9968,0.7823774765380604,0.0933584287481919,0.9066415712518081
9969,0.7824122349669795,0.0933584287481919,0.9066415712518081
9970,0.7824122349669795,0.09337585611962147,0.9066241438803785
9971,0.7825165102537366,0.09337585611962147,0.9066241438803785
9972,0.7825165102537366,0.09339328349105104,0.906606716508949
9973,0.782533889468196,0.09339328349105104,0.906606716508949
9974,0.782533889468196,0.09341071086248061,0.9065892891375193
9975,0.7826034063260341,0.09341071086248061,0.9065892891375193
9976,0.7826034063260341,0.09344556560533974,0.9065544343946602
9977,0.7827076816127911,0.09344556560533974,0.9065544343946602
9978,0.7827076816127911,0.09346299297676931,0.9065370070232307
9979,0.7827945776850886,0.09346299297676931,0.9065370070232307
9980,0.7827945776850886,0.09348042034819888,0.9065195796518011
9981,0.7828814737573861,0.09348042034819888,0.9065195796518011
9982,0.7828814737573861,0.09351527509105802,0.9064847249089419
9983,0.7829162321863051,0.09351527509105802,0.9064847249089419
9984,0.7829162321863051,0.09355012983391715,0.9064498701660828
9985,0.7830205074730622,0.09355012983391715,0.9064498701660828
9986,0.7830205074730622,0.09356755720534672,0.9064324427946533
9987,0.7830726451164407,0.09356755720534672,0.9064324427946533
9988,0.7830726451164407,0.09358498457677629,0.9064150154232237
9989,0.7831074035453598,0.09358498457677629,0.9064150154232237
9990,0.7831074035453598,0.09361983931963543,0.9063801606803645
9991,0.7831247827598192,0.09361983931963543,0.9063801606803645
9992,0.7831247827598192,0.09363726669106498,0.906362733308935
9993,0.7831421619742788,0.09363726669106498,0.906362733308935
9994,0.7831421619742788,0.09365469406249455,0.9063453059375055
9995,0.7831595411887383,0.09365469406249455,0.9063453059375055
9996,0.7831595411887383,0.09367212143392412,0.9063278785660759
9997,0.7833159541188738,0.09367212143392412,0.9063278785660759
9998,0.7833159541188738,0.09370697617678325,0.9062930238232167
9999,0.7833680917622523,0.09370697617678325,0.9062930238232167
10000,0.7833680917622523,0.09372440354821282,0.9062755964517872
10001,0.7834376086200904,0.09372440354821282,0.9062755964517872
10002,0.7834376086200904,0.09375925829107196,0.906240741708928
10003,0.7835418839068474,0.09375925829107196,0.906240741708928
10004,0.7835418839068474,0.09379411303393109,0.906205886966069
10005,0.783594021550226,0.09379411303393109,0.906205886966069
10006,0.783594021550226,0.09386382251964936,0.9061361774803507
10007,0.7836114007646854,0.09386382251964936,0.9061361774803507
10008,0.7836114007646854,0.0938986772625085,0.9061013227374914
10009,0.7836461591936045,0.0938986772625085,0.9061013227374914
10010,0.7836461591936045,0.09391610463393807,0.9060838953660619
10011,0.7838199513381995,0.09391610463393807,0.9060838953660619
10012,0.7838199513381995,0.09395095937679719,0.9060490406232028
10013,0.783837330552659,0.09395095937679719,0.9060490406232028
10014,0.783837330552659,0.09396838674822676,0.9060316132517733
10015,0.7838894681960376,0.09396838674822676,0.9060316132517733
10016,0.7838894681960376,0.09398581411965633,0.9060141858803437
10017,0.7839589850538755,0.09398581411965633,0.9060141858803437
10018,0.7839589850538755,0.0940032414910859,0.9059967585089141
10019,0.784011122697254,0.0940032414910859,0.9059967585089141
10020,0.784011122697254,0.09402066886251546,0.9059793311374845
10021,0.7841675356273896,0.09402066886251546,0.9059793311374845
10022,0.7841675356273896,0.09403809623394503,0.905961903766055
10023,0.7842544316996872,0.09403809623394503,0.905961903766055
10024,0.7842544316996872,0.09407295097680417,0.9059270490231959
10025,0.7843413277719847,0.09407295097680417,0.9059270490231959
10026,0.7843413277719847,0.09409037834823374,0.9059096216517663
10027,0.7846020159888774,0.09409037834823374,0.9059096216517663
10028,0.7846020159888774,0.0941078057196633,0.9058921942803367
10029,0.7846367744177963,0.0941078057196633,0.9058921942803367
10030,0.7846367744177963,0.09412523309109287,0.9058747669089071
10031,0.7846541536322558,0.09412523309109287,0.9058747669089071
10032,0.7846541536322558,0.09414266046252244,0.9058573395374776
10033,0.7847062912756343,0.09414266046252244,0.9058573395374776
10034,0.7847062912756343,0.09416008783395201,0.905839912166048
10035,0.7847758081334724,0.09416008783395201,0.905839912166048
10036,0.7847758081334724,0.09417751520538158,0.9058224847946185
10037,0.7848279457768509,0.09417751520538158,0.9058224847946185
10038,0.7848279457768509,0.09419494257681114,0.9058050574231888
10039,0.7848627042057699,0.09419494257681114,0.9058050574231888
10040,0.7848627042057699,0.09429950680538854,0.9057004931946114
10041,0.7848800834202294,0.09429950680538854,0.9057004931946114
10042,0.7848800834202294,0.0943169341768181,0.9056830658231819
10043,0.784897462634689,0.0943169341768181,0.9056830658231819
10044,0.784897462634689,0.09433436154824767,0.9056656384517523
10045,0.7849148418491484,0.09433436154824767,0.9056656384517523
10046,0.7849148418491484,0.09435178891967724,0.9056482110803228
10047,0.7849496002780675,0.09435178891967724,0.9056482110803228
10048,0.7849496002780675,0.09436921629110681,0.9056307837088932
10049,0.7849669794925269,0.09436921629110681,0.9056307837088932
10050,0.7849669794925269,0.09438664366253638,0.9056133563374636
10051,0.7850191171359054,0.09438664366253638,0.9056133563374636
10052,0.7850191171359054,0.09440407103396595,0.905595928966034
10053,0.785106013208203,0.09440407103396595,0.905595928966034
10054,0.785106013208203,0.09442149840539552,0.9055785015946045
10055,0.7851581508515815,0.09442149840539552,0.9055785015946045
10056,0.7851581508515815,0.09443892577682508,0.9055610742231749
10057,0.7852276677094195,0.09443892577682508,0.9055610742231749
10058,0.7852276677094195,0.09445635314825465,0.9055436468517454
10059,0.7852450469238791,0.09445635314825465,0.9055436468517454
10060,0.7852450469238791,0.09447378051968422,0.9055262194803158
10061,0.7852971845672576,0.09447378051968422,0.9055262194803158
10062,0.7852971845672576,0.09449120789111379,0.9055087921088862
10063,0.785349322210636,0.09449120789111379,0.9055087921088862
10064,0.785349322210636,0.09450863526254336,0.9054913647374566
10065,0.7854014598540145,0.09450863526254336,0.9054913647374566
10066,0.7854014598540145,0.09452606263397292,0.9054739373660271
10067,0.7855057351407716,0.09452606263397292,0.9054739373660271
10068,0.7855057351407716,0.09456091737683205,0.905439082623168
10069,0.7855231143552311,0.09456091737683205,0.905439082623168
10070,0.7855231143552311,0.09457834474826161,0.9054216552517383
10071,0.7855752519986097,0.09457834474826161,0.9054216552517383
10072,0.7855752519986097,0.09459577211969118,0.9054042278803088
10073,0.7856100104275286,0.09459577211969118,0.9054042278803088
10074,0.7856100104275286,0.09464805423397989,0.9053519457660201
10075,0.7856621480709072,0.09464805423397989,0.9053519457660201
10076,0.7856621480709072,0.09466548160540945,0.9053345183945906
10077,0.7856969064998262,0.09466548160540945,0.9053345183945906
10078,0.7856969064998262,0.09468290897683902,0.9053170910231609
10079,0.7857316649287452,0.09468290897683902,0.9053170910231609
10080,0.7857316649287452,0.09470033634826859,0.9052996636517314
10081,0.7857490441432047,0.09470033634826859,0.9052996636517314
10082,0.7857490441432047,0.09471776371969816,0.9052822362803018
10083,0.7858011817865832,0.09471776371969816,0.9052822362803018
10084,0.7858011817865832,0.09477004583398686,0.9052299541660132
10085,0.7858359402155023,0.09477004583398686,0.9052299541660132
10086,0.7858359402155023,0.09478747320541643,0.9052125267945835
10087,0.7858706986444213,0.09478747320541643,0.9052125267945835
10088,0.7858706986444213,0.094804900576846,0.905195099423154
10089,0.7858880778588808,0.094804900576846,0.905195099423154
10090,0.7858880778588808,0.09482232794827557,0.9051776720517244
10091,0.7860444907890163,0.09482232794827557,0.9051776720517244
10092,0.7860444907890163,0.09483975531970514,0.9051602446802949
10093,0.7860618700034758,0.09483975531970514,0.9051602446802949
10094,0.7860618700034758,0.09487461006256426,0.9051253899374357
10095,0.7860792492179354,0.09487461006256426,0.9051253899374357
10096,0.7860792492179354,0.0949094648054234,0.9050905351945766
10097,0.7862530413625304,0.0949094648054234,0.9050905351945766
10098,0.7862530413625304,0.09492689217685296,0.9050731078231471
10099,0.7862704205769899,0.09492689217685296,0.9050731078231471
10100,0.7862704205769899,0.0950140290340008,0.9049859709659992
10101,0.7862877997914495,0.0950140290340008,0.9049859709659992
10102,0.7862877997914495,0.09503145640543037,0.9049685435945696
10103,0.7863051790059089,0.09503145640543037,0.9049685435945696
10104,0.7863051790059089,0.09504888377685994,0.9049511162231401
10105,0.786339937434828,0.09504888377685994,0.9049511162231401
10106,0.786339937434828,0.09510116589114864,0.9048988341088513
10107,0.786374695863747,0.09510116589114864,0.9048988341088513
10108,0.786374695863747,0.09511859326257821,0.9048814067374218
10109,0.7863920750782065,0.09511859326257821,0.9048814067374218
10110,0.7863920750782065,0.09513602063400778,0.9048639793659923
10111,0.7864442127215849,0.09513602063400778,0.9048639793659923
10112,0.7864442127215849,0.09515344800543735,0.9048465519945627
10113,0.786548488008342,0.09515344800543735,0.9048465519945627
10114,0.786548488008342,0.09520573011972604,0.904794269880274
10115,0.78661800486618,0.09520573011972604,0.904794269880274
10116,0.78661800486618,0.0952231574911556,0.9047768425088444
10117,0.7867917970107751,0.0952231574911556,0.9047768425088444
10118,0.7867917970107751,0.09524058486258517,0.9047594151374149
10119,0.7868091762252346,0.09524058486258517,0.9047594151374149
10120,0.7868091762252346,0.09525801223401474,0.9047419877659852
10121,0.7868439346541536,0.09525801223401474,0.9047419877659852
10122,0.7868439346541536,0.09534514909116258,0.9046548509088375
10123,0.7868960722975321,0.09534514909116258,0.9046548509088375
10124,0.7868960722975321,0.09538000383402172,0.9046199961659783
10125,0.7870003475842892,0.09538000383402172,0.9046199961659783
10126,0.7870003475842892,0.09541485857688085,0.9045851414231192
10127,0.7870177267987487,0.09541485857688085,0.9045851414231192
10128,0.7870177267987487,0.09543228594831042,0.9045677140516896
10129,0.7870351060132083,0.09543228594831042,0.9045677140516896
10130,0.7870351060132083,0.09544971331973999,0.90455028668026
10131,0.7870524852276677,0.09544971331973999,0.90455028668026
10132,0.7870524852276677,0.09546714069116954,0.9045328593088304
10133,0.7870872436565868,0.09546714069116954,0.9045328593088304
10134,0.7870872436565868,0.09550199543402868,0.9044980045659713
10135,0.7872262773722628,0.09550199543402868,0.9044980045659713
10136,0.7872262773722628,0.09553685017688782,0.9044631498231122
10137,0.7872436565867222,0.09553685017688782,0.9044631498231122
10138,0.7872436565867222,0.09555427754831738,0.9044457224516826
10139,0.7872957942301008,0.09555427754831738,0.9044457224516826
10140,0.7872957942301008,0.09557170491974695,0.904428295080253
10141,0.7873131734445603,0.09557170491974695,0.904428295080253
10142,0.7873131734445603,0.09558913229117652,0.9044108677088235
10143,0.7873653110879388,0.09558913229117652,0.9044108677088235
10144,0.7873826903023984,0.09560655966260609,0.9043934403373939
10145,0.7874174487313174,0.09560655966260609,0.9043934403373939
10146,0.7874174487313174,0.09562398703403566,0.9043760129659644
10147,0.7874695863746959,0.09562398703403566,0.9043760129659644
10148,0.7874695863746959,0.09565884177689479,0.9043411582231052
10149,0.7875564824469934,0.09565884177689479,0.9043411582231052
10150,0.7875564824469934,0.09567626914832436,0.9043237308516756
10151,0.7875738616614529,0.09567626914832436,0.9043237308516756
10152,0.7875738616614529,0.09569369651975393,0.9043063034802461
10153,0.7876259993048315,0.09569369651975393,0.9043063034802461
10154,0.7876259993048315,0.0957111238911835,0.9042888761088165
10155,0.7876433785192909,0.0957111238911835,0.9042888761088165
10156,0.7876433785192909,0.09572855126261307,0.904271448737387
10157,0.7876607577337504,0.09572855126261307,0.904271448737387
10158,0.7876607577337504,0.09574597863404263,0.9042540213659573
10159,0.7877302745915885,0.09574597863404263,0.9042540213659573
10160,0.7877302745915885,0.0957634060054722,0.9042365939945278
10161,0.7878693083072645,0.0957634060054722,0.9042365939945278
10162,0.7878693083072645,0.09578083337690176,0.9042191666230982
10163,0.7879040667361835,0.09578083337690176,0.9042191666230982
10164,0.7879040667361835,0.09579826074833132,0.9042017392516687
10165,0.7879214459506431,0.09579826074833132,0.9042017392516687
10166,0.7879214459506431,0.09581568811976089,0.9041843118802391
10167,0.787956204379562,0.09581568811976089,0.9041843118802391
10168,0.787956204379562,0.09583311549119046,0.9041668845088096
10169,0.7881299965241572,0.09583311549119046,0.9041668845088096
10170,0.7881299965241572,0.09585054286262003,0.9041494571373799
10171,0.7881647549530761,0.09585054286262003,0.9041494571373799
10172,0.7881647549530761,0.09590282497690873,0.9040971750230913
10173,0.7881995133819951,0.09590282497690873,0.9040971750230913
10174,0.7881995133819951,0.0959202523483383,0.9040797476516617
10175,0.7882168925964547,0.0959202523483383,0.9040797476516617
10176,0.7882168925964547,0.095972534462627,0.904027465537373
10177,0.7882342718109141,0.095972534462627,0.904027465537373
10178,0.7882342718109141,0.09598996183405657,0.9040100381659434
10179,0.7882864094542926,0.09598996183405657,0.9040100381659434
10180,0.7883211678832117,0.09598996183405657,0.9040100381659434
10181,0.7883385470976711,0.09598996183405657,0.9040100381659434
10182,0.7883385470976711,0.09600738920548614,0.9039926107945139
10183,0.7883906847410497,0.09600738920548614,0.9039926107945139
10184,0.7883906847410497,0.09602481657691571,0.9039751834230842
10185,0.7884428223844282,0.09602481657691571,0.9039751834230842
10186,0.7884428223844282,0.09604224394834528,0.9039577560516547
10187,0.7884602015988877,0.09604224394834528,0.9039577560516547
10188,0.7884602015988877,0.0960770986912044,0.9039229013087956
10189,0.7885123392422663,0.0960770986912044,0.9039229013087956
10190,0.7885123392422663,0.09609452606263397,0.903905473937366
10191,0.7885644768856448,0.09609452606263397,0.903905473937366
10192,0.7885644768856448,0.09611195343406354,0.9038880465659365
10193,0.7885818561001042,0.09611195343406354,0.9038880465659365
10194,0.7885818561001042,0.0961293808054931,0.903870619194507
10195,0.7886339937434828,0.0961293808054931,0.903870619194507
10196,0.7886339937434828,0.09614680817692267,0.9038531918230773
10197,0.7886513729579423,0.09614680817692267,0.9038531918230773
10198,0.7886513729579423,0.09616423554835224,0.9038357644516477
10199,0.7886687521724018,0.09616423554835224,0.9038357644516477
10200,0.7886687521724018,0.09618166291978181,0.9038183370802182
10201,0.7886861313868613,0.09618166291978181,0.9038183370802182
10202,0.7886861313868613,0.09619909029121138,0.9038009097087887
10203,0.7887035106013208,0.09619909029121138,0.9038009097087887
10204,0.7887035106013208,0.09621651766264094,0.9037834823373591
10205,0.7888773027459158,0.09621651766264094,0.9037834823373591
10206,0.7888773027459158,0.09623394503407051,0.9037660549659294
10207,0.7888946819603754,0.09623394503407051,0.9037660549659294
10208,0.7888946819603754,0.09632108189121835,0.9036789181087816
10209,0.7889120611748349,0.09632108189121835,0.9036789181087816
10210,0.7889120611748349,0.09633850926264792,0.9036614907373521
10211,0.7889294403892944,0.09633850926264792,0.9036614907373521
10212,0.7889294403892944,0.09635593663407749,0.9036440633659225
10213,0.7889468196037539,0.09635593663407749,0.9036440633659225
10214,0.7889468196037539,0.09637336400550706,0.9036266359944929
10215,0.7889815780326729,0.09637336400550706,0.9036266359944929
10216,0.7889815780326729,0.09639079137693661,0.9036092086230634
10217,0.789051094890511,0.09639079137693661,0.9036092086230634
10218,0.789051094890511,0.09640821874836618,0.9035917812516339
10219,0.789155370177268,0.09640821874836618,0.9035917812516339
10220,0.789155370177268,0.09642564611979575,0.9035743538802042
10221,0.7892075078206465,0.09642564611979575,0.9035743538802042
10222,0.7892075078206465,0.09644307349122531,0.9035569265087747
10223,0.789224887035106,0.09644307349122531,0.9035569265087747
10224,0.789224887035106,0.09646050086265488,0.9035394991373451
10225,0.7893465415363226,0.09646050086265488,0.9035394991373451
10226,0.7893465415363226,0.09647792823408445,0.9035220717659156
10227,0.7893986791797011,0.09647792823408445,0.9035220717659156
10228,0.7893986791797011,0.09649535560551402,0.903504644394486
10229,0.7895029544664581,0.09649535560551402,0.903504644394486
10230,0.7895029544664581,0.09651278297694359,0.9034872170230565
10231,0.7895203336809177,0.09651278297694359,0.9034872170230565
10232,0.7895203336809177,0.09653021034837315,0.9034697896516268
10233,0.7897288842544317,0.09653021034837315,0.9034697896516268
10234,0.7897288842544317,0.09654763771980272,0.9034523622801973
10235,0.7897636426833508,0.09654763771980272,0.9034523622801973
10236,0.7897636426833508,0.09656506509123229,0.9034349349087677
10237,0.7898505387556483,0.09656506509123229,0.9034349349087677
10238,0.7898505387556483,0.09659991983409143,0.9034000801659086
10239,0.7898679179701078,0.09659991983409143,0.9034000801659086
10240,0.7898679179701078,0.09663477457695056,0.9033652254230494
10241,0.7898852971845672,0.09663477457695056,0.9033652254230494
10242,0.7898852971845672,0.09665220194838013,0.9033477980516199
10243,0.7899026763990268,0.09665220194838013,0.9033477980516199
10244,0.7899026763990268,0.0966696293198097,0.9033303706801903
10245,0.7899374348279458,0.0966696293198097,0.9033303706801903
10246,0.7899374348279458,0.09668705669123925,0.9033129433087608
10247,0.7899721932568647,0.09668705669123925,0.9033129433087608
10248,0.7899721932568647,0.09670448406266882,0.9032955159373312
10249,0.7900069516857838,0.09670448406266882,0.9032955159373312
10250,0.7900069516857838,0.09675676617695753,0.9032432338230425
10251,0.7900417101147028,0.09675676617695753,0.9032432338230425
10252,0.7900417101147028,0.09680904829124623,0.9031909517087537
10253,0.7901112269725409,0.09680904829124623,0.9031909517087537
10254,0.7901112269725409,0.09684390303410537,0.9031560969658946
10255,0.7902502606882169,0.09684390303410537,0.9031560969658946
10256,0.7902502606882169,0.09686133040553493,0.9031386695944651
10257,0.7902850191171359,0.09686133040553493,0.9031386695944651
10258,0.7902850191171359,0.0968787577769645,0.9031212422230355
10259,0.7903023983315954,0.0968787577769645,0.9031212422230355
10260,0.7903023983315954,0.09691361251982364,0.9030863874801763
10261,0.7903197775460549,0.09691361251982364,0.9030863874801763
10262,0.7903197775460549,0.09694846726268277,0.9030515327373172
10263,0.7903892944038929,0.09694846726268277,0.9030515327373172
10264,0.7903892944038929,0.09696589463411234,0.9030341053658877
10265,0.7904414320472715,0.09696589463411234,0.9030341053658877
10266,0.7904414320472715,0.09700074937697147,0.9029992506230285
10267,0.790528328119569,0.09700074937697147,0.9029992506230285
10268,0.790528328119569,0.09701817674840103,0.9029818232515989
10269,0.7905630865484881,0.09701817674840103,0.9029818232515989
10270,0.7905630865484881,0.0970356041198306,0.9029643958801694
10271,0.790667361835245,0.0970356041198306,0.9029643958801694
10272,0.790667361835245,0.09707045886268974,0.9029295411373103
10273,0.7907021202641641,0.09707045886268974,0.9029295411373103
10274,0.7907021202641641,0.0970878862341193,0.9029121137658807
10275,0.7907194994786235,0.0970878862341193,0.9029121137658807
10276,0.7907194994786235,0.09712274097697844,0.9028772590230215
10277,0.7907368786930831,0.09712274097697844,0.9028772590230215
10278,0.7907368786930831,0.09714016834840801,0.902859831651592
10279,0.7907542579075426,0.09714016834840801,0.902859831651592
10280,0.7907542579075426,0.09715759571983758,0.9028424042801624
10281,0.7908063955509211,0.09715759571983758,0.9028424042801624
10282,0.7908063955509211,0.09717502309126715,0.9028249769087329
10283,0.7908237747653806,0.09717502309126715,0.9028249769087329
10284,0.7908237747653806,0.09719245046269671,0.9028075495373032
10285,0.7908411539798401,0.09719245046269671,0.9028075495373032
10286,0.7908411539798401,0.09720987783412628,0.9027901221658737
10287,0.7909280500521376,0.09720987783412628,0.9027901221658737
10288,0.7909280500521376,0.09724473257698542,0.9027552674230146
10289,0.7909454292665972,0.09724473257698542,0.9027552674230146
10290,0.7909454292665972,0.09729701469127411,0.9027029853087258
10291,0.7909628084810567,0.09729701469127411,0.9027029853087258
10292,0.7909628084810567,0.09731444206270368,0.9026855579372963
10293,0.7909801876955161,0.09731444206270368,0.9026855579372963
10294,0.7909801876955161,0.09736672417699238,0.9026332758230076
10295,0.7910149461244351,0.09736672417699238,0.9026332758230076
10296,0.7910149461244351,0.09741900629128109,0.9025809937087189
10297,0.7910323253388947,0.09741900629128109,0.9025809937087189
10298,0.7910323253388947,0.09743643366271065,0.9025635663372893
10299,0.7910497045533542,0.09743643366271065,0.9025635663372893
10300,0.7910497045533542,0.09745386103414022,0.9025461389658598
10301,0.7911018421967327,0.09745386103414022,0.9025461389658598
10302,0.7911018421967327,0.09747128840556979,0.9025287115944303
10303,0.7911192214111922,0.09747128840556979,0.9025287115944303
10304,0.7911192214111922,0.09750614314842893,0.902493856851571
10305,0.7911713590545707,0.09750614314842893,0.902493856851571
10306,0.7911713590545707,0.0975235705198585,0.9024764294801415
10307,0.7912234966979492,0.0975235705198585,0.9024764294801415
10308,0.7912234966979492,0.09755842526271763,0.9024415747372824
10309,0.7913451511991658,0.09755842526271763,0.9024415747372824
10310,0.7913451511991658,0.09759328000557677,0.9024067199944232
10311,0.7913625304136253,0.09759328000557677,0.9024067199944232
10312,0.7913625304136253,0.09761070737700632,0.9023892926229937
10313,0.7914494264859229,0.09761070737700632,0.9023892926229937
10314,0.7914494264859229,0.09766298949129502,0.902337010508705
10315,0.7915363225582204,0.09766298949129502,0.902337010508705
10316,0.7915363225582204,0.09768041686272459,0.9023195831372754
10317,0.7915710809871394,0.09768041686272459,0.9023195831372754
10318,0.7916058394160584,0.09768041686272459,0.9023195831372754
10319,0.7916405978449774,0.09768041686272459,0.9023195831372754
10320,0.7916405978449774,0.09769784423415416,0.9023021557658458
10321,0.791657977059437,0.09769784423415416,0.9023021557658458
10322,0.791657977059437,0.09771527160558373,0.9022847283944163
10323,0.791692735488356,0.09771527160558373,0.9022847283944163
10324,0.791692735488356,0.0977326989770133,0.9022673010229867
10325,0.7917101147028154,0.0977326989770133,0.9022673010229867
10326,0.7917101147028154,0.09775012634844286,0.9022498736515572
10327,0.7917448731317345,0.09775012634844286,0.9022498736515572
10328,0.7917448731317345,0.09776755371987243,0.9022324462801276
10329,0.7917622523461939,0.09776755371987243,0.9022324462801276
10330,0.7917622523461939,0.09780240846273157,0.9021975915372684
10331,0.791797010775113,0.09780240846273157,0.9021975915372684
10332,0.791797010775113,0.0978372632055907,0.9021627367944093
10333,0.7918839068474105,0.0978372632055907,0.9021627367944093
10334,0.7918839068474105,0.09785469057702027,0.9021453094229798
10335,0.7919186652763295,0.09785469057702027,0.9021453094229798
10336,0.7919186652763295,0.09787211794844984,0.9021278820515501
10337,0.7919534237052486,0.09787211794844984,0.9021278820515501
10338,0.7919534237052486,0.09788954531987941,0.9021104546801206
10339,0.791970802919708,0.09788954531987941,0.9021104546801206
10340,0.791970802919708,0.09790697269130896,0.902093027308691
10341,0.7920055613486271,0.09790697269130896,0.902093027308691
10342,0.7920055613486271,0.09792440006273853,0.9020755999372615
10343,0.7921272158498436,0.09792440006273853,0.9020755999372615
10344,0.7921272158498436,0.0979418274341681,0.9020581725658319
10345,0.7921445950643031,0.0979418274341681,0.9020581725658319
10346,0.7921445950643031,0.09795925480559767,0.9020407451944024
10347,0.7921793534932221,0.09795925480559767,0.9020407451944024
10348,0.7921793534932221,0.09797668217702724,0.9020233178229727
10349,0.7921967327076817,0.09797668217702724,0.9020233178229727
10350,0.7921967327076817,0.0979941095484568,0.9020058904515432
10351,0.7923183872088981,0.0979941095484568,0.9020058904515432
10352,0.7923183872088981,0.09802896429131594,0.9019710357086841
10353,0.7923705248522767,0.09802896429131594,0.9019710357086841
10354,0.7923705248522767,0.09804639166274551,0.9019536083372545
10355,0.7924574209245742,0.09804639166274551,0.9019536083372545
10356,0.7924574209245742,0.09806381903417508,0.901936180965825
10357,0.7924921793534933,0.09806381903417508,0.901936180965825
10358,0.7924921793534933,0.09808124640560464,0.9019187535943953
10359,0.7925095585679527,0.09808124640560464,0.9019187535943953
10360,0.7925095585679527,0.09813352851989335,0.9018664714801067
10361,0.7925443169968718,0.09813352851989335,0.9018664714801067
10362,0.7925443169968718,0.09815095589132292,0.9018490441086771
10363,0.7925616962113312,0.09815095589132292,0.9018490441086771
10364,0.7925616962113312,0.09816838326275248,0.9018316167372475
10365,0.7925790754257908,0.09816838326275248,0.9018316167372475
10366,0.7925790754257908,0.09820323800561162,0.9017967619943884
10367,0.7926138338547097,0.09820323800561162,0.9017967619943884
10368,0.7926138338547097,0.09822066537704117,0.9017793346229588
10369,0.7927876259993049,0.09822066537704117,0.9017793346229588
10370,0.7927876259993049,0.09825552011990031,0.9017444798800996
10371,0.7928745220716024,0.09825552011990031,0.9017444798800996
10372,0.7928745220716024,0.09827294749132988,0.9017270525086701
10373,0.7929440389294404,0.09827294749132988,0.9017270525086701
10374,0.7929440389294404,0.09830780223418902,0.901692197765811
10375,0.792996176572819,0.09830780223418902,0.901692197765811
10376,0.792996176572819,0.09834265697704815,0.9016573430229519
10377,0.793169968717414,0.09834265697704815,0.9016573430229519
10378,0.793169968717414,0.09836008434847772,0.9016399156515222
10379,0.7932568647897115,0.09836008434847772,0.9016399156515222
10380,0.7932568647897115,0.09837751171990729,0.9016224882800927
10381,0.793274244004171,0.09837751171990729,0.9016224882800927
10382,0.793274244004171,0.09841236646276642,0.9015876335372336
10383,0.7933785192909281,0.09841236646276642,0.9015876335372336
10384,0.7933785192909281,0.09842979383419599,0.901570206165804
10385,0.7933958985053876,0.09842979383419599,0.901570206165804
10386,0.7933958985053876,0.09844722120562556,0.9015527787943745
10387,0.7934654153632256,0.09844722120562556,0.9015527787943745
10388,0.7934654153632256,0.09846464857705513,0.9015353514229448
10389,0.7935001737921445,0.09846464857705513,0.9015353514229448
10390,0.7935001737921445,0.0984820759484847,0.9015179240515153
10391,0.7935696906499826,0.0984820759484847,0.9015179240515153
10392,0.7935696906499826,0.09849950331991426,0.9015004966800857
10393,0.7935870698644422,0.09849950331991426,0.9015004966800857
10394,0.7936218282933611,0.09849950331991426,0.9015004966800857
10395,0.7936392075078207,0.09849950331991426,0.9015004966800857
10396,0.7936392075078207,0.09853435806277339,0.9014656419372267
10397,0.7938129996524157,0.09853435806277339,0.9014656419372267
10398,0.7938129996524157,0.09855178543420295,0.901448214565797
10399,0.7938303788668752,0.09855178543420295,0.901448214565797
10400,0.7938303788668752,0.09856921280563252,0.9014307871943674
10401,0.7938998957247132,0.09856921280563252,0.9014307871943674
10402,0.7938998957247132,0.09860406754849166,0.9013959324515084
10403,0.7939346541536323,0.09860406754849166,0.9013959324515084
10404,0.7939346541536323,0.09862149491992123,0.9013785050800788
10405,0.7940041710114703,0.09862149491992123,0.9013785050800788
10406,0.7940041710114703,0.0986389222913508,0.9013610777086491
10407,0.7941084462982273,0.0986389222913508,0.9013610777086491
10408,0.7941084462982273,0.09865634966278036,0.9013436503372196
10409,0.7941432047271463,0.09865634966278036,0.9013436503372196
10410,0.7941432047271463,0.09867377703420993,0.9013262229657901
10411,0.7941779631560654,0.09867377703420993,0.9013262229657901
10412,0.7941779631560654,0.0986912044056395,0.9013087955943605
10413,0.7943343760862009,0.0986912044056395,0.9013087955943605
10414,0.7943343760862009,0.09870863177706907,0.9012913682229309
10415,0.7943691345151199,0.09870863177706907,0.9012913682229309
10416,0.7943691345151199,0.09872605914849863,0.9012739408515014
10417,0.7944907890163364,0.09872605914849863,0.9012739408515014
10418,0.7944907890163364,0.0987434865199282,0.9012565134800719
10419,0.794508168230796,0.0987434865199282,0.9012565134800719
10420,0.794508168230796,0.09876091389135777,0.9012390861086422
10421,0.7945255474452555,0.09876091389135777,0.9012390861086422
10422,0.7945255474452555,0.09877834126278734,0.9012216587372126
10423,0.794577685088634,0.09877834126278734,0.9012216587372126
10424,0.794577685088634,0.09879576863421691,0.9012042313657831
10425,0.7945950643030935,0.09879576863421691,0.9012042313657831
10426,0.7945950643030935,0.09883062337707603,0.901169376622924
10427,0.7946298227320125,0.09883062337707603,0.901169376622924
10428,0.7946298227320125,0.0988480507485056,0.9011519492514944
10429,0.7946819603753911,0.0988480507485056,0.9011519492514944
10430,0.7946819603753911,0.09886547811993517,0.9011345218800648
10431,0.7948731317344456,0.09886547811993517,0.9011345218800648
10432,0.7948731317344456,0.09888290549136473,0.9011170945086353
10433,0.7949426485922836,0.09888290549136473,0.9011170945086353
10434,0.7949426485922836,0.0989003328627943,0.9010996671372057
10435,0.7949600278067431,0.0989003328627943,0.9010996671372057
10436,0.7949600278067431,0.098952614977083,0.901047385022917
10437,0.7950469238790406,0.098952614977083,0.901047385022917
10438,0.7950469238790406,0.09897004234851257,0.9010299576514874
10439,0.7950643030935002,0.09897004234851257,0.9010299576514874
10440,0.7950643030935002,0.09898746971994214,0.9010125302800579
10441,0.7951164407368787,0.09898746971994214,0.9010125302800579
10442,0.7951164407368787,0.09902232446280128,0.9009776755371988
10443,0.7951859575947167,0.09902232446280128,0.9009776755371988
10444,0.7951859575947167,0.09903975183423085,0.9009602481657691
10445,0.7952033368091762,0.09903975183423085,0.9009602481657691
10446,0.7952033368091762,0.09905717920566041,0.9009428207943396
10447,0.7953076120959333,0.09905717920566041,0.9009428207943396
10448,0.7953076120959333,0.09907460657708998,0.90092539342291
10449,0.7953423705248522,0.09907460657708998,0.90092539342291
10450,0.7953423705248522,0.09909203394851955,0.9009079660514805
10451,0.7953597497393118,0.09909203394851955,0.9009079660514805
10452,0.7953597497393118,0.09910946131994912,0.9008905386800509
10453,0.7954292665971499,0.09910946131994912,0.9008905386800509
10454,0.7954292665971499,0.09919659817709695,0.9008034018229031
10455,0.7955335418839069,0.09919659817709695,0.9008034018229031
10456,0.7955335418839069,0.09921402554852651,0.9007859744514735
10457,0.7955683003128259,0.09921402554852651,0.9007859744514735
10458,0.7955683003128259,0.09923145291995608,0.900768547080044
10459,0.7956204379562044,0.09923145291995608,0.900768547080044
10460,0.7956204379562044,0.09926630766281522,0.9007336923371848
10461,0.7957420924574209,0.09926630766281522,0.9007336923371848
10462,0.7957420924574209,0.09930116240567435,0.9006988375943257
10463,0.795811609315259,0.09930116240567435,0.9006988375943257
10464,0.795811609315259,0.09931858977710392,0.900681410222896
10465,0.7958289885297185,0.09931858977710392,0.900681410222896
10466,0.7958289885297185,0.09935344451996306,0.9006465554800369
10467,0.7958637469586375,0.09935344451996306,0.9006465554800369
10468,0.7958637469586375,0.09937087189139263,0.9006291281086074
10469,0.795950643030935,0.09937087189139263,0.9006291281086074
10470,0.795950643030935,0.0993882992628222,0.9006117007371778
10471,0.7960027806743135,0.0993882992628222,0.9006117007371778
10472,0.7960027806743135,0.09940572663425176,0.9005942733657483
10473,0.7960201598887731,0.09940572663425176,0.9005942733657483
10474,0.7960201598887731,0.09942315400568132,0.9005768459943186
10475,0.7960375391032325,0.09942315400568132,0.9005768459943186
10476,0.7960375391032325,0.09944058137711088,0.9005594186228891
10477,0.7962113312478276,0.09944058137711088,0.9005594186228891
10478,0.7962113312478276,0.09945800874854045,0.9005419912514595
10479,0.7962287104622872,0.09945800874854045,0.9005419912514595
10480,0.7962287104622872,0.09951029086282916,0.9004897091371709
10481,0.7962982273201251,0.09951029086282916,0.9004897091371709
10482,0.7962982273201251,0.09954514560568829,0.9004548543943117
10483,0.7963156065345847,0.09954514560568829,0.9004548543943117
10484,0.7963156065345847,0.09958000034854743,0.9004199996514526
10485,0.7964025026068822,0.09958000034854743,0.9004199996514526
10486,0.7964025026068822,0.099597427719977,0.900402572280023
10487,0.7964893986791797,0.099597427719977,0.900402572280023
10488,0.7964893986791797,0.09963228246283613,0.9003677175371638
10489,0.7965067778936392,0.09963228246283613,0.9003677175371638
10490,0.7965067778936392,0.09966713720569527,0.9003328627943047
10491,0.7965589155370177,0.09966713720569527,0.9003328627943047
10492,0.7965589155370177,0.09968456457712484,0.9003154354228752
10493,0.7966110531803963,0.09968456457712484,0.9003154354228752
10494,0.7966110531803963,0.09973684669141353,0.9002631533085865
10495,0.7966805700382342,0.09973684669141353,0.9002631533085865
10496,0.7966805700382342,0.0997542740628431,0.9002457259371569
10497,0.7967500868960723,0.0997542740628431,0.9002457259371569
10498,0.7967500868960723,0.09977170143427266,0.9002282985657273
10499,0.7967674661105318,0.09977170143427266,0.9002282985657273
10500,0.7967674661105318,0.09978912880570223,0.9002108711942978
10501,0.7968196037539104,0.09978912880570223,0.9002108711942978
10502,0.7968196037539104,0.0998065561771318,0.9001934438228683
10503,0.7968543621828293,0.0998065561771318,0.9001934438228683
10504,0.7968543621828293,0.0998588382914205,0.9001411617085795
10505,0.7968717413972889,0.0998588382914205,0.9001411617085795
10506,0.7968717413972889,0.09992854777713878,0.9000714522228612
10507,0.7968891206117483,0.09992854777713878,0.9000714522228612
10508,0.7968891206117483,0.09998082989142748,0.9000191701085725
10509,0.7969238790406674,0.09998082989142748,0.9000191701085725
10510,0.7969238790406674,0.10001568463428662,0.8999843153657134
10511,0.7970281543274244,0.10001568463428662,0.8999843153657134
10512,0.7970281543274244,0.10003311200571617,0.8999668879942838
10513,0.7970802919708029,0.10003311200571617,0.8999668879942838
10514,0.7970802919708029,0.10005053937714574,0.8999494606228543
10515,0.797115050399722,0.10005053937714574,0.8999494606228543
10516,0.7971671880431005,0.10005053937714574,0.8999494606228543
10517,0.7971671880431005,0.10006796674857531,0.8999320332514247
10518,0.7971845672575599,0.10006796674857531,0.8999320332514247
10519,0.7971845672575599,0.10008539412000488,0.8999146058799952
10520,0.7972714633298575,0.10008539412000488,0.8999146058799952
10521,0.7972714633298575,0.10015510360572315,0.8998448963942769
10522,0.797358359402155,0.10015510360572315,0.8998448963942769
10523,0.797358359402155,0.10017253097715272,0.8998274690228473
10524,0.7973757386166145,0.10017253097715272,0.8998274690228473
10525,0.7973757386166145,0.10020738572001185,0.8997926142799881
10526,0.797393117831074,0.10020738572001185,0.8997926142799881
10527,0.797393117831074,0.10024224046287099,0.899757759537129
10528,0.7974104970455336,0.10024224046287099,0.899757759537129
10529,0.7974104970455336,0.10025966783430056,0.8997403321656995
10530,0.7974973931178311,0.10025966783430056,0.8997403321656995
10531,0.7974973931178311,0.10027709520573012,0.8997229047942699
10532,0.7975842891901286,0.10027709520573012,0.8997229047942699
10533,0.7975842891901286,0.10029452257715969,0.8997054774228403
10534,0.7977580813347237,0.10029452257715969,0.8997054774228403
10535,0.7977580813347237,0.10032937732001883,0.8996706226799812
10536,0.7978449774070212,0.10032937732001883,0.8996706226799812
10537,0.7978449774070212,0.10034680469144838,0.8996531953085516
10538,0.7978971150503997,0.10034680469144838,0.8996531953085516
10539,0.7978971150503997,0.10036423206287795,0.8996357679371221
10540,0.7979144942648593,0.10036423206287795,0.8996357679371221
10541,0.7979144942648593,0.10038165943430752,0.8996183405656925
10542,0.7980882864094543,0.10038165943430752,0.8996183405656925
10543,0.7980882864094543,0.10039908680573709,0.8996009131942629
10544,0.7981230448383733,0.10039908680573709,0.8996009131942629
10545,0.7981230448383733,0.10041651417716665,0.8995834858228333
10546,0.7981578032672924,0.10041651417716665,0.8995834858228333
10547,0.7981578032672924,0.10043394154859622,0.8995660584514038
10548,0.7982099409106709,0.10043394154859622,0.8995660584514038
10549,0.7982099409106709,0.10045136892002579,0.8995486310799742
10550,0.7982446993395899,0.10045136892002579,0.8995486310799742
10551,0.7982446993395899,0.10052107840574406,0.8994789215942559
10552,0.7983142161974279,0.10052107840574406,0.8994789215942559
10553,0.7983142161974279,0.10053850577717363,0.8994614942228264
10554,0.7983489746263469,0.10053850577717363,0.8994614942228264
10555,0.7983489746263469,0.1005559331486032,0.8994440668513968
10556,0.7983663538408063,0.1005559331486032,0.8994440668513968
10557,0.7983663538408063,0.1006082152628919,0.8993917847371081
10558,0.7983837330552659,0.1006082152628919,0.8993917847371081
10559,0.7983837330552659,0.10062564263432147,0.8993743573656785
10560,0.798557525199861,0.10062564263432147,0.8993743573656785
10561,0.798557525199861,0.10064307000575103,0.899356929994249
10562,0.7987139381299965,0.10064307000575103,0.899356929994249
10563,0.798731317344456,0.1006604973771806,0.8993395026228194
10564,0.798766075773375,0.1006604973771806,0.8993395026228194
10565,0.798766075773375,0.10073020686289887,0.8992697931371011
10566,0.7988182134167535,0.10073020686289887,0.8992697931371011
10567,0.7988182134167535,0.10074763423432843,0.8992523657656716
10568,0.7988355926312131,0.10074763423432843,0.8992523657656716
10569,0.7988355926312131,0.10079991634861714,0.8992000836513828
10570,0.7989224887035106,0.10079991634861714,0.8992000836513828
10571,0.7989224887035106,0.1008173437200467,0.8991826562799533
10572,0.7989572471324297,0.1008173437200467,0.8991826562799533
10573,0.7989572471324297,0.10083477109147627,0.8991652289085237
10574,0.7989746263468891,0.10083477109147627,0.8991652289085237
10575,0.7989746263468891,0.10086962583433541,0.8991303741656645
10576,0.7990267639902676,0.10086962583433541,0.8991303741656645
10577,0.7990267639902676,0.10090448057719455,0.8990955194228054
10578,0.7990789016336461,0.10090448057719455,0.8990955194228054
10579,0.7990789016336461,0.10095676269148324,0.8990432373085168
10580,0.7991310392770247,0.10095676269148324,0.8990432373085168
10581,0.7991310392770247,0.1009741900629128,0.8990258099370871
10582,0.7991484184914842,0.1009741900629128,0.8990258099370871
10583,0.7991484184914842,0.10099161743434237,0.8990083825656576
10584,0.7992526937782413,0.10099161743434237,0.8990083825656576
10585,0.7992526937782413,0.10100904480577194,0.8989909551942281
10586,0.7992874522071602,0.10100904480577194,0.8989909551942281
10587,0.7992874522071602,0.10102647217720151,0.8989735278227985
10588,0.7993569690649983,0.10102647217720151,0.8989735278227985
10589,0.7993569690649983,0.10106132692006065,0.8989386730799394
10590,0.7993743482794577,0.10106132692006065,0.8989386730799394
10591,0.7993743482794577,0.10107875429149021,0.8989212457085098
10592,0.7994264859228363,0.10107875429149021,0.8989212457085098
10593,0.7994264859228363,0.10109618166291978,0.8989038183370802
10594,0.7995133819951338,0.10109618166291978,0.8989038183370802
10595,0.7995133819951338,0.10113103640577892,0.8988689635942211
10596,0.7995828988529718,0.10113103640577892,0.8988689635942211
10597,0.7995828988529718,0.10114846377720849,0.8988515362227916
10598,0.7996002780674314,0.10114846377720849,0.8988515362227916
10599,0.7996002780674314,0.10118331852006762,0.8988166814799323
10600,0.7996350364963504,0.10118331852006762,0.8988166814799323
10601,0.7996350364963504,0.10120074589149719,0.8987992541085028
10602,0.7996524157108099,0.10120074589149719,0.8987992541085028
10603,0.7996524157108099,0.10121817326292676,0.8987818267370733
10604,0.7996697949252694,0.10121817326292676,0.8987818267370733
10605,0.7996697949252694,0.10123560063435633,0.8987643993656437
10606,0.7996871741397289,0.10123560063435633,0.8987643993656437
10607,0.7996871741397289,0.10125302800578588,0.8987469719942142
10608,0.7997566909975669,0.10125302800578588,0.8987469719942142
10609,0.7997566909975669,0.10127045537721545,0.8987295446227845
10610,0.7998088286409454,0.10127045537721545,0.8987295446227845
10611,0.7998088286409454,0.10128788274864502,0.898712117251355
10612,0.7998262078554049,0.10128788274864502,0.898712117251355
10613,0.7998262078554049,0.10130531012007458,0.8986946898799254
10614,0.7998435870698645,0.10130531012007458,0.8986946898799254
10615,0.7998435870698645,0.10132273749150415,0.8986772625084959
10616,0.799930483142162,0.10132273749150415,0.8986772625084959
10617,0.799930483142162,0.10135759223436329,0.8986424077656368
10618,0.8000173792144595,0.10135759223436329,0.8986424077656368
10619,0.8000173792144595,0.10137501960579286,0.8986249803942071
10620,0.800034758428919,0.10137501960579286,0.8986249803942071
10621,0.800034758428919,0.10142730172008156,0.8985726982799185
10622,0.8001042752867571,0.10142730172008156,0.8985726982799185
10623,0.8001042752867571,0.10144472909151113,0.8985552709084889
10624,0.8001216545012165,0.10144472909151113,0.8985552709084889
10625,0.8001564129301355,0.10144472909151113,0.8985552709084889
10626,0.800208550573514,0.10144472909151113,0.8985552709084889
10627,0.800208550573514,0.10149701120579983,0.8985029887942002
10628,0.8002780674313521,0.10149701120579983,0.8985029887942002
10629,0.8002780674313521,0.1015144385772294,0.8984855614227706
10630,0.8003475842891902,0.1015144385772294,0.8984855614227706
10631,0.8003475842891902,0.10153186594865897,0.8984681340513411
10632,0.8004518595759472,0.10153186594865897,0.8984681340513411
10633,0.8004518595759472,0.10156672069151809,0.8984332793084819
10634,0.8005213764337852,0.10156672069151809,0.8984332793084819
10635,0.8005213764337852,0.10158414806294766,0.8984158519370523
10636,0.8005561348627042,0.10158414806294766,0.8984158519370523
10637,0.8005561348627042,0.10160157543437723,0.8983984245656228
10638,0.8006082725060827,0.10160157543437723,0.8983984245656228
10639,0.8006082725060827,0.10163643017723636,0.8983635698227637
10640,0.8006256517205422,0.10163643017723636,0.8983635698227637
10641,0.8006256517205422,0.10165385754866593,0.898346142451334
10642,0.8006430309350018,0.10165385754866593,0.898346142451334
10643,0.8006430309350018,0.1016712849200955,0.8983287150799045
10644,0.8006604101494612,0.1016712849200955,0.8983287150799045
10645,0.8006604101494612,0.10168871229152507,0.8983112877084749
10646,0.8007646854362183,0.10168871229152507,0.8983112877084749
10647,0.8007646854362183,0.10170613966295464,0.8982938603370454
10648,0.8007994438651374,0.10170613966295464,0.8982938603370454
10649,0.8007994438651374,0.10175842177724334,0.8982415782227566
10650,0.8008168230795968,0.10175842177724334,0.8982415782227566
10651,0.8008168230795968,0.10177584914867291,0.8982241508513271
10652,0.8009906152241919,0.10177584914867291,0.8982241508513271
10653,0.8009906152241919,0.10179327652010248,0.8982067234798975
10654,0.8010775112964894,0.10179327652010248,0.8982067234798975
10655,0.8010775112964894,0.10182813126296161,0.8981718687370384
10656,0.8011991657977059,0.10182813126296161,0.8981718687370384
10657,0.8011991657977059,0.10189784074867987,0.8981021592513201
10658,0.8012165450121654,0.10189784074867987,0.8981021592513201
10659,0.8012165450121654,0.10191526812010944,0.8980847318798906
10660,0.801233924226625,0.10191526812010944,0.8980847318798906
10661,0.801233924226625,0.10193269549153901,0.898067304508461
10662,0.8013034410844629,0.10193269549153901,0.898067304508461
10663,0.8013034410844629,0.10195012286296858,0.8980498771370314
10664,0.8013208202989225,0.10195012286296858,0.8980498771370314
10665,0.8013208202989225,0.10196755023439814,0.8980324497656018
10666,0.8013555787278415,0.10196755023439814,0.8980324497656018
10667,0.8013555787278415,0.10198497760582771,0.8980150223941723
10668,0.8014424748001391,0.10198497760582771,0.8980150223941723
10669,0.8014424748001391,0.10203725972011642,0.8979627402798835
10670,0.8014598540145985,0.10203725972011642,0.8979627402798835
10671,0.8014598540145985,0.10207211446297555,0.8979278855370244
10672,0.8015293708724366,0.10207211446297555,0.8979278855370244
10673,0.8015293708724366,0.10210696920583469,0.8978930307941653
10674,0.8016510253736531,0.10210696920583469,0.8978930307941653
10675,0.8016510253736531,0.10212439657726426,0.8978756034227358
10676,0.8016684045881126,0.10212439657726426,0.8978756034227358
10677,0.8016684045881126,0.10219410606298251,0.8978058939370175
10678,0.8017031630170316,0.10219410606298251,0.8978058939370175
10679,0.8017031630170316,0.10221153343441208,0.897788466565588
10680,0.8017205422314911,0.10221153343441208,0.897788466565588
10681,0.8017205422314911,0.10224638817727122,0.8977536118227287
10682,0.8017900590893292,0.10224638817727122,0.8977536118227287
10683,0.8017900590893292,0.10226381554870079,0.8977361844512992
10684,0.8018074383037886,0.10226381554870079,0.8977361844512992
10685,0.8018074383037886,0.10228124292013036,0.8977187570798697
10686,0.8018421967327077,0.10228124292013036,0.8977187570798697
10687,0.8018421967327077,0.10229867029155992,0.8977013297084401
10688,0.8019812304483838,0.10229867029155992,0.8977013297084401
10689,0.8019812304483838,0.10231609766298949,0.8976839023370105
10690,0.8019986096628432,0.10231609766298949,0.8976839023370105
10691,0.8019986096628432,0.10233352503441906,0.8976664749655809
10692,0.8020159888773027,0.10233352503441906,0.8976664749655809
10693,0.8020159888773027,0.10235095240584863,0.8976490475941514
10694,0.8020855057351408,0.10235095240584863,0.8976490475941514
10695,0.8020855057351408,0.1023683797772782,0.8976316202227218
10696,0.8021028849496002,0.1023683797772782,0.8976316202227218
10697,0.8021028849496002,0.10238580714870776,0.8976141928512922
10698,0.8021376433785193,0.10238580714870776,0.8976141928512922
10699,0.8021376433785193,0.10240323452013733,0.8975967654798627
10700,0.8021724018074383,0.10240323452013733,0.8975967654798627
10701,0.8021724018074383,0.10243808926299647,0.8975619107370035
10702,0.8021897810218979,0.10243808926299647,0.8975619107370035
10703,0.8021897810218979,0.10245551663442604,0.8975444833655739
10704,0.8022245394508168,0.10245551663442604,0.8975444833655739
10705,0.8022245394508168,0.10249037137728516,0.8975096286227149
10706,0.8022419186652763,0.10249037137728516,0.8975096286227149
10707,0.8022766770941954,0.10249037137728516,0.8975096286227149
10708,0.8022940563086548,0.10249037137728516,0.8975096286227149
10709,0.8022940563086548,0.10250779874871473,0.8974922012512853
10710,0.8024157108098714,0.10250779874871473,0.8974922012512853
10711,0.8024157108098714,0.1025252261201443,0.8974747738798557
10712,0.8024678484532499,0.1025252261201443,0.8974747738798557
10713,0.8024678484532499,0.10254265349157386,0.8974573465084261
10714,0.8025199860966284,0.10254265349157386,0.8974573465084261
10715,0.8025199860966284,0.102577508234433,0.897422491765567
10716,0.802606882168926,0.102577508234433,0.897422491765567
10717,0.802606882168926,0.10259493560586257,0.8974050643941375
10718,0.802676399026764,0.10259493560586257,0.8974050643941375
10719,0.802676399026764,0.10261236297729213,0.8973876370227079
10720,0.8026937782412235,0.10261236297729213,0.8973876370227079
10721,0.8026937782412235,0.1026297903487217,0.8973702096512783
10722,0.8027632950990615,0.1026297903487217,0.8973702096512783
10723,0.8027632950990615,0.10266464509158084,0.8973353549084192
10724,0.8027980535279805,0.10266464509158084,0.8973353549084192
10725,0.8027980535279805,0.10268207246301041,0.8973179275369896
10726,0.8028849496002781,0.10268207246301041,0.8973179275369896
10727,0.8028849496002781,0.10271692720586954,0.8972830727941304
10728,0.8029197080291971,0.10271692720586954,0.8972830727941304
10729,0.8029197080291971,0.10275178194872868,0.8972482180512713
10730,0.8029370872436565,0.10275178194872868,0.8972482180512713
10731,0.8029370872436565,0.1027866366915878,0.8972133633084122
10732,0.8029544664581161,0.1027866366915878,0.8972133633084122
10733,0.8029544664581161,0.10280406406301737,0.8971959359369827
10734,0.8030239833159541,0.10280406406301737,0.8971959359369827
10735,0.8030239833159541,0.10285634617730607,0.8971436538226939
10736,0.8030587417448731,0.10285634617730607,0.8971436538226939
10737,0.8030587417448731,0.10287377354873564,0.8971262264512644
10738,0.8030761209593327,0.10287377354873564,0.8971262264512644
10739,0.8030761209593327,0.10289120092016521,0.8971087990798348
10740,0.8031108793882517,0.10289120092016521,0.8971087990798348
10741,0.8031108793882517,0.10290862829159478,0.8970913717084052
10742,0.8031282586027112,0.10290862829159478,0.8970913717084052
10743,0.8031282586027112,0.10296091040588348,0.8970390895941165
10744,0.8031456378171706,0.10296091040588348,0.8970390895941165
10745,0.8031456378171706,0.10297833777731305,0.897021662222687
10746,0.8032325338894682,0.10297833777731305,0.897021662222687
10747,0.8032325338894682,0.10299576514874262,0.8970042348512574
10748,0.8032499131039277,0.10299576514874262,0.8970042348512574
10749,0.8032499131039277,0.10304804726303132,0.8969519527369687
10750,0.8032672923183872,0.10304804726303132,0.8969519527369687
10751,0.8032672923183872,0.10306547463446089,0.8969345253655391
10752,0.8032846715328467,0.10306547463446089,0.8969345253655391
10753,0.8032846715328467,0.10310032937732001,0.89689967062268
10754,0.8033368091762252,0.10310032937732001,0.89689967062268
10755,0.8033368091762252,0.10311775674874958,0.8968822432512504
10756,0.8033541883906847,0.10311775674874958,0.8968822432512504
10757,0.8033541883906847,0.10315261149160872,0.8968473885083913
10758,0.8034063260340633,0.10315261149160872,0.8968473885083913
10759,0.8034063260340633,0.10318746623446785,0.8968125337655322
10760,0.8034584636774418,0.10318746623446785,0.8968125337655322
10761,0.8034584636774418,0.10320489360589742,0.8967951063941025
10762,0.8034932221063608,0.10320489360589742,0.8967951063941025
10763,0.8034932221063608,0.10322232097732699,0.896777679022673
10764,0.8035279805352799,0.10322232097732699,0.896777679022673
10765,0.8035279805352799,0.10329203046304526,0.8967079695369548
10766,0.8035453597497393,0.10329203046304526,0.8967079695369548
10767,0.8035453597497393,0.1033268852059044,0.8966731147940956
10768,0.8035627389641988,0.1033268852059044,0.8966731147940956
10769,0.8035627389641988,0.10334431257733397,0.896655687422666
10770,0.8035801181786584,0.10334431257733397,0.896655687422666
10771,0.8035801181786584,0.10336173994876353,0.8966382600512365
10772,0.8036148766075774,0.10336173994876353,0.8966382600512365
10773,0.8036148766075774,0.1033791673201931,0.8966208326798069
10774,0.8036843934654153,0.1033791673201931,0.8966208326798069
10775,0.8036843934654153,0.10339659469162266,0.8966034053083773
10776,0.8037191518943344,0.10339659469162266,0.8966034053083773
10777,0.8037191518943344,0.10341402206305222,0.8965859779369478
10778,0.8037539103232534,0.10341402206305222,0.8965859779369478
10779,0.8037539103232534,0.10343144943448179,0.8965685505655182
10780,0.8037712895377129,0.10343144943448179,0.8965685505655182
10781,0.8037712895377129,0.1034837315487705,0.8965162684512296
10782,0.8037886687521724,0.1034837315487705,0.8965162684512296
10783,0.8037886687521724,0.10350115892020006,0.8964988410797999
10784,0.8038408063955509,0.10350115892020006,0.8964988410797999
10785,0.8038408063955509,0.1035360136630592,0.8964639863369408
10786,0.80387556482447,0.1035360136630592,0.8964639863369408
10787,0.80387556482447,0.10357086840591834,0.8964291315940817
10788,0.8038929440389294,0.10357086840591834,0.8964291315940817
10789,0.8038929440389294,0.10362315052020704,0.896376849479793
10790,0.803910323253389,0.10362315052020704,0.896376849479793
10791,0.803910323253389,0.10367543263449575,0.8963245673655043
10792,0.8039798401112269,0.10367543263449575,0.8963245673655043
10793,0.8039798401112269,0.10371028737735487,0.8962897126226451
10794,0.8040319777546054,0.10371028737735487,0.8962897126226451
10795,0.8040319777546054,0.10372771474878444,0.8962722852512156
10796,0.804049356969065,0.10372771474878444,0.8962722852512156
10797,0.804049356969065,0.103745142120214,0.896254857879786
10798,0.8040667361835245,0.103745142120214,0.896254857879786
10799,0.8040667361835245,0.10376256949164357,0.8962374305083565
10800,0.804153632255822,0.10376256949164357,0.8962374305083565
10801,0.804153632255822,0.10377999686307314,0.8962200031369268
10802,0.804188390684741,0.10377999686307314,0.8962200031369268
10803,0.804188390684741,0.10384970634879141,0.8961502936512086
10804,0.8042405283281195,0.10384970634879141,0.8961502936512086
10805,0.8042405283281195,0.10386713372022098,0.8961328662797791
10806,0.804327424400417,0.10386713372022098,0.8961328662797791
10807,0.804327424400417,0.10388456109165055,0.8961154389083494
10808,0.8045012165450122,0.10388456109165055,0.8961154389083494
10809,0.8045012165450122,0.10391941583450968,0.8960805841654903
10810,0.8045359749739311,0.10391941583450968,0.8960805841654903
10811,0.8045707334028502,0.10391941583450968,0.8960805841654903
10812,0.8045881126173097,0.10391941583450968,0.8960805841654903
10813,0.8045881126173097,0.10393684320593925,0.8960631567940608
10814,0.8046054918317692,0.10395427057736882,0.8960457294226312
10815,0.8046576294751477,0.10395427057736882,0.8960457294226312
10816,0.8046576294751477,0.10398912532022794,0.896010874679772
10817,0.8046750086896073,0.10398912532022794,0.896010874679772
10818,0.8046750086896073,0.10402398006308708,0.8959760199369129
10819,0.8047445255474452,0.10402398006308708,0.8959760199369129
10820,0.8047445255474452,0.10404140743451665,0.8959585925654834
10821,0.8047792839763642,0.10404140743451665,0.8959585925654834
10822,0.8047792839763642,0.10405883480594622,0.8959411651940538
10823,0.8048140424052833,0.10405883480594622,0.8959411651940538
10824,0.8048140424052833,0.10407626217737578,0.8959237378226242
10825,0.8048661800486618,0.10407626217737578,0.8959237378226242
10826,0.8048661800486618,0.10412854429166449,0.8958714557083355
10827,0.8049009384775808,0.10412854429166449,0.8958714557083355
10828,0.8049009384775808,0.10414597166309406,0.895854028336906
10829,0.8050921098366354,0.10414597166309406,0.895854028336906
10830,0.8050921098366354,0.10418082640595319,0.8958191735940468
10831,0.8051268682655544,0.10418082640595319,0.8958191735940468
10832,0.8051268682655544,0.10419825377738276,0.8958017462226172
10833,0.8051790059089329,0.10419825377738276,0.8958017462226172
10834,0.8051790059089329,0.10421568114881233,0.8957843188511877
10835,0.8051963851233924,0.10421568114881233,0.8957843188511877
10836,0.8051963851233924,0.1042331085202419,0.8957668914797581
10837,0.8052311435523114,0.1042331085202419,0.8957668914797581
10838,0.8052311435523114,0.10426796326310103,0.8957320367368989
10839,0.805248522766771,0.10426796326310103,0.8957320367368989
10840,0.805248522766771,0.1042853906345306,0.8957146093654694
10841,0.8052659019812305,0.1042853906345306,0.8957146093654694
10842,0.8052659019812305,0.10430281800596015,0.8956971819940398
10843,0.805318039624609,0.10430281800596015,0.8956971819940398
10844,0.805318039624609,0.10432024537738972,0.8956797546226103
10845,0.805352798053528,0.10432024537738972,0.8956797546226103
10846,0.805352798053528,0.10433767274881929,0.8956623272511807
10847,0.805387556482447,0.10433767274881929,0.8956623272511807
10848,0.805387556482447,0.10437252749167843,0.8956274725083215
10849,0.8054049356969065,0.10437252749167843,0.8956274725083215
10850,0.8054049356969065,0.104389954863108,0.895610045136892
10851,0.805422314911366,0.104389954863108,0.895610045136892
10852,0.805422314911366,0.10440738223453756,0.8955926177654624
10853,0.805457073340285,0.10440738223453756,0.8955926177654624
10854,0.805457073340285,0.10442480960596713,0.8955751903940329
10855,0.8055787278415015,0.10442480960596713,0.8955751903940329
10856,0.8055787278415015,0.10445966434882627,0.8955403356511737
10857,0.80563086548488,0.10445966434882627,0.8955403356511737
10858,0.80563086548488,0.10451194646311497,0.895488053536885
10859,0.8056830031282586,0.10451194646311497,0.895488053536885
10860,0.8056830031282586,0.10454680120597411,0.8954531987940259
10861,0.8057351407716371,0.10454680120597411,0.8954531987940259
10862,0.8057351407716371,0.10458165594883324,0.8954183440511667
10863,0.8057698992005561,0.10458165594883324,0.8954183440511667
10864,0.8057698992005561,0.1045990833202628,0.8954009166797372
10865,0.8058046576294752,0.1045990833202628,0.8954009166797372
10866,0.8058046576294752,0.10463393806312193,0.8953660619368781
10867,0.8058220368439346,0.10463393806312193,0.8953660619368781
10868,0.8058220368439346,0.1046513654345515,0.8953486345654484
10869,0.8059610705596107,0.1046513654345515,0.8953486345654484
10870,0.8059610705596107,0.10466879280598107,0.8953312071940189
10871,0.8060132082029893,0.10466879280598107,0.8953312071940189
10872,0.8060132082029893,0.10468622017741064,0.8953137798225894
10873,0.8060479666319083,0.10468622017741064,0.8953137798225894
10874,0.8060479666319083,0.1047036475488402,0.8952963524511598
10875,0.8061348627042058,0.1047036475488402,0.8952963524511598
10876,0.8061348627042058,0.10472107492026977,0.8952789250797302
10877,0.8061522419186653,0.10472107492026977,0.8952789250797302
10878,0.8061522419186653,0.10473850229169934,0.8952614977083007
10879,0.8061870003475843,0.10473850229169934,0.8952614977083007
10880,0.8061870003475843,0.10479078440598805,0.8952092155940119
10881,0.8062043795620438,0.10479078440598805,0.8952092155940119
10882,0.8062043795620438,0.10480821177741761,0.8951917882225824
10883,0.8062217587765033,0.10480821177741761,0.8951917882225824
10884,0.8062217587765033,0.10484306652027675,0.8951569334797232
10885,0.8063086548488009,0.10484306652027675,0.8951569334797232
10886,0.8063086548488009,0.10486049389170632,0.8951395061082936
10887,0.8063260340632603,0.10486049389170632,0.8951395061082936
10888,0.8063260340632603,0.10487792126313589,0.8951220787368641
10889,0.8063781717066388,0.10487792126313589,0.8951220787368641
10890,0.8063781717066388,0.10491277600599501,0.895087223994005
10891,0.8065172054223149,0.10491277600599501,0.895087223994005
10892,0.8065172054223149,0.10493020337742458,0.8950697966225755
10893,0.8066041014946125,0.10493020337742458,0.8950697966225755
10894,0.8066041014946125,0.10498248549171328,0.8950175145082867
10895,0.8066388599235315,0.10498248549171328,0.8950175145082867
10896,0.8066388599235315,0.10499991286314285,0.8950000871368572
10897,0.8066736183524504,0.10499991286314285,0.8950000871368572
10898,0.8066736183524504,0.10503476760600199,0.8949652323939981
10899,0.8067083767813695,0.10503476760600199,0.8949652323939981
10900,0.8067083767813695,0.10506962234886112,0.8949303776511389
10901,0.8068126520681265,0.10506962234886112,0.8949303776511389
10902,0.8068126520681265,0.10510447709172026,0.8948955229082798
10903,0.806830031282586,0.10510447709172026,0.8948955229082798
10904,0.806830031282586,0.1051393318345794,0.8948606681654206
10905,0.8068474104970456,0.1051393318345794,0.8948606681654206
10906,0.8068474104970456,0.10515675920600896,0.894843240793991
10907,0.8068995481404241,0.10515675920600896,0.894843240793991
10908,0.8068995481404241,0.10517418657743853,0.8948258134225615
10909,0.8070038234271811,0.10517418657743853,0.8948258134225615
10910,0.8070038234271811,0.1051916139488681,0.8948083860511319
10911,0.8070385818561001,0.1051916139488681,0.8948083860511319
10912,0.8070385818561001,0.10520904132029765,0.8947909586797024
10913,0.8070907194994786,0.10520904132029765,0.8947909586797024
10914,0.8070907194994786,0.10522646869172722,0.8947735313082728
10915,0.8071080987139382,0.10522646869172722,0.8947735313082728
10916,0.8071080987139382,0.10524389606315679,0.8947561039368432
10917,0.8071602363573166,0.10524389606315679,0.8947561039368432
10918,0.8071602363573166,0.10526132343458636,0.8947386765654136
10919,0.8071776155717761,0.10526132343458636,0.8947386765654136
10920,0.8071776155717761,0.10527875080601592,0.8947212491939841
10921,0.8072123740006951,0.10527875080601592,0.8947212491939841
10922,0.8072123740006951,0.10531360554887506,0.894686394451125
10923,0.8072818908585332,0.10531360554887506,0.894686394451125
10924,0.8072818908585332,0.10533103292030463,0.8946689670796953
10925,0.8072992700729927,0.10533103292030463,0.8946689670796953
10926,0.8072992700729927,0.10538331503459333,0.8946166849654067
10927,0.8073514077163713,0.10538331503459333,0.8946166849654067
10928,0.8073514077163713,0.10541816977745247,0.8945818302225476
10929,0.8074035453597498,0.10541816977745247,0.8945818302225476
10930,0.8074035453597498,0.10543559714888204,0.8945644028511179
10931,0.8074383037886688,0.10543559714888204,0.8945644028511179
10932,0.8074383037886688,0.1054530245203116,0.8945469754796884
10933,0.8074904414320473,0.1054530245203116,0.8945469754796884
10934,0.8074904414320473,0.10547045189174117,0.8945295481082588
10935,0.8075078206465067,0.10547045189174117,0.8945295481082588
10936,0.8075078206465067,0.10552273400602986,0.8944772659939701
10937,0.8075251998609663,0.10552273400602986,0.8944772659939701
10938,0.8075251998609663,0.10554016137745943,0.8944598386225405
10939,0.8075425790754258,0.10554016137745943,0.8944598386225405
10940,0.8075425790754258,0.105557588748889,0.894442411251111
10941,0.8076989920055614,0.105557588748889,0.894442411251111
10942,0.8076989920055614,0.10557501612031857,0.8944249838796814
10943,0.8077337504344804,0.10557501612031857,0.8944249838796814
10944,0.8077337504344804,0.10559244349174814,0.8944075565082519
10945,0.8077858880778589,0.10559244349174814,0.8944075565082519
10946,0.8077858880778589,0.10562729823460727,0.8943727017653927
10947,0.8078032672923184,0.10562729823460727,0.8943727017653927
10948,0.8078032672923184,0.10564472560603684,0.8943552743939631
10949,0.8078206465067779,0.10564472560603684,0.8943552743939631
10950,0.8078206465067779,0.10566215297746641,0.8943378470225336
10951,0.8078380257212374,0.10566215297746641,0.8943378470225336
10952,0.8078380257212374,0.10567958034889598,0.894320419651104
10953,0.8078727841501564,0.10567958034889598,0.894320419651104
10954,0.8078727841501564,0.10569700772032554,0.8943029922796745
10955,0.8080465762947515,0.10569700772032554,0.8943029922796745
10956,0.8080813347236705,0.10569700772032554,0.8943029922796745
10957,0.8080813347236705,0.10571443509175511,0.8942855649082448
10958,0.808168230795968,0.10571443509175511,0.8942855649082448
10959,0.808168230795968,0.10574928983461425,0.8942507101653857
10960,0.8081856100104275,0.10574928983461425,0.8942507101653857
10961,0.8081856100104275,0.10576671720604382,0.8942332827939562
10962,0.808202989224887,0.10576671720604382,0.8942332827939562
10963,0.808202989224887,0.10578414457747339,0.8942158554225266
10964,0.8082203684393465,0.10578414457747339,0.8942158554225266
10965,0.8082203684393465,0.10580157194890295,0.8941984280510971
10966,0.808272506082725,0.10580157194890295,0.8941984280510971
10967,0.808272506082725,0.10581899932033251,0.8941810006796675
10968,0.8082898852971846,0.10581899932033251,0.8941810006796675
10969,0.8082898852971846,0.10583642669176208,0.8941635733082379
10970,0.8083594021550226,0.10583642669176208,0.8941635733082379
10971,0.8083941605839416,0.10583642669176208,0.8941635733082379
10972,0.8084289190128606,0.10583642669176208,0.8941635733082379
10973,0.8084289190128606,0.10592356354890992,0.89407643645109
10974,0.8084462982273202,0.10592356354890992,0.89407643645109
10975,0.8084462982273202,0.10594099092033948,0.8940590090796605
10976,0.8084636774417796,0.10594099092033948,0.8940590090796605
10977,0.8084636774417796,0.10599327303462819,0.8940067269653718
10978,0.8085331942996177,0.10599327303462819,0.8940067269653718
10979,0.8085331942996177,0.10601070040605776,0.8939892995939422
10980,0.8086374695863747,0.10601070040605776,0.8939892995939422
10981,0.8086374695863747,0.10606298252034646,0.8939370174796535
10982,0.8087069864442127,0.10606298252034646,0.8939370174796535
10983,0.8087069864442127,0.10608040989177603,0.893919590108224
10984,0.8087591240875912,0.10608040989177603,0.893919590108224
10985,0.8087591240875912,0.1060978372632056,0.8939021627367945
10986,0.8088807785888078,0.1060978372632056,0.8939021627367945
10987,0.8088807785888078,0.10613269200606472,0.8938673079939353
10988,0.8089329162321863,0.10613269200606472,0.8938673079939353
10989,0.8089329162321863,0.10615011937749429,0.8938498806225057
10990,0.8089502954466458,0.10615011937749429,0.8938498806225057
10991,0.8089502954466458,0.10616754674892386,0.8938324532510762
10992,0.8089850538755649,0.10616754674892386,0.8938324532510762
10993,0.8089850538755649,0.10618497412035342,0.8938150258796466
10994,0.8090719499478624,0.10618497412035342,0.8938150258796466
10995,0.8090719499478624,0.10620240149178299,0.893797598508217
10996,0.8090893291623219,0.10620240149178299,0.893797598508217
10997,0.8090893291623219,0.10623725623464213,0.8937627437653579
10998,0.8091414668057004,0.10623725623464213,0.8937627437653579
10999,0.8091414668057004,0.1062546836060717,0.8937453163939283
11000,0.8091588460201599,0.1062546836060717,0.8937453163939283
11001,0.8091588460201599,0.10627211097750126,0.8937278890224988
11002,0.8092283628779979,0.10627211097750126,0.8937278890224988
11003,0.8092283628779979,0.10632439309178997,0.89367560690821
11004,0.8092631213069169,0.10632439309178997,0.89367560690821
11005,0.8092631213069169,0.10634182046321954,0.8936581795367805
11006,0.8093152589502954,0.10634182046321954,0.8936581795367805
11007,0.8093152589502954,0.10637667520607867,0.8936233247939214
11008,0.8093847758081335,0.10637667520607867,0.8936233247939214
11009,0.8093847758081335,0.10641152994893781,0.8935884700510622
11010,0.8094195342370525,0.10641152994893781,0.8935884700510622
11011,0.8094195342370525,0.10644638469179693,0.8935536153082031
11012,0.8094542926659715,0.10644638469179693,0.8935536153082031
11013,0.8095411887382691,0.10644638469179693,0.8935536153082031
11014,0.8095411887382691,0.1064638120632265,0.8935361879367735
11015,0.8095585679527285,0.1064638120632265,0.8935361879367735
11016,0.8095585679527285,0.10648123943465607,0.893518760565344
11017,0.8095759471671881,0.10648123943465607,0.893518760565344
11018,0.8095759471671881,0.1065160941775152,0.8934839058224848
11019,0.8096280848105666,0.1065160941775152,0.8934839058224848
11020,0.8096280848105666,0.10653352154894477,0.8934664784510552
11021,0.809645464025026,0.10653352154894477,0.8934664784510552
11022,0.809645464025026,0.10655094892037434,0.8934490510796257
11023,0.8096628432394856,0.10655094892037434,0.8934490510796257
11024,0.8096628432394856,0.1065683762918039,0.8934316237081961
11025,0.8096802224539451,0.1065683762918039,0.8934316237081961
11026,0.8096802224539451,0.10658580366323347,0.8934141963367666
11027,0.8097149808828641,0.10658580366323347,0.8934141963367666
11028,0.8097149808828641,0.10662065840609261,0.8933793415939074
11029,0.8097671185262426,0.10662065840609261,0.8933793415939074
11030,0.8097671185262426,0.10665551314895175,0.8933444868510483
11031,0.8098018769551616,0.10665551314895175,0.8933444868510483
11032,0.8098018769551616,0.10667294052038132,0.8933270594796187
11033,0.8098192561696211,0.10667294052038132,0.8933270594796187
11034,0.8098192561696211,0.10669036789181088,0.8933096321081891
11035,0.8099235314563782,0.10669036789181088,0.8933096321081891
11036,0.8099235314563782,0.10674265000609957,0.8932573499939004
11037,0.8099582898852972,0.10674265000609957,0.8932573499939004
11038,0.8099582898852972,0.10676007737752914,0.8932399226224709
11039,0.8100104275286757,0.10676007737752914,0.8932399226224709
11040,0.8100104275286757,0.10677750474895871,0.8932224952510412
11041,0.8100973236009732,0.10677750474895871,0.8932224952510412
11042,0.8100973236009732,0.10679493212038828,0.8932050678796117
11043,0.8101842196732708,0.10679493212038828,0.8932050678796117
11044,0.8101842196732708,0.10681235949181785,0.8931876405081821
11045,0.8102189781021898,0.10681235949181785,0.8931876405081821
11046,0.8102189781021898,0.10684721423467698,0.893152785765323
11047,0.8102884949600279,0.10684721423467698,0.893152785765323
11048,0.8102884949600279,0.10686464160610655,0.8931353583938935
11049,0.8103058741744873,0.10686464160610655,0.8931353583938935
11050,0.8103058741744873,0.10689949634896569,0.8931005036510343
11051,0.8106013208202989,0.10689949634896569,0.8931005036510343
11052,0.8106013208202989,0.10693435109182482,0.8930656489081752
11053,0.8106187000347584,0.10693435109182482,0.8930656489081752
11054,0.8106187000347584,0.10695177846325439,0.8930482215367456
11055,0.810705596107056,0.10695177846325439,0.8930482215367456
11056,0.810705596107056,0.10696920583468396,0.893030794165316
11057,0.8107403545359749,0.10696920583468396,0.893030794165316
11058,0.810775112964894,0.10696920583468396,0.893030794165316
11059,0.810844629822732,0.10696920583468396,0.893030794165316
11060,0.810844629822732,0.1070040605775431,0.8929959394224569
11061,0.8108793882516511,0.1070040605775431,0.8929959394224569
11062,0.8108793882516511,0.10702148794897266,0.8929785120510273
11063,0.8109315258950296,0.10702148794897266,0.8929785120510273
11064,0.8109315258950296,0.10703891532040222,0.8929610846795978
11065,0.8110010427528676,0.10703891532040222,0.8929610846795978
11066,0.8110010427528676,0.10709119743469092,0.8929088025653091
11067,0.8110358011817865,0.10709119743469092,0.8929088025653091
11068,0.8110358011817865,0.10710862480612049,0.8928913751938795
11069,0.8110531803962461,0.10710862480612049,0.8928913751938795
11070,0.8110531803962461,0.10714347954897963,0.8928565204510204
11071,0.8111226972540841,0.10714347954897963,0.8928565204510204
11072,0.8111226972540841,0.10719576166326833,0.8928042383367316
11073,0.8111748348974627,0.10719576166326833,0.8928042383367316
11074,0.8111748348974627,0.10723061640612747,0.8927693835938726
11075,0.8111922141119221,0.10723061640612747,0.8927693835938726
11076,0.8111922141119221,0.10724804377755703,0.892751956222443
11077,0.8112095933263817,0.10724804377755703,0.892751956222443
11078,0.8112095933263817,0.1072654711489866,0.8927345288510133
11079,0.8113138686131387,0.1072654711489866,0.8927345288510133
11080,0.8113138686131387,0.1073177532632753,0.8926822467367247
11081,0.8113312478275982,0.1073177532632753,0.8926822467367247
11082,0.8113312478275982,0.10733518063470487,0.8926648193652951
11083,0.8113486270420577,0.10733518063470487,0.8926648193652951
11084,0.8113486270420577,0.10735260800613443,0.8926473919938656
11085,0.8114007646854362,0.10735260800613443,0.8926473919938656
11086,0.8114007646854362,0.107370035377564,0.892629964622436
11087,0.8114181438998957,0.107370035377564,0.892629964622436
11088,0.8114181438998957,0.10740489012042313,0.8925951098795769
11089,0.8115050399721933,0.10740489012042313,0.8925951098795769
11090,0.8115050399721933,0.10743974486328227,0.8925602551367178
11091,0.8115397984011122,0.10743974486328227,0.8925602551367178
11092,0.8115397984011122,0.10745717223471184,0.8925428277652881
11093,0.8115745568300313,0.10745717223471184,0.8925428277652881
11094,0.8115745568300313,0.10749202697757097,0.892507973022429
11095,0.8116093152589503,0.10749202697757097,0.892507973022429
11096,0.8116093152589503,0.10756173646328925,0.8924382635367107
11097,0.8116266944734098,0.10756173646328925,0.8924382635367107
11098,0.8116266944734098,0.10761401857757795,0.8923859814224221
11099,0.8116440736878693,0.10761401857757795,0.8923859814224221
11100,0.8116440736878693,0.10763144594900752,0.8923685540509925
11101,0.8116614529023288,0.10763144594900752,0.8923685540509925
11102,0.8116614529023288,0.10764887332043707,0.892351126679563
11103,0.8117135905457074,0.10764887332043707,0.892351126679563
11104,0.8117135905457074,0.10766630069186664,0.8923336993081333
11105,0.8117483489746263,0.10766630069186664,0.8923336993081333
11106,0.8117483489746263,0.10768372806329621,0.8923162719367038
11107,0.8118352450469238,0.10768372806329621,0.8923162719367038
11108,0.8118352450469238,0.10770115543472578,0.8922988445652742
11109,0.8118700034758429,0.10770115543472578,0.8922988445652742
11110,0.8118700034758429,0.10771858280615534,0.8922814171938447
11111,0.8119221411192215,0.10771858280615534,0.8922814171938447
11112,0.8119221411192215,0.10775343754901448,0.8922465624509855
11113,0.8119568995481404,0.10775343754901448,0.8922465624509855
11114,0.8119568995481404,0.10777086492044405,0.8922291350795559
11115,0.8119916579770594,0.10777086492044405,0.8922291350795559
11116,0.8119916579770594,0.10780571966330318,0.8921942803366968
11117,0.812009037191519,0.10780571966330318,0.8921942803366968
11118,0.812009037191519,0.10782314703473275,0.8921768529652673
11119,0.8120264164059785,0.10782314703473275,0.8921768529652673
11120,0.8120264164059785,0.10784057440616232,0.8921594255938377
11121,0.8120611748348975,0.10784057440616232,0.8921594255938377
11122,0.8120611748348975,0.10787542914902146,0.8921245708509785
11123,0.8120785540493569,0.10787542914902146,0.8921245708509785
11124,0.8120785540493569,0.10789285652045102,0.892107143479549
11125,0.8120959332638165,0.10789285652045102,0.892107143479549
11126,0.8120959332638165,0.10791028389188059,0.8920897161081194
11127,0.812113312478276,0.10791028389188059,0.8920897161081194
11128,0.812113312478276,0.10792771126331016,0.8920722887366899
11129,0.812148070907195,0.10792771126331016,0.8920722887366899
11130,0.812148070907195,0.10794513863473973,0.8920548613652602
11131,0.812182829336114,0.10794513863473973,0.8920548613652602
11132,0.812182829336114,0.10796256600616928,0.8920374339938307
11133,0.8122002085505735,0.10796256600616928,0.8920374339938307
11134,0.8122002085505735,0.10797999337759885,0.8920200066224011
11135,0.8123044838373306,0.10797999337759885,0.8920200066224011
11136,0.8123044838373306,0.10799742074902842,0.8920025792509716
11137,0.8123566214807091,0.10799742074902842,0.8920025792509716
11138,0.8123566214807091,0.10801484812045799,0.891985151879542
11139,0.812426138338547,0.10801484812045799,0.891985151879542
11140,0.812426138338547,0.10803227549188756,0.8919677245081125
11141,0.8124435175530066,0.10803227549188756,0.8919677245081125
11142,0.8124435175530066,0.10804970286331712,0.8919502971366828
11143,0.8124608967674661,0.10804970286331712,0.8919502971366828
11144,0.8124608967674661,0.10806713023474669,0.8919328697652533
11145,0.8125130344108447,0.10806713023474669,0.8919328697652533
11146,0.8125130344108447,0.10808455760617626,0.8919154423938237
11147,0.8125477928397636,0.10808455760617626,0.8919154423938237
11148,0.8125477928397636,0.10818912183475367,0.8918108781652463
11149,0.8125825512686826,0.10818912183475367,0.8918108781652463
11150,0.8125825512686826,0.10820654920618324,0.8917934507938168
11151,0.8127042057698992,0.10820654920618324,0.8917934507938168
11152,0.8127042057698992,0.10824140394904237,0.8917585960509576
11153,0.8127911018421967,0.10824140394904237,0.8917585960509576
11154,0.8127911018421967,0.1082762586919015,0.8917237413080985
11155,0.8128606187000348,0.1082762586919015,0.8917237413080985
11156,0.8128606187000348,0.10831111343476063,0.8916888865652394
11157,0.8129127563434133,0.10831111343476063,0.8916888865652394
11158,0.8129127563434133,0.10839825029190847,0.8916017497080915
11159,0.8129301355578727,0.10839825029190847,0.8916017497080915
11160,0.8129301355578727,0.10843310503476761,0.8915668949652324
11161,0.8129648939867918,0.10843310503476761,0.8915668949652324
11162,0.8129648939867918,0.10846795977762674,0.8915320402223732
11163,0.8129996524157108,0.10846795977762674,0.8915320402223732
11164,0.8129996524157108,0.10852024189191545,0.8914797581080846
11165,0.8130344108446298,0.10852024189191545,0.8914797581080846
11166,0.8130344108446298,0.10853766926334502,0.8914623307366549
11167,0.8130691692735489,0.10853766926334502,0.8914623307366549
11168,0.8130691692735489,0.10855509663477458,0.8914449033652254
11169,0.8131039277024679,0.10855509663477458,0.8914449033652254
11170,0.8131039277024679,0.10857252400620414,0.8914274759937959
11171,0.8131213069169273,0.10857252400620414,0.8914274759937959
11172,0.8131213069169273,0.1085899513776337,0.8914100486223663
11173,0.8131560653458464,0.1085899513776337,0.8914100486223663
11174,0.8131560653458464,0.10860737874906327,0.8913926212509368
11175,0.8131734445603058,0.10860737874906327,0.8913926212509368
11176,0.8131734445603058,0.10865966086335198,0.891340339136648
11177,0.8132082029892249,0.10865966086335198,0.891340339136648
11178,0.8132082029892249,0.10867708823478155,0.8913229117652185
11179,0.8132950990615224,0.10867708823478155,0.8913229117652185
11180,0.8132950990615224,0.10874679772049982,0.8912532022795002
11181,0.813486270420577,0.10874679772049982,0.8912532022795002
11182,0.813486270420577,0.10878165246335895,0.8912183475366411
11183,0.813521028849496,0.10878165246335895,0.8912183475366411
11184,0.813521028849496,0.10879907983478852,0.8912009201652115
11185,0.813555787278415,0.10879907983478852,0.8912009201652115
11186,0.813555787278415,0.10883393457764766,0.8911660654223523
11187,0.8136079249217936,0.10883393457764766,0.8911660654223523
11188,0.8136079249217936,0.10886878932050678,0.8911312106794932
11189,0.8136774417796315,0.10886878932050678,0.8911312106794932
11190,0.8136774417796315,0.10888621669193635,0.8911137833080637
11191,0.8137122002085506,0.10888621669193635,0.8911137833080637
11192,0.8137122002085506,0.10890364406336592,0.891096355936634
11193,0.8137469586374696,0.10890364406336592,0.891096355936634
11194,0.8137469586374696,0.10892107143479549,0.8910789285652045
11195,0.8137990962808481,0.10892107143479549,0.8910789285652045
11196,0.8137990962808481,0.10897335354908419,0.8910266464509158
11197,0.8138686131386861,0.10897335354908419,0.8910266464509158
11198,0.8138686131386861,0.10899078092051376,0.8910092190794863
11199,0.8138859923531456,0.10899078092051376,0.8910092190794863
11200,0.8138859923531456,0.10900820829194333,0.8909917917080566
11201,0.8139555092109837,0.10900820829194333,0.8909917917080566
11202,0.8139555092109837,0.1090256356633729,0.8909743643366271
11203,0.8140076468543622,0.1090256356633729,0.8909743643366271
11204,0.8140076468543622,0.10904306303480246,0.8909569369651975
11205,0.8140597844977407,0.10904306303480246,0.8909569369651975
11206,0.8140597844977407,0.1090779177776616,0.8909220822223384
11207,0.8140945429266597,0.1090779177776616,0.8909220822223384
11208,0.8140945429266597,0.10909534514909117,0.8909046548509089
11209,0.8141293013555787,0.10909534514909117,0.8909046548509089
11210,0.8141293013555787,0.1091301998919503,0.8908698001080497
11211,0.8141988182134168,0.1091301998919503,0.8908698001080497
11212,0.8142335766423358,0.1091301998919503,0.8908698001080497
11213,0.8142335766423358,0.10914762726337987,0.8908523727366201
11214,0.8142683350712547,0.10914762726337987,0.8908523727366201
11215,0.8142683350712547,0.10916505463480944,0.8908349453651906
11216,0.8143030935001738,0.10916505463480944,0.8908349453651906
11217,0.8143030935001738,0.10918248200623899,0.890817517993761
11218,0.8143204727146333,0.10918248200623899,0.890817517993761
11219,0.8143204727146333,0.10919990937766856,0.8908000906223315
11220,0.8143378519290928,0.10919990937766856,0.8908000906223315
11221,0.8143378519290928,0.1092347641205277,0.8907652358794723
11222,0.8143552311435523,0.1092347641205277,0.8907652358794723
11223,0.8143552311435523,0.10926961886338683,0.8907303811366132
11224,0.8143726103580118,0.10926961886338683,0.8907303811366132
11225,0.8143726103580118,0.10935675572053467,0.8906432442794653
11226,0.8143899895724713,0.10935675572053467,0.8906432442794653
11227,0.8143899895724713,0.10940903783482338,0.8905909621651766
11228,0.8144768856447688,0.10940903783482338,0.8905909621651766
11229,0.8144768856447688,0.10942646520625295,0.890573534793747
11230,0.8146332985749044,0.10942646520625295,0.890573534793747
11231,0.8146332985749044,0.10946131994911208,0.8905386800508879
11232,0.814650677789364,0.10946131994911208,0.8905386800508879
11233,0.814650677789364,0.10947874732054164,0.8905212526794584
11234,0.8147028154327425,0.10947874732054164,0.8905212526794584
11235,0.8147028154327425,0.10951360206340077,0.8904863979365992
11236,0.8147201946472019,0.10951360206340077,0.8904863979365992
11237,0.8147201946472019,0.10953102943483034,0.8904689705651696
11238,0.814754953076121,0.10953102943483034,0.8904689705651696
11239,0.814754953076121,0.10954845680625991,0.8904515431937401
11240,0.8148418491484185,0.10954845680625991,0.8904515431937401
11241,0.8148418491484185,0.10956588417768948,0.8904341158223106
11242,0.814963503649635,0.10956588417768948,0.8904341158223106
11243,0.814963503649635,0.10958331154911904,0.890416688450881
11244,0.8149982620785541,0.10958331154911904,0.890416688450881
11245,0.8149982620785541,0.10960073892054861,0.8903992610794513
11246,0.8150156412930135,0.10960073892054861,0.8903992610794513
11247,0.8150156412930135,0.10961816629197818,0.8903818337080218
11248,0.8151372957942301,0.10961816629197818,0.8903818337080218
11249,0.8151372957942301,0.10965302103483732,0.8903469789651627
11250,0.8151546750086897,0.10965302103483732,0.8903469789651627
11251,0.8151546750086897,0.10967044840626688,0.8903295515937331
11252,0.8152763295099061,0.10967044840626688,0.8903295515937331
11253,0.8152763295099061,0.10968787577769645,0.8903121242223035
11254,0.8152937087243657,0.10968787577769645,0.8903121242223035
11255,0.8152937087243657,0.10970530314912602,0.890294696850874
11256,0.8153979840111227,0.10970530314912602,0.890294696850874
11257,0.8153979840111227,0.10974015789198516,0.8902598421080148
11258,0.8154675008689607,0.10974015789198516,0.8902598421080148
11259,0.8154675008689607,0.10975758526341473,0.8902424147365853
11260,0.8154848800834202,0.10975758526341473,0.8902424147365853
11261,0.8154848800834202,0.10977501263484428,0.8902249873651558
11262,0.8155022592978798,0.10977501263484428,0.8902249873651558
11263,0.8155022592978798,0.10979244000627385,0.8902075599937261
11264,0.8155891553701773,0.10979244000627385,0.8902075599937261
11265,0.8155891553701773,0.10980986737770342,0.8901901326222966
11266,0.8156239137990963,0.10980986737770342,0.8901901326222966
11267,0.8156239137990963,0.10984472212056255,0.8901552778794375
11268,0.8156412930135558,0.10984472212056255,0.8901552778794375
11269,0.8156412930135558,0.10987957686342169,0.8901204231365784
11270,0.8156586722280152,0.10987957686342169,0.8901204231365784
11271,0.8156586722280152,0.10989700423485126,0.8901029957651487
11272,0.8156934306569343,0.10989700423485126,0.8901029957651487
11273,0.8156934306569343,0.10991443160628082,0.8900855683937192
11274,0.8157455683003129,0.10991443160628082,0.8900855683937192
11275,0.8157455683003129,0.10993185897771039,0.8900681410222896
11276,0.8158150851581508,0.10993185897771039,0.8900681410222896
11277,0.8158150851581508,0.10994928634913996,0.8900507136508601
11278,0.8158324643726104,0.10994928634913996,0.8900507136508601
11279,0.8158324643726104,0.10996671372056953,0.8900332862794305
11280,0.8159019812304484,0.10996671372056953,0.8900332862794305
11281,0.8159019812304484,0.1099841410919991,0.890015858908001
11282,0.8159367396593674,0.1099841410919991,0.890015858908001
11283,0.8159367396593674,0.11000156846342866,0.8899984315365713
11284,0.8159541188738269,0.11000156846342866,0.8899984315365713
11285,0.8159541188738269,0.11001899583485823,0.8899810041651418
11286,0.8159714980882864,0.11001899583485823,0.8899810041651418
11287,0.8159714980882864,0.1101409874348652,0.8898590125651348
11288,0.816093152589503,0.1101409874348652,0.8898590125651348
11289,0.816093152589503,0.1101932695491539,0.8898067304508461
11290,0.8161105318039624,0.1101932695491539,0.8898067304508461
11291,0.8161105318039624,0.11021069692058347,0.8897893030794165
11292,0.816127911018422,0.11021069692058347,0.8897893030794165
11293,0.816127911018422,0.11022812429201304,0.889771875707987
11294,0.816232186305179,0.11022812429201304,0.889771875707987
11295,0.816232186305179,0.11026297903487217,0.8897370209651279
11296,0.8162495655196386,0.11026297903487217,0.8897370209651279
11297,0.8162495655196386,0.11028040640630174,0.8897195935936982
11298,0.816266944734098,0.11028040640630174,0.8897195935936982
11299,0.816266944734098,0.11031526114916088,0.8896847388508391
11300,0.8162843239485575,0.11031526114916088,0.8896847388508391
11301,0.8162843239485575,0.11035011589202001,0.88964988410798
11302,0.816301703163017,0.11035011589202001,0.88964988410798
11303,0.816301703163017,0.11036754326344958,0.8896324567365504
11304,0.816405978449774,0.11036754326344958,0.8896324567365504
11305,0.816405978449774,0.11038497063487913,0.8896150293651208
11306,0.8164233576642336,0.11038497063487913,0.8896150293651208
11307,0.8164233576642336,0.1104023980063087,0.8895976019936913
11308,0.8164928745220716,0.1104023980063087,0.8895976019936913
11309,0.8164928745220716,0.1104546801205974,0.8895453198794026
11310,0.8165797705943691,0.1104546801205974,0.8895453198794026
11311,0.8165797705943691,0.11047210749202697,0.889527892507973
11312,0.8167014250955856,0.11047210749202697,0.889527892507973
11313,0.8167014250955856,0.11048953486345654,0.8895104651365434
11314,0.8167188043100452,0.11048953486345654,0.8895104651365434
11315,0.8167188043100452,0.11050696223488611,0.8894930377651139
11316,0.8167361835245047,0.11050696223488611,0.8894930377651139
11317,0.8167361835245047,0.11052438960631568,0.8894756103936843
11318,0.8167883211678832,0.11052438960631568,0.8894756103936843
11319,0.8167883211678832,0.11055924434917482,0.8894407556508251
11320,0.8168057003823427,0.11055924434917482,0.8894407556508251
11321,0.8168057003823427,0.11057667172060438,0.8894233282793956
11322,0.8170316301703163,0.11057667172060438,0.8894233282793956
11323,0.8170316301703163,0.11059409909203395,0.889405900907966
11324,0.8171185262426138,0.11059409909203395,0.889405900907966
11325,0.8171185262426138,0.11062895383489309,0.8893710461651069
11326,0.8172054223149113,0.11062895383489309,0.8893710461651069
11327,0.8172054223149113,0.11064638120632266,0.8893536187936774
11328,0.8172228015293709,0.11064638120632266,0.8893536187936774
11329,0.8172228015293709,0.11066380857775222,0.8893361914222477
11330,0.8172401807438304,0.11066380857775222,0.8893361914222477
11331,0.8172401807438304,0.11068123594918179,0.8893187640508182
11332,0.817292318387209,0.11068123594918179,0.8893187640508182
11333,0.817292318387209,0.11071609069204091,0.8892839093079591
11334,0.8173096976016684,0.11071609069204091,0.8892839093079591
11335,0.8173096976016684,0.11076837280632962,0.8892316271936704
11336,0.8173270768161279,0.11076837280632962,0.8892316271936704
11337,0.8173270768161279,0.11080322754918875,0.8891967724508112
11338,0.8173444560305874,0.11080322754918875,0.8891967724508112
11339,0.8173444560305874,0.11082065492061832,0.8891793450793817
11340,0.8173618352450469,0.11082065492061832,0.8891793450793817
11341,0.8173618352450469,0.11083808229204789,0.8891619177079522
11342,0.8173965936739659,0.11083808229204789,0.8891619177079522
11343,0.8173965936739659,0.11085550966347746,0.8891444903365225
11344,0.8174139728884254,0.11085550966347746,0.8891444903365225
11345,0.8174139728884254,0.11087293703490703,0.8891270629650929
11346,0.8174487313173444,0.11087293703490703,0.8891270629650929
11347,0.8174487313173444,0.1108903644063366,0.8891096355936634
11348,0.817466110531804,0.1108903644063366,0.8891096355936634
11349,0.817466110531804,0.11090779177776616,0.8890922082222339
11350,0.8174834897462635,0.11090779177776616,0.8890922082222339
11351,0.8174834897462635,0.11092521914919573,0.8890747808508043
11352,0.8175008689607229,0.11092521914919573,0.8890747808508043
11353,0.8175008689607229,0.11096007389205487,0.8890399261079451
11354,0.817535627389642,0.11096007389205487,0.8890399261079451
11355,0.817535627389642,0.11097750126348443,0.8890224987365156
11356,0.8175530066041015,0.11097750126348443,0.8890224987365156
11357,0.8175530066041015,0.11099492863491399,0.889005071365086
11358,0.8176225234619395,0.11099492863491399,0.889005071365086
11359,0.8176225234619395,0.11106463812063226,0.8889353618793677
11360,0.8176399026763991,0.11106463812063226,0.8889353618793677
11361,0.8176399026763991,0.11108206549206183,0.8889179345079382
11362,0.8176746611053181,0.11108206549206183,0.8889179345079382
11363,0.8176746611053181,0.1110994928634914,0.8889005071365086
11364,0.817709419534237,0.1110994928634914,0.8889005071365086
11365,0.817709419534237,0.11113434760635053,0.8888656523936495
11366,0.8177615571776156,0.11113434760635053,0.8888656523936495
11367,0.8177615571776156,0.11116920234920967,0.8888307976507903
11368,0.8177789363920751,0.11116920234920967,0.8888307976507903
11369,0.8177789363920751,0.11118662972063924,0.8888133702793608
11370,0.8177963156065345,0.11118662972063924,0.8888133702793608
11371,0.8177963156065345,0.11122148446349837,0.8887785155365017
11372,0.8178832116788322,0.11122148446349837,0.8887785155365017
11373,0.8178832116788322,0.11123891183492794,0.888761088165072
11374,0.8179179701077511,0.11123891183492794,0.888761088165072
11375,0.8179179701077511,0.11125633920635751,0.8887436607936425
11376,0.8180048661800486,0.11125633920635751,0.8887436607936425
11377,0.8180048661800486,0.11127376657778708,0.8887262334222129
11378,0.8180396246089676,0.11127376657778708,0.8887262334222129
11379,0.8180396246089676,0.11129119394921665,0.8887088060507834
11380,0.8181265206812652,0.11129119394921665,0.8887088060507834
11381,0.8181265206812652,0.11132604869207577,0.8886739513079243
11382,0.8181438998957247,0.11132604869207577,0.8886739513079243
11383,0.8181438998957247,0.11134347606350534,0.8886565239364946
11384,0.8181786583246438,0.11134347606350534,0.8886565239364946
11385,0.8181786583246438,0.11141318554922361,0.8885868144507764
11386,0.8181960375391032,0.11141318554922361,0.8885868144507764
11387,0.8181960375391032,0.11146546766351231,0.8885345323364877
11388,0.8182307959680223,0.11146546766351231,0.8885345323364877
11389,0.8182307959680223,0.11148289503494188,0.8885171049650581
11390,0.8183698296836983,0.11148289503494188,0.8885171049650581
11391,0.8183698296836983,0.11151774977780102,0.888482250222199
11392,0.8183872088981579,0.11151774977780102,0.888482250222199
11393,0.8183872088981579,0.11153517714923059,0.8884648228507694
11394,0.8184045881126173,0.11153517714923059,0.8884648228507694
11395,0.8184045881126173,0.11157003189208972,0.8884299681079103
11396,0.8184219673270768,0.11157003189208972,0.8884299681079103
11397,0.8184219673270768,0.11158745926351929,0.8884125407364807
11398,0.8185436218282933,0.11158745926351929,0.8884125407364807
11399,0.8185436218282933,0.11160488663494884,0.8883951133650512
11400,0.8185610010427529,0.11160488663494884,0.8883951133650512
11401,0.8185610010427529,0.11167459612066712,0.8883254038793329
11402,0.8185783802572124,0.11167459612066712,0.8883254038793329
11403,0.8185783802572124,0.11170945086352625,0.8882905491364738
11404,0.8186826555439695,0.11170945086352625,0.8882905491364738
11405,0.8186826555439695,0.11174430560638539,0.8882556943936146
11406,0.8187000347584289,0.11174430560638539,0.8882556943936146
11407,0.8187000347584289,0.11176173297781496,0.888238267022185
11408,0.818734793187348,0.11176173297781496,0.888238267022185
11409,0.818734793187348,0.11186629720639236,0.8881337027936076
11410,0.8187521724018074,0.11186629720639236,0.8881337027936076
11411,0.8187521724018074,0.11188372457782193,0.8881162754221781
11412,0.8187869308307264,0.11188372457782193,0.8881162754221781
11413,0.8187869308307264,0.11195343406354019,0.8880465659364598
11414,0.8188390684741049,0.11195343406354019,0.8880465659364598
11415,0.8188390684741049,0.11197086143496976,0.8880291385650303
11416,0.8188564476885645,0.11197086143496976,0.8880291385650303
11417,0.8188564476885645,0.11198828880639933,0.8880117111936007
11418,0.818873826903024,0.11198828880639933,0.8880117111936007
11419,0.818873826903024,0.1120579982921176,0.8879420017078824
11420,0.818908585331943,0.1120579982921176,0.8879420017078824
11421,0.818908585331943,0.11209285303497674,0.8879071469650233
11422,0.8189781021897811,0.11209285303497674,0.8879071469650233
11423,0.8189781021897811,0.1121102804064063,0.8878897195935938
11424,0.8190128606187,0.1121102804064063,0.8878897195935938
11425,0.8190128606187,0.11212770777783587,0.8878722922221641
11426,0.819047619047619,0.11212770777783587,0.8878722922221641
11427,0.819047619047619,0.11216256252069501,0.887837437479305
11428,0.8190823774765381,0.11216256252069501,0.887837437479305
11429,0.8190823774765381,0.11223227200641327,0.8877677279935867
11430,0.8190997566909975,0.11223227200641327,0.8877677279935867
11431,0.8190997566909975,0.11230198149213154,0.8876980185078684
11432,0.8191171359054571,0.11230198149213154,0.8876980185078684
11433,0.8191171359054571,0.11233683623499068,0.8876631637650093
11434,0.819186652763295,0.11233683623499068,0.8876631637650093
11435,0.819186652763295,0.11235426360642024,0.8876457363935798
11436,0.8192387904066736,0.11235426360642024,0.8876457363935798
11437,0.8192387904066736,0.11237169097784981,0.8876283090221502
11438,0.8192561696211331,0.11237169097784981,0.8876283090221502
11439,0.8192561696211331,0.11242397309213852,0.8875760269078615
11440,0.8193430656934306,0.11242397309213852,0.8875760269078615
11441,0.8193430656934306,0.11249368257785679,0.8875063174221433
11442,0.8193604449078902,0.11249368257785679,0.8875063174221433
11443,0.8193604449078902,0.11252853732071591,0.8874714626792841
11444,0.8193952033368092,0.11252853732071591,0.8874714626792841
11445,0.8193952033368092,0.11254596469214548,0.8874540353078545
11446,0.8194647201946472,0.11254596469214548,0.8874540353078545
11447,0.8194647201946472,0.11261567417786375,0.8873843258221362
11448,0.8195863746958637,0.11261567417786375,0.8873843258221362
11449,0.8195863746958637,0.11265052892072289,0.8873494710792771
11450,0.8196211331247828,0.11265052892072289,0.8873494710792771
11451,0.8196211331247828,0.11266795629215245,0.8873320437078476
11452,0.8196385123392422,0.11266795629215245,0.8873320437078476
11453,0.8196385123392422,0.11272023840644116,0.8872797615935588
11454,0.8196558915537018,0.11272023840644116,0.8872797615935588
11455,0.8196558915537018,0.11273766577787073,0.8872623342221293
11456,0.8197080291970803,0.11273766577787073,0.8872623342221293
11457,0.8197080291970803,0.1127550931493003,0.8872449068506997
11458,0.8197427876259993,0.1127550931493003,0.8872449068506997
11459,0.8197427876259993,0.11278994789215943,0.8872100521078405
11460,0.8197601668404588,0.11278994789215943,0.8872100521078405
11461,0.8197601668404588,0.112807375263589,0.887192624736411
11462,0.8197775460549184,0.112807375263589,0.887192624736411
11463,0.8197775460549184,0.11282480263501855,0.8871751973649814
11464,0.8198296836982968,0.11282480263501855,0.8871751973649814
11465,0.8198296836982968,0.11284223000644812,0.8871577699935519
11466,0.8198470629127563,0.11284223000644812,0.8871577699935519
11467,0.8198470629127563,0.11285965737787769,0.8871403426221223
11468,0.8198644421272159,0.11285965737787769,0.8871403426221223
11469,0.8198644421272159,0.1129119394921664,0.8870880605078336
11470,0.8199339589850538,0.1129119394921664,0.8870880605078336
11471,0.8199339589850538,0.11292936686359596,0.887070633136404
11472,0.8199860966284324,0.11292936686359596,0.887070633136404
11473,0.8199860966284324,0.11294679423502553,0.8870532057649745
11474,0.8200208550573514,0.11294679423502553,0.8870532057649745
11475,0.8200208550573514,0.1129642216064551,0.8870357783935449
11476,0.8200556134862704,0.1129642216064551,0.8870357783935449
11477,0.8200556134862704,0.11299907634931423,0.8870009236506857
11478,0.8200903719151894,0.11299907634931423,0.8870009236506857
11479,0.8200903719151894,0.1130165037207438,0.8869834962792562
11480,0.820107751129649,0.1130165037207438,0.8869834962792562
11481,0.820107751129649,0.11303393109217337,0.8869660689078266
11482,0.8201251303441085,0.11303393109217337,0.8869660689078266
11483,0.8201251303441085,0.11305135846360294,0.8869486415363971
11484,0.820212026416406,0.11305135846360294,0.8869486415363971
11485,0.820212026416406,0.11310364057789164,0.8868963594221083
11486,0.820246784845325,0.11310364057789164,0.8868963594221083
11487,0.820246784845325,0.11312106794932121,0.8868789320506788
11488,0.820281543274244,0.11312106794932121,0.8868789320506788
11489,0.820281543274244,0.11313849532075076,0.8868615046792492
11490,0.8202989224887035,0.11313849532075076,0.8868615046792492
11491,0.8202989224887035,0.11315592269218033,0.8868440773078197
11492,0.8203684393465416,0.11315592269218033,0.8868440773078197
11493,0.8203684393465416,0.11326048692075774,0.8867395130792423
11494,0.8204031977754606,0.11326048692075774,0.8867395130792423
11495,0.8204031977754606,0.11327791429218731,0.8867220857078126
11496,0.8205596107055961,0.11327791429218731,0.8867220857078126
11497,0.8205596107055961,0.11329534166361688,0.8867046583363831
11498,0.8205769899200556,0.11329534166361688,0.8867046583363831
11499,0.8205769899200556,0.11331276903504645,0.8866872309649536
11500,0.8205943691345151,0.11331276903504645,0.8866872309649536
11501,0.8205943691345151,0.11333019640647601,0.886669803593524
11502,0.8206117483489747,0.11333019640647601,0.886669803593524
11503,0.8206117483489747,0.11334762377790558,0.8866523762220944
11504,0.8206291275634341,0.11334762377790558,0.8866523762220944
11505,0.8206291275634341,0.11338247852076472,0.8866175214792353
11506,0.8206812652068126,0.11338247852076472,0.8866175214792353
11507,0.8206812652068126,0.11341733326362385,0.8865826667363761
11508,0.8207681612791102,0.11341733326362385,0.8865826667363761
11509,0.8207681612791102,0.11343476063505341,0.8865652393649466
11510,0.8208376781369482,0.11343476063505341,0.8865652393649466
11511,0.8208376781369482,0.11348704274934211,0.8865129572506579
11512,0.8209245742092457,0.11348704274934211,0.8865129572506579
11513,0.8209245742092457,0.11350447012077168,0.8864955298792283
11514,0.8209767118526242,0.11350447012077168,0.8864955298792283
11515,0.8209767118526242,0.11352189749220125,0.8864781025077988
11516,0.8210636079249218,0.11352189749220125,0.8864781025077988
11517,0.8210636079249218,0.11355675223506038,0.8864432477649397
11518,0.8210983663538408,0.11355675223506038,0.8864432477649397
11519,0.8210983663538408,0.11359160697791952,0.8864083930220805
11520,0.8212026416405979,0.11359160697791952,0.8864083930220805
11521,0.8212026416405979,0.11360903434934909,0.8863909656506509
11522,0.8212547792839764,0.11360903434934909,0.8863909656506509
11523,0.8212547792839764,0.11364388909220823,0.8863561109077918
11524,0.8213590545707334,0.11364388909220823,0.8863561109077918
11525,0.8213590545707334,0.11367874383506736,0.8863212561649326
11526,0.8213764337851929,0.11367874383506736,0.8863212561649326
11527,0.8213764337851929,0.1137135985779265,0.8862864014220735
11528,0.821411192214112,0.1137135985779265,0.8862864014220735
11529,0.821411192214112,0.11373102594935607,0.886268974050644
11530,0.8214807090719499,0.11373102594935607,0.886268974050644
11531,0.8214807090719499,0.11374845332078562,0.8862515466792144
11532,0.8214980882864095,0.11374845332078562,0.8862515466792144
11533,0.8214980882864095,0.11376588069221519,0.8862341193077848
11534,0.821584984358707,0.11376588069221519,0.8862341193077848
11535,0.821584984358707,0.11383559017793346,0.8861644098220666
11536,0.8216023635731665,0.11383559017793346,0.8861644098220666
11537,0.8216023635731665,0.11385301754936303,0.8861469824506369
11538,0.8216371220020855,0.11385301754936303,0.8861469824506369
11539,0.8216371220020855,0.1138704449207926,0.8861295550792074
11540,0.8216718804310045,0.1138704449207926,0.8861295550792074
11541,0.8216718804310045,0.11390529966365173,0.8860947003363483
11542,0.8217413972888425,0.11390529966365173,0.8860947003363483
11543,0.8217413972888425,0.1139227270350813,0.8860772729649187
11544,0.8217935349322211,0.1139227270350813,0.8860772729649187
11545,0.8217935349322211,0.11395758177794044,0.8860424182220595
11546,0.8218456725755996,0.11395758177794044,0.8860424182220595
11547,0.8218456725755996,0.11400986389222914,0.8859901361077709
11548,0.8218804310045186,0.11400986389222914,0.8859901361077709
11549,0.8218804310045186,0.11402729126365871,0.8859727087363413
11550,0.8219847062912756,0.11402729126365871,0.8859727087363413
11551,0.8219847062912756,0.11404471863508826,0.8859552813649118
11552,0.8220368439346541,0.11404471863508826,0.8859552813649118
11553,0.8220368439346541,0.1140795733779474,0.8859204266220526
11554,0.8220542231491137,0.1140795733779474,0.8859204266220526
11555,0.8220542231491137,0.11409700074937697,0.885902999250623
11556,0.8221063607924922,0.11409700074937697,0.885902999250623
11557,0.8221063607924922,0.1141318554922361,0.8858681445077639
11558,0.8221758776503302,0.1141318554922361,0.8858681445077639
11559,0.8221758776503302,0.11414928286366567,0.8858507171363343
11560,0.8222801529370872,0.11414928286366567,0.8858507171363343
11561,0.8222801529370872,0.11418413760652481,0.8858158623934752
11562,0.8222975321515468,0.11418413760652481,0.8858158623934752
11563,0.8222975321515468,0.11420156497795438,0.8857984350220456
11564,0.8223322905804658,0.11420156497795438,0.8857984350220456
11565,0.8223322905804658,0.11423641972081351,0.8857635802791864
11566,0.8223670490093847,0.11423641972081351,0.8857635802791864
11567,0.8223670490093847,0.11425384709224308,0.8857461529077569
11568,0.8223844282238443,0.11425384709224308,0.8857461529077569
11569,0.8223844282238443,0.11427127446367265,0.8857287255363273
11570,0.8224539450816823,0.11427127446367265,0.8857287255363273
11571,0.8224539450816823,0.11428870183510222,0.8857112981648978
11572,0.8225060827250609,0.11428870183510222,0.8857112981648978
11573,0.8225060827250609,0.11430612920653178,0.8856938707934682
11574,0.8225234619395203,0.11430612920653178,0.8856938707934682
11575,0.8225234619395203,0.11434098394939092,0.885659016050609
11576,0.8225755995828988,0.11434098394939092,0.885659016050609
11577,0.8225755995828988,0.11435841132082047,0.8856415886791795
11578,0.8226103580118178,0.11435841132082047,0.8856415886791795
11579,0.8226103580118178,0.11439326606367961,0.8856067339363204
11580,0.8226277372262774,0.11439326606367961,0.8856067339363204
11581,0.8226277372262774,0.11444554817796831,0.8855544518220317
11582,0.8226624956551963,0.11444554817796831,0.8855544518220317
11583,0.8226624956551963,0.11446297554939788,0.8855370244506021
11584,0.8229753215154675,0.11446297554939788,0.8855370244506021
11585,0.8229753215154675,0.11448040292082745,0.8855195970791725
11586,0.822992700729927,0.11448040292082745,0.8855195970791725
11587,0.822992700729927,0.11449783029225702,0.885502169707743
11588,0.823027459158846,0.11449783029225702,0.885502169707743
11589,0.823027459158846,0.11451525766368659,0.8854847423363135
11590,0.8230448383733056,0.11451525766368659,0.8854847423363135
11591,0.8230448383733056,0.11456753977797529,0.8854324602220247
11592,0.8230969760166841,0.11456753977797529,0.8854324602220247
11593,0.8230969760166841,0.11458496714940486,0.8854150328505952
11594,0.8231491136600626,0.11458496714940486,0.8854150328505952
11595,0.8231491136600626,0.114619821892264,0.885380178107736
11596,0.8231838720889816,0.114619821892264,0.885380178107736
11597,0.8231838720889816,0.11463724926369356,0.8853627507363064
11598,0.8232186305179006,0.11463724926369356,0.8853627507363064
11599,0.8232186305179006,0.11465467663512312,0.8853453233648769
11600,0.8234271810914147,0.11465467663512312,0.8853453233648769
11601,0.8234271810914147,0.11467210400655269,0.8853278959934473
11602,0.8234793187347932,0.11467210400655269,0.8853278959934473
11603,0.8234793187347932,0.11468953137798225,0.8853104686220178
11604,0.8234966979492527,0.11468953137798225,0.8853104686220178
11605,0.8234966979492527,0.11472438612084139,0.8852756138791587
11606,0.8235140771637122,0.11472438612084139,0.8852756138791587
11607,0.8235140771637122,0.11474181349227096,0.885258186507729
11608,0.8235662148070907,0.11474181349227096,0.885258186507729
11609,0.8235662148070907,0.11475924086370053,0.8852407591362995
11610,0.8236183524504692,0.11475924086370053,0.8852407591362995
11611,0.8236183524504692,0.1147766682351301,0.8852233317648699
11612,0.8236531108793883,0.1147766682351301,0.8852233317648699
11613,0.8236531108793883,0.11484637772084837,0.8851536222791516
11614,0.8237573861661452,0.11484637772084837,0.8851536222791516
11615,0.8237573861661452,0.1148812324637075,0.8851187675362925
11616,0.8237747653806048,0.1148812324637075,0.8851187675362925
11617,0.8237747653806048,0.11491608720656664,0.8850839127934333
11618,0.8237921445950643,0.11491608720656664,0.8850839127934333
11619,0.8237921445950643,0.11495094194942578,0.8850490580505742
11620,0.8238442822384429,0.11495094194942578,0.8850490580505742
11621,0.8238442822384429,0.1149857966922849,0.8850142033077151
11622,0.8239833159541189,0.1149857966922849,0.8850142033077151
11623,0.8240180743830379,0.1149857966922849,0.8850142033077151
11624,0.8240180743830379,0.11500322406371447,0.8849967759362856
11625,0.8240702120264164,0.11500322406371447,0.8849967759362856
11626,0.8240702120264164,0.11502065143514403,0.8849793485648559
11627,0.8240875912408759,0.11502065143514403,0.8849793485648559
11628,0.8240875912408759,0.11505550617800317,0.8849444938219968
11629,0.8241223496697949,0.11505550617800317,0.8849444938219968
11630,0.8241223496697949,0.11507293354943274,0.8849270664505673
11631,0.8241397288842545,0.11507293354943274,0.8849270664505673
11632,0.8241397288842545,0.11510778829229187,0.8848922117077082
11633,0.8241744873131734,0.11510778829229187,0.8848922117077082
11634,0.8241744873131734,0.11521235252086928,0.8847876474791307
11635,0.824191866527633,0.11521235252086928,0.8847876474791307
11636,0.824191866527633,0.11522977989229885,0.8847702201077011
11637,0.8242092457420924,0.11522977989229885,0.8847702201077011
11638,0.8242092457420924,0.11526463463515797,0.884735365364842
11639,0.824226624956552,0.11526463463515797,0.884735365364842
11640,0.824226624956552,0.11531691674944668,0.8846830832505533
11641,0.8242787625999305,0.11531691674944668,0.8846830832505533
11642,0.8242787625999305,0.11533434412087624,0.8846656558791237
11643,0.824365658672228,0.11533434412087624,0.8846656558791237
11644,0.824365658672228,0.11535177149230581,0.8846482285076942
11645,0.8243830378866875,0.11535177149230581,0.8846482285076942
11646,0.8243830378866875,0.11536919886373538,0.8846308011362646
11647,0.8244525547445255,0.11536919886373538,0.8846308011362646
11648,0.8244525547445255,0.11538662623516495,0.8846133737648351
11649,0.8244873131734446,0.11538662623516495,0.8846133737648351
11650,0.8244873131734446,0.11540405360659452,0.8845959463934054
11651,0.824504692387904,0.11540405360659452,0.8845959463934054
11652,0.824504692387904,0.11543890834945365,0.8845610916505463
11653,0.8245220716023636,0.11543890834945365,0.8845610916505463
11654,0.8245220716023636,0.11547376309231279,0.8845262369076872
11655,0.8245394508168231,0.11547376309231279,0.8845262369076872
11656,0.8245394508168231,0.11549119046374236,0.8845088095362577
11657,0.8245568300312826,0.11549119046374236,0.8845088095362577
11658,0.8245568300312826,0.11550861783517193,0.884491382164828
11659,0.8245915884602016,0.11550861783517193,0.884491382164828
11660,0.8245915884602016,0.11554347257803106,0.8844565274219689
11661,0.8246089676746611,0.11554347257803106,0.8844565274219689
11662,0.8246089676746611,0.11556089994946062,0.8844391000505394
11663,0.8246437261035802,0.11556089994946062,0.8844391000505394
11664,0.8246437261035802,0.11557832732089018,0.8844216726791099
11665,0.8246611053180396,0.11557832732089018,0.8844216726791099
11666,0.8246611053180396,0.11561318206374932,0.8843868179362506
11667,0.8247827598192562,0.11561318206374932,0.8843868179362506
11668,0.8247827598192562,0.11563060943517889,0.8843693905648211
11669,0.8248348974626347,0.11563060943517889,0.8843693905648211
11670,0.8248348974626347,0.11564803680660846,0.8843519631933916
11671,0.8248696558915537,0.11564803680660846,0.8843519631933916
11672,0.8248696558915537,0.11568289154946759,0.8843171084505324
11673,0.8249739311783107,0.11568289154946759,0.8843171084505324
11674,0.8249739311783107,0.11571774629232673,0.8842822537076733
11675,0.8250260688216893,0.11571774629232673,0.8842822537076733
11676,0.8250260688216893,0.1157351736637563,0.8842648263362437
11677,0.8250955856795272,0.1157351736637563,0.8842648263362437
11678,0.8250955856795272,0.11575260103518586,0.8842473989648141
11679,0.8251477233229058,0.11575260103518586,0.8842473989648141
11680,0.8251477233229058,0.11577002840661543,0.8842299715933846
11681,0.8251651025373653,0.11577002840661543,0.8842299715933846
11682,0.8251651025373653,0.11582231052090414,0.8841776894790958
11683,0.8251824817518248,0.11582231052090414,0.8841776894790958
11684,0.8251824817518248,0.1158397378923337,0.8841602621076663
11685,0.8252172401807438,0.1158397378923337,0.8841602621076663
11686,0.8252172401807438,0.11587459263519283,0.8841254073648072
11687,0.8252867570385819,0.11587459263519283,0.8841254073648072
11688,0.8252867570385819,0.1158920200066224,0.8841079799933776
11689,0.8253215154675009,0.1158920200066224,0.8841079799933776
11690,0.8253215154675009,0.11590944737805196,0.884090552621948
11691,0.8254084115397984,0.11590944737805196,0.884090552621948
11692,0.8254084115397984,0.11592687474948153,0.8840731252505185
11693,0.825530066041015,0.11592687474948153,0.8840731252505185
11694,0.825530066041015,0.1159443021209111,0.8840556978790889
11695,0.8255822036843935,0.1159443021209111,0.8840556978790889
11696,0.8255822036843935,0.11596172949234067,0.8840382705076594
11697,0.8256169621133125,0.11596172949234067,0.8840382705076594
11698,0.8256169621133125,0.11597915686377024,0.8840208431362298
11699,0.8256517205422315,0.11597915686377024,0.8840208431362298
11700,0.8256517205422315,0.11603143897805894,0.8839685610219411
11701,0.8256864789711506,0.11603143897805894,0.8839685610219411
11702,0.8256864789711506,0.11606629372091808,0.883933706279082
11703,0.82570385818561,0.11606629372091808,0.883933706279082
11704,0.82570385818561,0.11610114846377721,0.8838988515362228
11705,0.8257212374000695,0.11610114846377721,0.8838988515362228
11706,0.8257212374000695,0.11611857583520678,0.8838814241647932
11707,0.8257559958289885,0.11611857583520678,0.8838814241647932
11708,0.8257559958289885,0.11615343057806592,0.8838465694219341
11709,0.8258255126868266,0.11615343057806592,0.8838465694219341
11710,0.8258255126868266,0.11617085794949547,0.8838291420505046
11711,0.8259297879735836,0.11617085794949547,0.8838291420505046
11712,0.8259297879735836,0.1162057126923546,0.8837942873076454
11713,0.8259819256169622,0.1162057126923546,0.8837942873076454
11714,0.8259819256169622,0.11624056743521374,0.8837594325647863
11715,0.8259993048314216,0.11624056743521374,0.8837594325647863
11716,0.8259993048314216,0.11627542217807288,0.8837245778219271
11717,0.8260340632603407,0.11627542217807288,0.8837245778219271
11718,0.8260340632603407,0.11629284954950245,0.8837071504504975
11719,0.8260688216892597,0.11629284954950245,0.8837071504504975
11720,0.8260688216892597,0.11631027692093202,0.883689723079068
11721,0.8261383385470976,0.11631027692093202,0.883689723079068
11722,0.8261383385470976,0.11634513166379115,0.8836548683362089
11723,0.8261730969760167,0.11634513166379115,0.8836548683362089
11724,0.8261730969760167,0.11637998640665029,0.8836200135933497
11725,0.8262252346193952,0.11637998640665029,0.8836200135933497
11726,0.8262252346193952,0.11639741377807986,0.8836025862219201
11727,0.8262426138338547,0.11639741377807986,0.8836025862219201
11728,0.8262426138338547,0.11641484114950942,0.8835851588504906
11729,0.8263121306916927,0.11641484114950942,0.8835851588504906
11730,0.8263121306916927,0.11643226852093899,0.883567731479061
11731,0.8263468891206117,0.11643226852093899,0.883567731479061
11732,0.8263468891206117,0.11644969589236856,0.8835503041076315
11733,0.8263816475495308,0.11644969589236856,0.8835503041076315
11734,0.8263816475495308,0.11648455063522768,0.8835154493647723
11735,0.8264337851929093,0.11648455063522768,0.8835154493647723
11736,0.8264337851929093,0.11651940537808682,0.8834805946219132
11737,0.8264511644073688,0.11651940537808682,0.8834805946219132
11738,0.8264511644073688,0.11653683274951639,0.8834631672504836
11739,0.8264685436218283,0.11653683274951639,0.8834631672504836
11740,0.8264685436218283,0.11655426012094595,0.8834457398790541
11741,0.8264859228362877,0.11655426012094595,0.8834457398790541
11742,0.8264859228362877,0.11660654223523466,0.8833934577647653
11743,0.8266075773375043,0.11660654223523466,0.8833934577647653
11744,0.8266075773375043,0.1166413969780938,0.8833586030219062
11745,0.8266423357664233,0.1166413969780938,0.8833586030219062
11746,0.8266423357664233,0.11665882434952336,0.8833411756504767
11747,0.8266597149808829,0.11665882434952336,0.8833411756504767
11748,0.8266597149808829,0.11667625172095293,0.883323748279047
11749,0.8267292318387209,0.11667625172095293,0.883323748279047
11750,0.8267292318387209,0.1166936790923825,0.8833063209076175
11751,0.8267466110531804,0.1166936790923825,0.8833063209076175
11752,0.8267466110531804,0.11676338857810077,0.8832366114218992
11753,0.8267639902676399,0.11676338857810077,0.8832366114218992
11754,0.8267639902676399,0.11678081594953033,0.8832191840504697
11755,0.8267813694820995,0.11678081594953033,0.8832191840504697
11756,0.8267813694820995,0.1167982433209599,0.8832017566790401
11757,0.8268508863399374,0.1167982433209599,0.8832017566790401
11758,0.8268508863399374,0.11683309806381903,0.883166901936181
11759,0.8269204031977755,0.11683309806381903,0.883166901936181
11760,0.8269204031977755,0.1169028075495373,0.8830971924504627
11761,0.8269899200556134,0.1169028075495373,0.8830971924504627
11762,0.8269899200556134,0.11692023492096687,0.8830797650790332
11763,0.827007299270073,0.11692023492096687,0.8830797650790332
11764,0.827007299270073,0.11693766229239644,0.8830623377076036
11765,0.8270594369134515,0.11693766229239644,0.8830623377076036
11766,0.8270594369134515,0.116955089663826,0.8830449103361739
11767,0.8271289537712896,0.116955089663826,0.8830449103361739
11768,0.8271289537712896,0.11698994440668514,0.8830100555933149
11769,0.8272158498435871,0.11698994440668514,0.8830100555933149
11770,0.8272158498435871,0.11700737177811471,0.8829926282218853
11771,0.8272506082725061,0.11700737177811471,0.8829926282218853
11772,0.8272506082725061,0.11712936337812167,0.8828706366218784
11773,0.8273201251303441,0.11712936337812167,0.8828706366218784
11774,0.8273201251303441,0.11714679074955124,0.8828532092504487
11775,0.8273896419881821,0.11714679074955124,0.8828532092504487
11776,0.8273896419881821,0.11718164549241038,0.8828183545075896
11777,0.8274244004171012,0.11718164549241038,0.8828183545075896
11778,0.8274244004171012,0.11719907286383995,0.8828009271361601
11779,0.8274591588460202,0.11719907286383995,0.8828009271361601
11780,0.8274591588460202,0.11721650023526951,0.8827834997647305
11781,0.8274765380604797,0.11721650023526951,0.8827834997647305
11782,0.8274765380604797,0.11723392760669908,0.882766072393301
11783,0.8275112964893987,0.11723392760669908,0.882766072393301
11784,0.8275112964893987,0.11725135497812865,0.8827486450218713
11785,0.8275286757038582,0.11725135497812865,0.8827486450218713
11786,0.8275286757038582,0.11726878234955822,0.8827312176504418
11787,0.8275808133472367,0.11726878234955822,0.8827312176504418
11788,0.8275808133472367,0.11733849183527649,0.8826615081647236
11789,0.8275981925616962,0.11733849183527649,0.8826615081647236
11790,0.8275981925616962,0.11735591920670606,0.8826440807932939
11791,0.8276503302050747,0.11735591920670606,0.8826440807932939
11792,0.8276503302050747,0.11739077394956518,0.8826092260504348
11793,0.8277024678484532,0.11739077394956518,0.8826092260504348
11794,0.8277024678484532,0.11740820132099475,0.8825917986790053
11795,0.8277198470629128,0.11740820132099475,0.8825917986790053
11796,0.8277198470629128,0.11742562869242432,0.8825743713075757
11797,0.8277546054918318,0.11742562869242432,0.8825743713075757
11798,0.8277546054918318,0.11746048343528345,0.8825395165647165
11799,0.8277719847062913,0.11746048343528345,0.8825395165647165
11800,0.8277719847062913,0.11749533817814259,0.8825046618218574
11801,0.8277893639207508,0.11749533817814259,0.8825046618218574
11802,0.8277893639207508,0.11751276554957216,0.8824872344504279
11803,0.8278067431352103,0.11751276554957216,0.8824872344504279
11804,0.8278067431352103,0.11753019292100172,0.8824698070789982
11805,0.8278415015641293,0.11753019292100172,0.8824698070789982
11806,0.8278415015641293,0.11754762029243129,0.8824523797075687
11807,0.8278588807785888,0.11754762029243129,0.8824523797075687
11808,0.8278588807785888,0.11756504766386086,0.8824349523361391
11809,0.8278936392075078,0.11756504766386086,0.8824349523361391
11810,0.8278936392075078,0.11758247503529043,0.8824175249647096
11811,0.8279457768508863,0.11758247503529043,0.8824175249647096
11812,0.8279457768508863,0.11761732977814957,0.8823826702218505
11813,0.8279631560653459,0.11761732977814957,0.8823826702218505
11814,0.8279631560653459,0.11763475714957913,0.8823652428504208
11815,0.8280500521376434,0.11763475714957913,0.8823652428504208
11816,0.8280500521376434,0.1176521845210087,0.8823478154789913
11817,0.8281369482099409,0.1176521845210087,0.8823478154789913
11818,0.8281369482099409,0.11768703926386784,0.8823129607361322
11819,0.82817170663886,0.11768703926386784,0.8823129607361322
11820,0.82817170663886,0.11770446663529739,0.8822955333647026
11821,0.8281890858533194,0.11770446663529739,0.8822955333647026
11822,0.8281890858533194,0.1177567487495861,0.8822432512504139
11823,0.828206465067779,0.1177567487495861,0.8822432512504139
11824,0.828206465067779,0.11777417612101566,0.8822258238789843
11825,0.8282933611400765,0.11777417612101566,0.8822258238789843
11826,0.8282933611400765,0.1178090308638748,0.8821909691361252
11827,0.8283281195689954,0.1178090308638748,0.8821909691361252
11828,0.8283281195689954,0.11782645823530437,0.8821735417646956
11829,0.828345498783455,0.11782645823530437,0.8821735417646956
11830,0.828345498783455,0.11784388560673394,0.882156114393266
11831,0.828380257212374,0.11784388560673394,0.882156114393266
11832,0.828380257212374,0.1178613129781635,0.8821386870218365
11833,0.8284323948557525,0.1178613129781635,0.8821386870218365
11834,0.8284323948557525,0.11787874034959307,0.8821212596504069
11835,0.828449774070212,0.11787874034959307,0.8821212596504069
11836,0.828449774070212,0.11789616772102264,0.8821038322789774
11837,0.828484532499131,0.11789616772102264,0.8821038322789774
11838,0.828484532499131,0.11791359509245221,0.8820864049075477
11839,0.8285540493569691,0.11791359509245221,0.8820864049075477
11840,0.8285540493569691,0.11796587720674091,0.8820341227932591
11841,0.8285714285714286,0.11796587720674091,0.8820341227932591
11842,0.8285714285714286,0.11803558669245917,0.8819644133075408
11843,0.8285888077858881,0.11803558669245917,0.8819644133075408
11844,0.8285888077858881,0.11805301406388874,0.8819469859361113
11845,0.8286061870003476,0.11805301406388874,0.8819469859361113
11846,0.8286061870003476,0.11807044143531831,0.8819295585646817
11847,0.8286409454292666,0.11807044143531831,0.8819295585646817
11848,0.8286409454292666,0.11812272354960701,0.881877276450393
11849,0.8286930830726451,0.11812272354960701,0.881877276450393
11850,0.8286930830726451,0.11814015092103658,0.8818598490789634
11851,0.8287278415015641,0.11814015092103658,0.8818598490789634
11852,0.8287278415015641,0.11815757829246615,0.8818424217075338
11853,0.8287452207160236,0.11815757829246615,0.8818424217075338
11854,0.8287452207160236,0.11819243303532528,0.8818075669646748
11855,0.8287799791449426,0.11819243303532528,0.8818075669646748
11856,0.8287799791449426,0.11820986040675485,0.8817901395932451
11857,0.8288668752172402,0.11820986040675485,0.8817901395932451
11858,0.8288668752172402,0.11822728777818442,0.8817727122218155
11859,0.8288842544316997,0.11822728777818442,0.8817727122218155
11860,0.8288842544316997,0.11824471514961399,0.881755284850386
11861,0.8289190128606188,0.11824471514961399,0.881755284850386
11862,0.8289190128606188,0.11826214252104356,0.8817378574789565
11863,0.8289363920750782,0.11826214252104356,0.8817378574789565
11864,0.8289363920750782,0.11827956989247312,0.8817204301075269
11865,0.8289711505039972,0.11827956989247312,0.8817204301075269
11866,0.8289711505039972,0.11834927937819138,0.8816507206218086
11867,0.8290059089329163,0.11834927937819138,0.8816507206218086
11868,0.8290059089329163,0.11836670674962095,0.8816332932503791
11869,0.8290406673618352,0.11836670674962095,0.8816332932503791
11870,0.8290406673618352,0.11838413412105052,0.8816158658789495
11871,0.8290580465762948,0.11838413412105052,0.8816158658789495
11872,0.8290580465762948,0.11840156149248009,0.88159843850752
11873,0.8290928050052138,0.11840156149248009,0.88159843850752
11874,0.8290928050052138,0.11841898886390965,0.8815810111360903
11875,0.8291101842196733,0.11841898886390965,0.8815810111360903
11876,0.8291101842196733,0.11843641623533922,0.8815635837646608
11877,0.8291275634341327,0.11843641623533922,0.8815635837646608
11878,0.8291275634341327,0.11847127097819836,0.8815287290218017
11879,0.8291449426485923,0.11847127097819836,0.8815287290218017
11880,0.8291449426485923,0.1185061257210575,0.8814938742789425
11881,0.8291970802919708,0.1185061257210575,0.8814938742789425
11882,0.8291970802919708,0.11852355309248706,0.8814764469075129
11883,0.8292144595064304,0.11852355309248706,0.8814764469075129
11884,0.8292144595064304,0.11854098046391663,0.8814590195360834
11885,0.8292492179353493,0.11854098046391663,0.8814590195360834
11886,0.8292492179353493,0.1185584078353462,0.8814415921646538
11887,0.8292665971498089,0.1185584078353462,0.8814415921646538
11888,0.8292665971498089,0.11857583520677577,0.8814241647932243
11889,0.8294403892944039,0.11857583520677577,0.8814241647932243
11890,0.8294403892944039,0.11859326257820534,0.8814067374217947
11891,0.8294925269377824,0.11859326257820534,0.8814067374217947
11892,0.8294925269377824,0.11861068994963489,0.8813893100503651
11893,0.829683698296837,0.11861068994963489,0.8813893100503651
11894,0.829683698296837,0.11864554469249403,0.881354455307506
11895,0.829718456725756,0.11864554469249403,0.881354455307506
11896,0.829718456725756,0.11875010892107143,0.8812498910789286
11897,0.8297705943691345,0.11875010892107143,0.8812498910789286
11898,0.8297705943691345,0.118767536292501,0.881232463707499
11899,0.8298574904414321,0.118767536292501,0.881232463707499
11900,0.8298574904414321,0.11880239103536014,0.8811976089646398
11901,0.8298748696558915,0.11880239103536014,0.8811976089646398
11902,0.8298748696558915,0.1188198184067897,0.8811801815932103
11903,0.8299096280848106,0.1188198184067897,0.8811801815932103
11904,0.8299096280848106,0.11883724577821927,0.8811627542217807
11905,0.8299965241571081,0.11883724577821927,0.8811627542217807
11906,0.8299965241571081,0.11887210052107841,0.8811278994789216
11907,0.8300312825860271,0.11887210052107841,0.8811278994789216
11908,0.8300312825860271,0.11888952789250798,0.881110472107492
11909,0.8300486618004866,0.11888952789250798,0.881110472107492
11910,0.8300486618004866,0.11890695526393755,0.8810930447360624
11911,0.8301007994438652,0.11890695526393755,0.8810930447360624
11912,0.8301007994438652,0.11894181000679667,0.8810581899932033
11913,0.8301703163017031,0.11894181000679667,0.8810581899932033
11914,0.8301703163017031,0.11895923737822624,0.8810407626217738
11915,0.8302224539450817,0.11895923737822624,0.8810407626217738
11916,0.8302224539450817,0.11899409212108537,0.8810059078789146
11917,0.8302398331595412,0.11899409212108537,0.8810059078789146
11918,0.8302398331595412,0.11901151949251494,0.880988480507485
11919,0.8302745915884602,0.11901151949251494,0.880988480507485
11920,0.8302745915884602,0.11902894686394451,0.8809710531360555
11921,0.8302919708029197,0.11902894686394451,0.8809710531360555
11922,0.8302919708029197,0.11904637423537408,0.8809536257646259
11923,0.8303093500173793,0.11904637423537408,0.8809536257646259
11924,0.8303093500173793,0.11906380160680365,0.8809361983931964
11925,0.8303267292318387,0.11906380160680365,0.8809361983931964
11926,0.8303267292318387,0.11909865634966278,0.8809013436503372
11927,0.8304310045185958,0.11909865634966278,0.8809013436503372
11928,0.8304310045185958,0.11911608372109235,0.8808839162789076
11929,0.8304657629475147,0.11911608372109235,0.8808839162789076
11930,0.8304657629475147,0.11913351109252192,0.8808664889074781
11931,0.8305874174487313,0.11913351109252192,0.8808664889074781
11932,0.8305874174487313,0.11915093846395149,0.8808490615360485
11933,0.8306569343065694,0.11915093846395149,0.8808490615360485
11934,0.8306569343065694,0.11918579320681062,0.8808142067931893
11935,0.8306743135210288,0.11918579320681062,0.8808142067931893
11936,0.8306743135210288,0.11920322057824019,0.8807967794217598
11937,0.8306916927354884,0.11920322057824019,0.8807967794217598
11938,0.8306916927354884,0.11927293006395845,0.8807270699360416
11939,0.8307264511644074,0.11927293006395845,0.8807270699360416
11940,0.8307264511644074,0.11939492166396543,0.8806050783360346
11941,0.8307785888077859,0.11939492166396543,0.8806050783360346
11942,0.8307785888077859,0.11948205852111327,0.8805179414788867
11943,0.8309176225234619,0.11948205852111327,0.8805179414788867
11944,0.8309176225234619,0.11953434063540196,0.8804656593645981
11945,0.8309350017379215,0.11953434063540196,0.8804656593645981
11946,0.8309350017379215,0.11955176800683152,0.8804482319931685
11947,0.8309697601668404,0.11955176800683152,0.8804482319931685
11948,0.8309697601668404,0.11956919537826109,0.880430804621739
11949,0.8310045185957595,0.11956919537826109,0.880430804621739
11950,0.8310045185957595,0.11960405012112023,0.8803959498788798
11951,0.831021897810219,0.11960405012112023,0.8803959498788798
11952,0.831021897810219,0.1196214774925498,0.8803785225074502
11953,0.8310392770246785,0.1196214774925498,0.8803785225074502
11954,0.8310392770246785,0.1196737596068385,0.8803262403931615
11955,0.8310566562391379,0.1196737596068385,0.8803262403931615
11956,0.8310566562391379,0.11969118697826807,0.8803088130217319
11957,0.8311783107403545,0.11969118697826807,0.8803088130217319
11958,0.8311783107403545,0.11970861434969764,0.8802913856503024
11959,0.8312478275981926,0.11970861434969764,0.8802913856503024
11960,0.8312478275981926,0.11974346909255677,0.8802565309074433
11961,0.8313173444560306,0.11974346909255677,0.8802565309074433
11962,0.8313173444560306,0.11976089646398634,0.8802391035360136
11963,0.8313521028849497,0.11976089646398634,0.8802391035360136
11964,0.8313521028849497,0.11977832383541591,0.8802216761645841
11965,0.8313868613138686,0.11977832383541591,0.8802216761645841
11966,0.8313868613138686,0.11979575120684548,0.8802042487931545
11967,0.8314389989572472,0.11979575120684548,0.8802042487931545
11968,0.8314389989572472,0.11981317857827505,0.880186821421725
11969,0.8314737573861661,0.11981317857827505,0.880186821421725
11970,0.8314737573861661,0.1198306059497046,0.8801693940502954
11971,0.8315085158150851,0.1198306059497046,0.8801693940502954
11972,0.8315085158150851,0.11984803332113417,0.8801519666788659
11973,0.8315258950295447,0.11984803332113417,0.8801519666788659
11974,0.8315258950295447,0.11986546069256374,0.8801345393074362
11975,0.8315432742440042,0.11986546069256374,0.8801345393074362
11976,0.8315432742440042,0.11995259754971158,0.8800474024502885
11977,0.8315606534584636,0.11995259754971158,0.8800474024502885
11978,0.8315606534584636,0.11997002492114114,0.8800299750788588
11979,0.8315954118873827,0.11997002492114114,0.8800299750788588
11980,0.8315954118873827,0.11998745229257071,0.8800125477074293
11981,0.8316649287452207,0.11998745229257071,0.8800125477074293
11982,0.8316649287452207,0.12000487966400028,0.8799951203359997
11983,0.8316823079596802,0.12000487966400028,0.8799951203359997
11984,0.8316823079596802,0.12003973440685942,0.8799602655931406
11985,0.8317170663885992,0.12003973440685942,0.8799602655931406
11986,0.8317170663885992,0.12005716177828898,0.879942838221711
11987,0.8317344456030588,0.12005716177828898,0.879942838221711
11988,0.8317344456030588,0.12007458914971855,0.8799254108502814
11989,0.8317518248175182,0.12007458914971855,0.8799254108502814
11990,0.8317518248175182,0.12009201652114812,0.8799079834788519
11991,0.8318039624608967,0.12009201652114812,0.8799079834788519
11992,0.8318039624608967,0.12012687126400726,0.8798731287359928
11993,0.8318387208898158,0.12012687126400726,0.8798731287359928
11994,0.8318387208898158,0.12014429863543681,0.8798557013645631
11995,0.8318908585331943,0.12014429863543681,0.8798557013645631
11996,0.8318908585331943,0.12016172600686638,0.8798382739931336
11997,0.8319603753910323,0.12016172600686638,0.8798382739931336
11998,0.8319603753910323,0.12019658074972552,0.8798034192502745
11999,0.8319777546054918,0.12019658074972552,0.8798034192502745
12000,0.8319777546054918,0.12021400812115508,0.8797859918788449
12001,0.8320125130344108,0.12021400812115508,0.8797859918788449
12002,0.8320125130344108,0.12024886286401422,0.8797511371359857
12003,0.8320472714633299,0.12024886286401422,0.8797511371359857
12004,0.8320472714633299,0.12026629023544379,0.8797337097645562
12005,0.8320994091067084,0.12026629023544379,0.8797337097645562
12006,0.8320994091067084,0.12028371760687336,0.8797162823931266
12007,0.8321167883211679,0.12028371760687336,0.8797162823931266
12008,0.8321167883211679,0.12030114497830292,0.8796988550216971
12009,0.8321515467500868,0.12030114497830292,0.8796988550216971
12010,0.8321515467500868,0.12031857234973249,0.8796814276502675
12011,0.8321689259645464,0.12031857234973249,0.8796814276502675
12012,0.8321689259645464,0.12033599972116206,0.879664000278838
12013,0.8321863051790059,0.12033599972116206,0.879664000278838
12014,0.8321863051790059,0.12040570920688033,0.8795942907931197
12015,0.8324122349669795,0.12040570920688033,0.8795942907931197
12016,0.8324122349669795,0.12044056394973945,0.8795594360502605
12017,0.8325860271115746,0.12044056394973945,0.8795594360502605
12018,0.8325860271115746,0.12047541869259859,0.8795245813074014
12019,0.832603406326034,0.12047541869259859,0.8795245813074014
12020,0.832603406326034,0.1205277008068873,0.8794722991931128
12021,0.8326381647549531,0.1205277008068873,0.8794722991931128
12022,0.8326381647549531,0.12054512817831686,0.8794548718216831
12023,0.8327250608272506,0.12054512817831686,0.8794548718216831
12024,0.8327250608272506,0.12056255554974643,0.8794374444502535
12025,0.8327598192561696,0.12056255554974643,0.8794374444502535
12026,0.8327598192561696,0.120579982921176,0.879420017078824
12027,0.8327771984706291,0.120579982921176,0.879420017078824
12028,0.8327771984706291,0.12059741029260557,0.8794025897073945
12029,0.8327945776850887,0.12059741029260557,0.8794025897073945
12030,0.8327945776850887,0.1206322650354647,0.8793677349645352
12031,0.8328640945429266,0.1206322650354647,0.8793677349645352
12032,0.8328640945429266,0.12068454714975341,0.8793154528502466
12033,0.8328814737573862,0.12068454714975341,0.8793154528502466
12034,0.8328814737573862,0.12070197452118298,0.879298025478817
12035,0.8329857490441432,0.12070197452118298,0.879298025478817
12036,0.8329857490441432,0.1207891113783308,0.8792108886216692
12037,0.8331074035453597,0.1207891113783308,0.8792108886216692
12038,0.8331074035453597,0.12080653874976037,0.8791934612502397
12039,0.8331595411887383,0.12080653874976037,0.8791934612502397
12040,0.8331595411887383,0.12082396612118994,0.87917603387881
12041,0.8331942996176572,0.12082396612118994,0.87917603387881
12042,0.8331942996176572,0.12087624823547864,0.8791237517645214
12043,0.8332116788321168,0.12087624823547864,0.8791237517645214
12044,0.8332116788321168,0.12091110297833778,0.8790888970216623
12045,0.8332464372610358,0.12091110297833778,0.8790888970216623
12046,0.8332464372610358,0.12092853034976735,0.8790714696502326
12047,0.8332638164754953,0.12092853034976735,0.8790714696502326
12048,0.8332638164754953,0.12094595772119691,0.8790540422788031
12049,0.8333507125477928,0.12094595772119691,0.8790540422788031
12050,0.8333507125477928,0.12096338509262648,0.8790366149073735
12051,0.8334202294056309,0.12096338509262648,0.8790366149073735
12052,0.8334202294056309,0.12101566720691519,0.8789843327930849
12053,0.8334376086200904,0.12101566720691519,0.8789843327930849
12054,0.8334376086200904,0.12105052194977431,0.8789494780502257
12055,0.833628779979145,0.12105052194977431,0.8789494780502257
12056,0.833628779979145,0.12108537669263345,0.8789146233073666
12057,0.8336461591936044,0.12108537669263345,0.8789146233073666
12058,0.8336461591936044,0.12110280406406301,0.878897195935937
12059,0.833663538408064,0.12110280406406301,0.878897195935937
12060,0.833663538408064,0.12112023143549258,0.8788797685645074
12061,0.8336982968369829,0.12112023143549258,0.8788797685645074
12062,0.8336982968369829,0.12115508617835172,0.8788449138216483
12063,0.8337156760514425,0.12115508617835172,0.8788449138216483
12064,0.8337156760514425,0.12117251354978129,0.8788274864502187
12065,0.833733055265902,0.12117251354978129,0.8788274864502187
12066,0.833733055265902,0.12120736829264042,0.8787926317073596
12067,0.8337504344803615,0.12120736829264042,0.8787926317073596
12068,0.8337504344803615,0.12122479566406999,0.87877520433593
12069,0.8337851929092805,0.12122479566406999,0.87877520433593
12070,0.8337851929092805,0.12124222303549956,0.8787577769645004
12071,0.8338199513381995,0.12124222303549956,0.8787577769645004
12072,0.8338199513381995,0.12125965040692913,0.8787403495930709
12073,0.8338373305526591,0.12125965040692913,0.8787403495930709
12074,0.8338373305526591,0.1212770777783587,0.8787229222216413
12075,0.8338894681960375,0.1212770777783587,0.8787229222216413
12076,0.8338894681960375,0.12129450514978826,0.8787054948502118
12077,0.8339242266249566,0.12129450514978826,0.8787054948502118
12078,0.8339242266249566,0.12131193252121783,0.8786880674787821
12079,0.8339763642683351,0.12131193252121783,0.8786880674787821
12080,0.8339763642683351,0.1213293598926474,0.8786706401073526
12081,0.8339937434827945,0.1213293598926474,0.8786706401073526
12082,0.8339937434827945,0.12134678726407695,0.878653212735923
12083,0.8340285019117136,0.12134678726407695,0.878653212735923
12084,0.8340285019117136,0.12141649674979522,0.8785835032502047
12085,0.8340458811261731,0.12141649674979522,0.8785835032502047
12086,0.8340458811261731,0.12143392412122479,0.8785660758787752
12087,0.8340632603406326,0.12143392412122479,0.8785660758787752
12088,0.8340632603406326,0.12145135149265436,0.8785486485073456
12089,0.8340806395550922,0.12145135149265436,0.8785486485073456
12090,0.8340806395550922,0.12146877886408393,0.8785312211359161
12091,0.8341675356273897,0.12146877886408393,0.8785312211359161
12092,0.8341675356273897,0.1214862062355135,0.8785137937644865
12093,0.8341849148418492,0.1214862062355135,0.8785137937644865
12094,0.8341849148418492,0.12152106097837263,0.8784789390216273
12095,0.8342544316996872,0.12152106097837263,0.8784789390216273
12096,0.8342544316996872,0.12157334309266134,0.8784266569073387
12097,0.8342718109141467,0.12157334309266134,0.8784266569073387
12098,0.8342718109141467,0.12160819783552047,0.8783918021644795
12099,0.8343587069864442,0.12160819783552047,0.8783918021644795
12100,0.8343587069864442,0.12162562520695004,0.8783743747930499
12101,0.8343760862009038,0.12164305257837961,0.8783569474216204
12102,0.8343760862009038,0.1216953346926683,0.8783046653073316
12103,0.8344108446298227,0.1216953346926683,0.8783046653073316
12104,0.8344108446298227,0.12171276206409787,0.8782872379359021
12105,0.8344629822732013,0.12171276206409787,0.8782872379359021
12106,0.8344629822732013,0.121747616806957,0.878252383193043
12107,0.8344977407021202,0.121747616806957,0.878252383193043
12108,0.8344977407021202,0.12178247154981614,0.8782175284501839
12109,0.8345151199165798,0.12178247154981614,0.8782175284501839
12110,0.8345151199165798,0.12179989892124571,0.8782001010787543
12111,0.8345498783454988,0.12179989892124571,0.8782001010787543
12112,0.8345498783454988,0.12181732629267528,0.8781826737073247
12113,0.8346193952033368,0.12181732629267528,0.8781826737073247
12114,0.8346193952033368,0.12186960840696398,0.8781303915930361
12115,0.8346367744177963,0.12186960840696398,0.8781303915930361
12116,0.8346367744177963,0.12190446314982312,0.8780955368501768
12117,0.8346715328467154,0.12190446314982312,0.8780955368501768
12118,0.8346715328467154,0.12192189052125268,0.8780781094787473
12119,0.8347758081334724,0.12192189052125268,0.8780781094787473
12120,0.8347758081334724,0.12193931789268225,0.8780606821073178
12121,0.8348105665623914,0.12193931789268225,0.8780606821073178
12122,0.8348105665623914,0.12199160000697094,0.878008399993029
12123,0.8348453249913104,0.12199160000697094,0.878008399993029
12124,0.8348453249913104,0.12200902737840051,0.8779909726215995
12125,0.8349148418491484,0.12200902737840051,0.8779909726215995
12126,0.8349148418491484,0.12209616423554835,0.8779038357644516
12127,0.8349496002780674,0.12209616423554835,0.8779038357644516
12128,0.8349496002780674,0.12216587372126662,0.8778341262787334
12129,0.834966979492527,0.12216587372126662,0.8778341262787334
12130,0.834966979492527,0.12220072846412576,0.8777992715358742
12131,0.8349843587069864,0.12220072846412576,0.8777992715358742
12132,0.8349843587069864,0.12221815583555533,0.8777818441644447
12133,0.8350191171359055,0.12221815583555533,0.8777818441644447
12134,0.8350191171359055,0.1222355832069849,0.8777644167930151
12135,0.8350364963503649,0.1222355832069849,0.8777644167930151
12136,0.8350364963503649,0.12227043794984402,0.877729562050156
12137,0.8350538755648245,0.12227043794984402,0.877729562050156
12138,0.8350538755648245,0.12228786532127359,0.8777121346787264
12139,0.8351233924226625,0.12228786532127359,0.8777121346787264
12140,0.8351233924226625,0.12232272006413272,0.8776772799358673
12141,0.8351755300660411,0.12232272006413272,0.8776772799358673
12142,0.8351755300660411,0.12234014743556229,0.8776598525644377
12143,0.8351929092805005,0.12234014743556229,0.8776598525644377
12144,0.8351929092805005,0.122392429549851,0.877607570450149
12145,0.83521028849496,0.122392429549851,0.877607570450149
12146,0.83521028849496,0.12242728429271013,0.8775727157072899
12147,0.835245046923879,0.12242728429271013,0.8775727157072899
12148,0.835245046923879,0.12247956640699884,0.8775204335930011
12149,0.835279805352798,0.12247956640699884,0.8775204335930011
12150,0.835279805352798,0.1224969937784284,0.8775030062215716
12151,0.8353145637817171,0.1224969937784284,0.8775030062215716
12152,0.8353145637817171,0.12251442114985797,0.877485578850142
12153,0.8353493222106361,0.12251442114985797,0.877485578850142
12154,0.8353493222106361,0.12256670326414666,0.8774332967358534
12155,0.835384080639555,0.12256670326414666,0.8774332967358534
12156,0.835384080639555,0.12258413063557623,0.8774158693644237
12157,0.8354014598540146,0.12258413063557623,0.8774158693644237
12158,0.8354014598540146,0.12261898537843537,0.8773810146215646
12159,0.8354188390684741,0.12261898537843537,0.8773810146215646
12160,0.8354188390684741,0.1226538401212945,0.8773461598787055
12161,0.8354362182829336,0.1226538401212945,0.8773461598787055
12162,0.8354362182829336,0.12268869486415364,0.8773113051358463
12163,0.8354535974973931,0.12268869486415364,0.8773113051358463
12164,0.8354535974973931,0.12274097697844234,0.8772590230215577
12165,0.8355231143552312,0.12274097697844234,0.8772590230215577
12166,0.8355231143552312,0.12277583172130148,0.8772241682786985
12167,0.8355578727841502,0.12277583172130148,0.8772241682786985
12168,0.8355578727841502,0.12282811383559018,0.8771718861644098
12169,0.8355926312130691,0.12282811383559018,0.8771718861644098
12170,0.8355926312130691,0.12288039594987887,0.8771196040501211
12171,0.8356100104275287,0.12288039594987887,0.8771196040501211
12172,0.8356100104275287,0.12289782332130844,0.8771021766786915
12173,0.8356447688564477,0.12289782332130844,0.8771021766786915
12174,0.8356447688564477,0.12293267806416758,0.8770673219358325
12175,0.8356621480709072,0.12293267806416758,0.8770673219358325
12176,0.8356621480709072,0.12295010543559715,0.8770498945644029
12177,0.8356795272853667,0.12295010543559715,0.8770498945644029
12178,0.8356795272853667,0.12296753280702671,0.8770324671929732
12179,0.8357316649287452,0.12296753280702671,0.8770324671929732
12180,0.8357316649287452,0.12298496017845628,0.8770150398215437
12181,0.8357490441432047,0.12298496017845628,0.8770150398215437
12182,0.8357490441432047,0.12303724229274499,0.876962757707255
12183,0.8357664233576643,0.12303724229274499,0.876962757707255
12184,0.8357664233576643,0.12305466966417455,0.8769453303358254
12185,0.8358011817865832,0.12305466966417455,0.8769453303358254
12186,0.8358011817865832,0.12310695177846326,0.8768930482215367
12187,0.8358359402155022,0.12310695177846326,0.8768930482215367
12188,0.8358359402155022,0.1231418065213224,0.8768581934786777
12189,0.8359054570733403,0.1231418065213224,0.8768581934786777
12190,0.8359054570733403,0.12321151600704065,0.8767884839929594
12191,0.8359228362877998,0.12321151600704065,0.8767884839929594
12192,0.8359228362877998,0.12324637074989979,0.8767536292501003
12193,0.8359402155022593,0.12324637074989979,0.8767536292501003
12194,0.8359402155022593,0.12326379812132936,0.8767362018786706
12195,0.8359575947167188,0.12326379812132936,0.8767362018786706
12196,0.8359575947167188,0.12328122549275893,0.8767187745072411
12197,0.8359923531456378,0.12328122549275893,0.8767187745072411
12198,0.8359923531456378,0.1232986528641885,0.8767013471358115
12199,0.8360966284323949,0.1232986528641885,0.8767013471358115
12200,0.8360966284323949,0.12331608023561806,0.876683919764382
12201,0.8361313868613138,0.12331608023561806,0.876683919764382
12202,0.8361313868613138,0.1233509349784772,0.8766490650215228
12203,0.8361487660757734,0.1233509349784772,0.8766490650215228
12204,0.8361487660757734,0.12336836234990677,0.8766316376500932
12205,0.8362182829336114,0.12336836234990677,0.8766316376500932
12206,0.8362182829336114,0.12338578972133633,0.8766142102786637
12207,0.8362530413625304,0.12338578972133633,0.8766142102786637
12208,0.8362530413625304,0.12343807183562504,0.876561928164375
12209,0.8363573166492875,0.12343807183562504,0.876561928164375
12210,0.8363573166492875,0.1234554992070546,0.8765445007929454
12211,0.8363920750782065,0.1234554992070546,0.8765445007929454
12212,0.8363920750782065,0.12349035394991373,0.8765096460500863
12213,0.8364268335071254,0.12349035394991373,0.8765096460500863
12214,0.8364268335071254,0.12354263606420243,0.8764573639357975
12215,0.836444212721585,0.12354263606420243,0.8764573639357975
12216,0.836444212721585,0.123560063435632,0.876439936564368
12217,0.8364615919360445,0.123560063435632,0.876439936564368
12218,0.8364615919360445,0.12357749080706157,0.8764225091929384
12219,0.836478971150504,0.12357749080706157,0.8764225091929384
12220,0.836478971150504,0.12359491817849114,0.8764050818215089
12221,0.836548488008342,0.12359491817849114,0.8764050818215089
12222,0.836548488008342,0.12364720029277984,0.8763527997072201
12223,0.8366006256517206,0.12364720029277984,0.8763527997072201
12224,0.8366006256517206,0.12368205503563898,0.876317944964361
12225,0.8366353840806395,0.12368205503563898,0.876317944964361
12226,0.8366353840806395,0.12369948240706855,0.8763005175929315
12227,0.8366527632950991,0.12369948240706855,0.8763005175929315
12228,0.8366527632950991,0.12373433714992768,0.8762656628500723
12229,0.8367049009384776,0.12373433714992768,0.8762656628500723
12230,0.8367049009384776,0.12376919189278682,0.8762308081072132
12231,0.8368439346541536,0.12376919189278682,0.8762308081072132
12232,0.8368439346541536,0.12380404663564594,0.8761959533643541
12233,0.8368786930830726,0.12380404663564594,0.8761959533643541
12234,0.8368786930830726,0.12387375612136421,0.8761262438786358
12235,0.8369482099409107,0.12387375612136421,0.8761262438786358
12236,0.8369482099409107,0.12389118349279378,0.8761088165072062
12237,0.8371220020855057,0.12389118349279378,0.8761088165072062
12238,0.8371220020855057,0.12392603823565292,0.876073961764347
12239,0.8371393812999652,0.12392603823565292,0.876073961764347
12240,0.8371393812999652,0.12396089297851205,0.8760391070214879
12241,0.8372088981578033,0.12396089297851205,0.8760391070214879
12242,0.8372088981578033,0.12399574772137119,0.8760042522786288
12243,0.8372262773722627,0.12399574772137119,0.8760042522786288
12244,0.8372262773722627,0.12403060246423032,0.8759693975357696
12245,0.8372436565867223,0.12403060246423032,0.8759693975357696
12246,0.8372436565867223,0.12404802983565989,0.8759519701643401
12247,0.8372784150156413,0.12404802983565989,0.8759519701643401
12248,0.8372784150156413,0.12408288457851903,0.875917115421481
12249,0.8373479318734793,0.12408288457851903,0.875917115421481
12250,0.8373479318734793,0.12417002143566686,0.8758299785643331
12251,0.8373826903023983,0.12417002143566686,0.8758299785643331
12252,0.8373826903023983,0.12418744880709642,0.8758125511929036
12253,0.8374000695168579,0.12418744880709642,0.8758125511929036
12254,0.8374000695168579,0.12422230354995556,0.8757776964500444
12255,0.8374174487313173,0.12422230354995556,0.8757776964500444
12256,0.8374174487313173,0.12423973092138513,0.8757602690786148
12257,0.8374522071602364,0.12423973092138513,0.8757602690786148
12258,0.8374522071602364,0.12427458566424426,0.8757254143357558
12259,0.8374695863746958,0.12427458566424426,0.8757254143357558
12260,0.8374695863746958,0.1243094404071034,0.8756905595928965
12261,0.8374869655891554,0.1243094404071034,0.8756905595928965
12262,0.8374869655891554,0.12432686777853297,0.875673132221467
12263,0.8375217240180743,0.12432686777853297,0.875673132221467
12264,0.8375217240180743,0.1243617225213921,0.8756382774786079
12265,0.8375912408759124,0.1243617225213921,0.8756382774786079
12266,0.8375912408759124,0.12439657726425123,0.8756034227357488
12267,0.8376433785192909,0.12439657726425123,0.8756034227357488
12268,0.8376433785192909,0.1244140046356808,0.8755859953643192
12269,0.837712895377129,0.1244140046356808,0.8755859953643192
12270,0.837712895377129,0.12444885937853993,0.8755511406214601
12271,0.8377997914494265,0.12444885937853993,0.8755511406214601
12272,0.8377997914494265,0.1244662867499695,0.8755337132500305
12273,0.837851929092805,0.1244662867499695,0.8755337132500305
12274,0.837851929092805,0.12448371412139907,0.875516285878601
12275,0.8378693083072645,0.12448371412139907,0.875516285878601
12276,0.8378693083072645,0.12450114149282863,0.8754988585071714
12277,0.837921445950643,0.12450114149282863,0.8754988585071714
12278,0.837921445950643,0.1245185688642582,0.8754814311357418
12279,0.8379562043795621,0.1245185688642582,0.8754814311357418
12280,0.8379562043795621,0.12455342360711734,0.8754465763928827
12281,0.8379909628084811,0.12455342360711734,0.8754465763928827
12282,0.8379909628084811,0.12457085097854691,0.8754291490214531
12283,0.8380778588807786,0.12457085097854691,0.8754291490214531
12284,0.8380778588807786,0.12458827834997648,0.8754117216500236
12285,0.8381126173096975,0.12458827834997648,0.8754117216500236
12286,0.8381126173096975,0.12460570572140604,0.8753942942785939
12287,0.8381299965241571,0.12460570572140604,0.8753942942785939
12288,0.8381299965241571,0.12464056046426518,0.8753594395357348
12289,0.8381473757386166,0.12464056046426518,0.8753594395357348
12290,0.8381473757386166,0.12467541520712432,0.8753245847928757
12291,0.8382168925964546,0.12467541520712432,0.8753245847928757
12292,0.8382168925964546,0.12471026994998344,0.8752897300500165
12293,0.8382342718109141,0.12471026994998344,0.8752897300500165
12294,0.8382342718109141,0.12474512469284257,0.8752548753071574
12295,0.8382864094542927,0.12474512469284257,0.8752548753071574
12296,0.8382864094542927,0.12476255206427214,0.8752374479357279
12297,0.8383906847410497,0.12476255206427214,0.8752374479357279
12298,0.8383906847410497,0.12477997943570171,0.8752200205642983
12299,0.8384254431699687,0.12477997943570171,0.8752200205642983
12300,0.8384254431699687,0.12481483417856085,0.8751851658214391
12301,0.8384428223844282,0.12481483417856085,0.8751851658214391
12302,0.8384428223844282,0.12483226154999041,0.8751677384500096
12303,0.8384602015988877,0.12483226154999041,0.8751677384500096
12304,0.8384602015988877,0.12484968892141998,0.87515031107858
12305,0.8384775808133472,0.12484968892141998,0.87515031107858
12306,0.8384775808133472,0.12493682577856782,0.8750631742214322
12307,0.8384949600278068,0.12493682577856782,0.8750631742214322
12308,0.8384949600278068,0.12495425314999739,0.8750457468500026
12309,0.8385644768856447,0.12495425314999739,0.8750457468500026
12310,0.8385644768856447,0.1250065352642861,0.8749934647357139
12311,0.8386339937434828,0.1250065352642861,0.8749934647357139
12312,0.8386339937434828,0.12502396263571566,0.8749760373642843
12313,0.8388077858880778,0.12502396263571566,0.8749760373642843
12314,0.8388077858880778,0.12504139000714523,0.8749586099928548
12315,0.8388773027459159,0.12504139000714523,0.8749586099928548
12316,0.8388773027459159,0.1250588173785748,0.8749411826214252
12317,0.8389120611748349,0.12507624475000437,0.8749237552499957
12318,0.838946819603754,0.12507624475000437,0.8749237552499957
12319,0.838946819603754,0.1251110994928635,0.8748889005071365
12320,0.8389815780326729,0.1251110994928635,0.8748889005071365
12321,0.8389815780326729,0.12514595423572264,0.8748540457642774
12322,0.8390163364615919,0.12514595423572264,0.8748540457642774
12323,0.8390163364615919,0.12516338160715218,0.8748366183928478
12324,0.8390337156760515,0.12516338160715218,0.8748366183928478
12325,0.8390337156760515,0.12518080897858175,0.8748191910214183
12326,0.839051094890511,0.12518080897858175,0.8748191910214183
12327,0.839051094890511,0.12519823635001132,0.8748017636499887
12328,0.8391032325338895,0.12519823635001132,0.8748017636499887
12329,0.8391032325338895,0.12523309109287045,0.8747669089071295
12330,0.8391727493917275,0.12523309109287045,0.8747669089071295
12331,0.8391727493917275,0.12525051846430002,0.8747494815357
12332,0.839190128606187,0.12525051846430002,0.8747494815357
12333,0.839190128606187,0.1252679458357296,0.8747320541642705
12334,0.8392770246784845,0.1252679458357296,0.8747320541642705
12335,0.8392770246784845,0.12533765532144786,0.8746623446785522
12336,0.8392944038929441,0.12533765532144786,0.8746623446785522
12337,0.8392944038929441,0.125372510064307,0.874627489935693
12338,0.839329162321863,0.125372510064307,0.874627489935693
12339,0.839329162321863,0.12538993743573656,0.8746100625642634
12340,0.8393812999652416,0.12538993743573656,0.8746100625642634
12341,0.8393812999652416,0.1254247921785957,0.8745752078214043
12342,0.8394334376086201,0.1254247921785957,0.8745752078214043
12343,0.8394334376086201,0.12544221955002527,0.8745577804499747
12344,0.8394508168230796,0.12544221955002527,0.8745577804499747
12345,0.8394508168230796,0.12545964692145484,0.8745403530785452
12346,0.8395550921098366,0.12545964692145484,0.8745403530785452
12347,0.8395550921098366,0.1254770742928844,0.8745229257071157
12348,0.8395898505387557,0.1254770742928844,0.8745229257071157
12349,0.8395898505387557,0.12549450166431397,0.874505498335686
12350,0.8396246089676747,0.12549450166431397,0.874505498335686
12351,0.8396246089676747,0.1255293564071731,0.8744706435928269
12352,0.8397115050399722,0.1255293564071731,0.8744706435928269
12353,0.8397115050399722,0.12554678377860268,0.8744532162213974
12354,0.8397288842544317,0.12554678377860268,0.8744532162213974
12355,0.8397288842544317,0.12556421115003225,0.8744357888499678
12356,0.8398157803267292,0.12556421115003225,0.8744357888499678
12357,0.8398157803267292,0.1255816385214618,0.8744183614785381
12358,0.8398331595411888,0.1255816385214618,0.8744183614785381
12359,0.8398331595411888,0.12563392063575052,0.8743660793642495
12360,0.8399026763990267,0.12563392063575052,0.8743660793642495
12361,0.8399026763990267,0.12565134800718009,0.8743486519928199
12362,0.8399721932568648,0.12565134800718009,0.8743486519928199
12363,0.8399721932568648,0.12566877537860965,0.8743312246213903
12364,0.8400417101147029,0.12566877537860965,0.8743312246213903
12365,0.8400417101147029,0.12572105749289836,0.8742789425071016
12366,0.8400938477580814,0.12572105749289836,0.8742789425071016
12367,0.8400938477580814,0.12573848486432793,0.8742615151356721
12368,0.8401633646159193,0.12573848486432793,0.8742615151356721
12369,0.8401633646159193,0.1257559122357575,0.8742440877642426
12370,0.8402155022592979,0.1257559122357575,0.8742440877642426
12371,0.8402155022592979,0.1257907669786166,0.8742092330213834
12372,0.8402328814737574,0.1257907669786166,0.8742092330213834
12373,0.8402328814737574,0.12580819435004617,0.8741918056499538
12374,0.8403719151894334,0.12580819435004617,0.8741918056499538
12375,0.8403719151894334,0.12582562172147574,0.8741743782785243
12376,0.840389294403893,0.12582562172147574,0.8741743782785243
12377,0.840389294403893,0.12586047646433488,0.8741395235356652
12378,0.8404414320472715,0.12586047646433488,0.8741395235356652
12379,0.8404414320472715,0.12587790383576444,0.8741220961642355
12380,0.84049356969065,0.12587790383576444,0.8741220961642355
12381,0.84049356969065,0.12596504069291228,0.8740349593070877
12382,0.8405109489051095,0.12596504069291228,0.8740349593070877
12383,0.8405109489051095,0.12598246806434185,0.8740175319356581
12384,0.840528328119569,0.12598246806434185,0.8740175319356581
12385,0.840528328119569,0.126017322807201,0.873982677192799
12386,0.8406326034063261,0.126017322807201,0.873982677192799
12387,0.8406326034063261,0.12605217755006012,0.8739478224499398
12388,0.840667361835245,0.12605217755006012,0.8739478224499398
12389,0.840667361835245,0.12610445966434883,0.8738955403356512
12390,0.8407368786930831,0.12610445966434883,0.8738955403356512
12391,0.8407368786930831,0.1261218870357784,0.8738781129642216
12392,0.8407890163364616,0.1261218870357784,0.8738781129642216
12393,0.8407890163364616,0.12619159652149667,0.8738084034785033
12394,0.8408063955509211,0.12619159652149667,0.8738084034785033
12395,0.8408063955509211,0.12620902389292624,0.8737909761070738
12396,0.8408932916232186,0.12620902389292624,0.8737909761070738
12397,0.8408932916232186,0.1262264512643558,0.8737735487356442
12398,0.8409106708376781,0.1262264512643558,0.8737735487356442
12399,0.8409106708376781,0.12624387863578537,0.8737561213642147
12400,0.8410323253388947,0.12624387863578537,0.8737561213642147
12401,0.8410323253388947,0.1262787333786445,0.8737212666213555
12402,0.8410497045533541,0.1262787333786445,0.8737212666213555
12403,0.8410497045533541,0.1263832976072219,0.8736167023927781
12404,0.8411018421967327,0.1263832976072219,0.8736167023927781
12405,0.8411018421967327,0.12645300709294016,0.8735469929070598
12406,0.8412582551268682,0.12645300709294016,0.8735469929070598
12407,0.8412582551268682,0.12647043446436973,0.8735295655356303
12408,0.8413103927702468,0.12647043446436973,0.8735295655356303
12409,0.8413103927702468,0.12652271657865843,0.8734772834213416
12410,0.8413277719847063,0.12652271657865843,0.8734772834213416
12411,0.8413277719847063,0.12655757132151757,0.8734424286784824
12412,0.8413799096280848,0.12655757132151757,0.8734424286784824
12413,0.8413799096280848,0.12657499869294714,0.8734250013070528
12414,0.8413972888425443,0.12657499869294714,0.8734250013070528
12415,0.8413972888425443,0.12662728080723584,0.8733727191927642
12416,0.8414841849148419,0.12662728080723584,0.8733727191927642
12417,0.8414841849148419,0.12666213555009498,0.873337864449905
12418,0.8415189433437609,0.12666213555009498,0.873337864449905
12419,0.8415189433437609,0.12667956292152455,0.8733204370784755
12420,0.8415710809871394,0.12667956292152455,0.8733204370784755
12421,0.8415710809871394,0.1267666997786724,0.8732333002213276
12422,0.8416058394160584,0.1267666997786724,0.8732333002213276
12423,0.8416058394160584,0.12678412715010196,0.873215872849898
12424,0.841727493917275,0.12678412715010196,0.873215872849898
12425,0.841727493917275,0.12680155452153152,0.8731984454784685
12426,0.8417970107751129,0.12680155452153152,0.8731984454784685
12427,0.8417970107751129,0.1268189818929611,0.873181018107039
12428,0.8418143899895725,0.1268189818929611,0.873181018107039
12429,0.8418143899895725,0.12685383663582023,0.8731461633641797
12430,0.841831769204032,0.12685383663582023,0.8731461633641797
12431,0.841831769204032,0.12688869137867936,0.8731113086213207
12432,0.841866527632951,0.12688869137867936,0.8731113086213207
12433,0.841866527632951,0.12690611875010893,0.8730938812498911
12434,0.8418839068474105,0.12690611875010893,0.8730938812498911
12435,0.8418839068474105,0.12694097349296807,0.8730590265070319
12436,0.8419186652763295,0.12694097349296807,0.8730590265070319
12437,0.8419186652763295,0.12695840086439764,0.8730415991356024
12438,0.8419360444907891,0.12695840086439764,0.8730415991356024
12439,0.8419360444907891,0.12702811035011588,0.8729718896498841
12440,0.841970802919708,0.12702811035011588,0.8729718896498841
12441,0.841970802919708,0.12706296509297502,0.872937034907025
12442,0.8419881821341675,0.12706296509297502,0.872937034907025
12443,0.8419881821341675,0.12709781983583415,0.8729021801641659
12444,0.8420229405630866,0.12709781983583415,0.8729021801641659
12445,0.8420229405630866,0.12711524720726372,0.8728847527927363
12446,0.842040319777546,0.12711524720726372,0.8728847527927363
12447,0.842040319777546,0.1271326745786933,0.8728673254213067
12448,0.8420576989920056,0.1271326745786933,0.8728673254213067
12449,0.8420576989920056,0.12720238406441156,0.8727976159355885
12450,0.8420924574209245,0.12720238406441156,0.8727976159355885
12451,0.8420924574209245,0.1272372388072707,0.8727627611927293
12452,0.8421098366353841,0.1272372388072707,0.8727627611927293
12453,0.8421098366353841,0.12725466617870027,0.8727453338212997
12454,0.8421445950643031,0.12725466617870027,0.8727453338212997
12455,0.8421445950643031,0.12727209355012983,0.8727279064498702
12456,0.8421619742787626,0.12727209355012983,0.8727279064498702
12457,0.8421619742787626,0.12735923040727767,0.8726407695927223
12458,0.8421967327076816,0.12735923040727767,0.8726407695927223
12459,0.8421967327076816,0.1273940851501368,0.8726059148498632
12460,0.8422836287799792,0.1273940851501368,0.8726059148498632
12461,0.8422836287799792,0.12744636726442551,0.8725536327355745
12462,0.8423357664233576,0.12744636726442551,0.8725536327355745
12463,0.8423357664233576,0.12746379463585508,0.8725362053641449
12464,0.8423879040667361,0.12746379463585508,0.8725362053641449
12465,0.8423879040667361,0.1275160767501438,0.8724839232498562
12466,0.8424400417101147,0.1275160767501438,0.8724839232498562
12467,0.8424400417101147,0.12753350412157335,0.8724664958784266
12468,0.8424748001390338,0.12753350412157335,0.8724664958784266
12469,0.8424748001390338,0.12755093149300292,0.8724490685069971
12470,0.8425616962113313,0.12755093149300292,0.8724490685069971
12471,0.8425616962113313,0.1275683588644325,0.8724316411355675
12472,0.8426138338547098,0.1275683588644325,0.8724316411355675
12473,0.8426138338547098,0.12758578623586206,0.872414213764138
12474,0.8426833507125477,0.12758578623586206,0.872414213764138
12475,0.8426833507125477,0.1276032136072916,0.8723967863927085
12476,0.8427007299270073,0.1276032136072916,0.8723967863927085
12477,0.8427007299270073,0.12762064097872117,0.8723793590212788
12478,0.8427528675703858,0.12762064097872117,0.8723793590212788
12479,0.8427528675703858,0.12763806835015074,0.8723619316498492
12480,0.8427702467848454,0.12763806835015074,0.8723619316498492
12481,0.8427702467848454,0.1276554957215803,0.8723445042784197
12482,0.8427876259993048,0.1276554957215803,0.8723445042784197
12483,0.8427876259993048,0.12769035046443944,0.8723096495355606
12484,0.8428397636426833,0.12769035046443944,0.8723096495355606
12485,0.8428397636426833,0.12774263257872814,0.8722573674212719
12486,0.8428745220716024,0.12774263257872814,0.8722573674212719
12487,0.8428745220716024,0.12777748732158728,0.8722225126784127
12488,0.8428919012860618,0.12777748732158728,0.8722225126784127
12489,0.8428919012860618,0.12779491469301685,0.8722050853069832
12490,0.8429614181438999,0.12779491469301685,0.8722050853069832
12491,0.8429614181438999,0.12782976943587598,0.872170230564124
12492,0.8430135557872784,0.12782976943587598,0.872170230564124
12493,0.8430135557872784,0.12784719680730555,0.8721528031926944
12494,0.8430309350017379,0.12784719680730555,0.8721528031926944
12495,0.8430309350017379,0.12786462417873512,0.8721353758212649
12496,0.843065693430657,0.12786462417873512,0.8721353758212649
12497,0.843065693430657,0.1278820515501647,0.8721179484498354
12498,0.8431004518595759,0.1278820515501647,0.8721179484498354
12499,0.8431004518595759,0.12789947892159426,0.8721005210784057
12500,0.8431525895029545,0.12789947892159426,0.8721005210784057
12501,0.8431525895029545,0.12791690629302382,0.8720830937069761
12502,0.843204727146333,0.12791690629302382,0.8720830937069761
12503,0.843204727146333,0.12805632526446037,0.8719436747355396
12504,0.8432742440041711,0.12805632526446037,0.8719436747355396
12505,0.8432742440041711,0.1280911800073195,0.8719088199926806
12506,0.8433263816475496,0.1280911800073195,0.8719088199926806
12507,0.8433263816475496,0.12810860737874907,0.8718913926212509
12508,0.8433611400764686,0.12810860737874907,0.8718913926212509
12509,0.8433611400764686,0.12821317160732645,0.8717868283926735
12510,0.843378519290928,0.12821317160732645,0.8717868283926735
12511,0.843378519290928,0.12823059897875602,0.871769401021244
12512,0.8433958985053875,0.12823059897875602,0.871769401021244
12513,0.8433958985053875,0.1282480263501856,0.8717519736498144
12514,0.8434132777198471,0.1282480263501856,0.8717519736498144
12515,0.8434132777198471,0.12828288109304473,0.8717171189069552
12516,0.8434480361487661,0.12828288109304473,0.8717171189069552
12517,0.8434480361487661,0.1283003084644743,0.8716996915355257
12518,0.843482794577685,0.1283003084644743,0.8716996915355257
12519,0.843482794577685,0.12831773583590386,0.8716822641640961
12520,0.8435001737921446,0.12831773583590386,0.8716822641640961
12521,0.8435001737921446,0.12838744532162213,0.8716125546783778
12522,0.8435175530066041,0.12838744532162213,0.8716125546783778
12523,0.8435175530066041,0.12842230006448127,0.8715776999355187
12524,0.8435349322210636,0.12842230006448127,0.8715776999355187
12525,0.8435349322210636,0.1284571548073404,0.8715428451926596
12526,0.8435523114355231,0.1284571548073404,0.8715428451926596
12527,0.8435523114355231,0.12847458217876997,0.87152541782123
12528,0.8436044490789016,0.12847458217876997,0.87152541782123
12529,0.8436044490789016,0.12852686429305868,0.8714731357069413
12530,0.8436392075078206,0.12852686429305868,0.8714731357069413
12531,0.8436392075078206,0.12854429166448825,0.8714557083355118
12532,0.8437087243656587,0.12854429166448825,0.8714557083355118
12533,0.8437087243656587,0.12856171903591782,0.8714382809640822
12534,0.8437434827945777,0.12856171903591782,0.8714382809640822
12535,0.8437434827945777,0.12857914640734738,0.8714208535926526
12536,0.8437782412234967,0.12857914640734738,0.8714208535926526
12537,0.8437782412234967,0.12859657377877695,0.871403426221223
12538,0.8438303788668752,0.12859657377877695,0.871403426221223
12539,0.8438303788668752,0.1286837106359248,0.8713162893640752
12540,0.8438825165102537,0.1286837106359248,0.8713162893640752
12541,0.8438825165102537,0.12870113800735436,0.8712988619926456
12542,0.8439694125825513,0.12870113800735436,0.8712988619926456
12543,0.8439694125825513,0.12871856537878393,0.8712814346212161
12544,0.8440215502259298,0.12871856537878393,0.8712814346212161
12545,0.8440215502259298,0.12875342012164306,0.871246579878357
12546,0.8440389294403893,0.12875342012164306,0.871246579878357
12547,0.8440389294403893,0.1287882748645022,0.8712117251354978
12548,0.8440563086548488,0.1287882748645022,0.8712117251354978
12549,0.8440563086548488,0.12880570223593177,0.8711942977640682
12550,0.8441258255126868,0.12880570223593177,0.8711942977640682
12551,0.8441258255126868,0.12889283909307958,0.8711071609069204
12552,0.8441605839416059,0.12889283909307958,0.8711071609069204
12553,0.8441605839416059,0.12891026646450915,0.8710897335354908
12554,0.8441953423705248,0.12891026646450915,0.8710897335354908
12555,0.8441953423705248,0.12892769383593872,0.8710723061640613
12556,0.8442474800139034,0.12892769383593872,0.8710723061640613
12557,0.8442474800139034,0.12894512120736829,0.8710548787926318
12558,0.8443169968717414,0.12894512120736829,0.8710548787926318
12559,0.8443169968717414,0.12896254857879785,0.8710374514212021
12560,0.8443865137295794,0.12896254857879785,0.8710374514212021
12561,0.8443865137295794,0.128997403321657,0.871002596678343
12562,0.8444560305874175,0.128997403321657,0.871002596678343
12563,0.8444560305874175,0.12903225806451613,0.8709677419354839
12564,0.844508168230796,0.12903225806451613,0.8709677419354839
12565,0.844508168230796,0.12906711280737526,0.8709328871926247
12566,0.8445255474452554,0.12906711280737526,0.8709328871926247
12567,0.8445255474452554,0.12908454017880483,0.8709154598211952
12568,0.844542926659715,0.12908454017880483,0.8709154598211952
12569,0.844542926659715,0.12913682229309353,0.8708631777069065
12570,0.844577685088634,0.12913682229309353,0.8708631777069065
12571,0.844577685088634,0.1291542496645231,0.870845750335477
12572,0.8445950643030935,0.1291542496645231,0.870845750335477
12573,0.8445950643030935,0.12917167703595267,0.8708283229640473
12574,0.844612443517553,0.12917167703595267,0.8708283229640473
12575,0.844612443517553,0.1292065317788118,0.8707934682211882
12576,0.844647201946472,0.1292065317788118,0.8707934682211882
12577,0.844647201946472,0.12922395915024137,0.8707760408497587
12578,0.8446645811609316,0.12922395915024137,0.8707760408497587
12579,0.8446645811609316,0.12924138652167094,0.8707586134783291
12580,0.8447167188043101,0.12924138652167094,0.8707586134783291
12581,0.8447167188043101,0.12927624126453008,0.8707237587354699
12582,0.844786235662148,0.12927624126453008,0.8707237587354699
12583,0.844786235662148,0.12929366863595965,0.8707063313640404
12584,0.8448731317344456,0.12929366863595965,0.8707063313640404
12585,0.8448731317344456,0.12931109600738921,0.8706889039926108
12586,0.8448905109489051,0.12931109600738921,0.8706889039926108
12587,0.8448905109489051,0.12934595075024835,0.8706540492497516
12588,0.8449600278067432,0.12934595075024835,0.8706540492497516
12589,0.8449600278067432,0.12936337812167792,0.8706366218783221
12590,0.8450295446645811,0.12936337812167792,0.8706366218783221
12591,0.8450295446645811,0.1293808054931075,0.8706191945068925
12592,0.8450643030935002,0.1293808054931075,0.8706191945068925
12593,0.8450643030935002,0.12939823286453705,0.8706017671354629
12594,0.8451511991657977,0.12939823286453705,0.8706017671354629
12595,0.8451511991657977,0.1294156602359666,0.8705843397640334
12596,0.8451859575947167,0.1294156602359666,0.8705843397640334
12597,0.8451859575947167,0.12943308760739616,0.8705669123926039
12598,0.8452207160236357,0.12943308760739616,0.8705669123926039
12599,0.8452207160236357,0.1294679423502553,0.8705320576497447
12600,0.8452380952380952,0.1294679423502553,0.8705320576497447
12601,0.8452380952380952,0.12948536972168487,0.8705146302783151
12602,0.8452902328814738,0.12948536972168487,0.8705146302783151
12603,0.8452902328814738,0.129520224464544,0.870479775535456
12604,0.8453076120959333,0.129520224464544,0.870479775535456
12605,0.8453076120959333,0.12953765183597357,0.8704623481640265
12606,0.8453423705248523,0.12953765183597357,0.8704623481640265
12607,0.8453423705248523,0.1295725065788327,0.8704274934211673
12608,0.8454292665971498,0.1295725065788327,0.8704274934211673
12609,0.8454292665971498,0.12958993395026228,0.8704100660497377
12610,0.8454640250260689,0.12958993395026228,0.8704100660497377
12611,0.8454640250260689,0.12960736132169184,0.8703926386783082
12612,0.8454814042405283,0.12960736132169184,0.8703926386783082
12613,0.8454814042405283,0.12967707080741012,0.8703229291925899
12614,0.8455161626694473,0.12967707080741012,0.8703229291925899
12615,0.8455161626694473,0.12971192555026925,0.8702880744497308
12616,0.8455335418839068,0.12971192555026925,0.8702880744497308
12617,0.8455335418839068,0.12972935292169882,0.8702706470783012
12618,0.8455509210983664,0.12972935292169882,0.8702706470783012
12619,0.8455509210983664,0.1297467802931284,0.8702532197068716
12620,0.8455856795272854,0.1297467802931284,0.8702532197068716
12621,0.8455856795272854,0.12978163503598752,0.8702183649640125
12622,0.8456030587417449,0.12978163503598752,0.8702183649640125
12623,0.8456030587417449,0.12988619926456493,0.8701138007354351
12624,0.8456551963851234,0.12988619926456493,0.8701138007354351
12625,0.8456551963851234,0.12992105400742407,0.870078945992576
12626,0.8457247132429614,0.12992105400742407,0.870078945992576
12627,0.8457247132429614,0.12993848137885364,0.8700615186211463
12628,0.8457420924574209,0.12993848137885364,0.8700615186211463
12629,0.8457420924574209,0.12997333612171277,0.8700266638782872
12630,0.8457594716718805,0.12997333612171277,0.8700266638782872
12631,0.8457594716718805,0.12999076349314234,0.8700092365068577
12632,0.8457768508863399,0.12999076349314234,0.8700092365068577
12633,0.8457768508863399,0.1300081908645719,0.8699918091354281
12634,0.845811609315259,0.1300081908645719,0.8699918091354281
12635,0.845811609315259,0.13002561823600145,0.8699743817639985
12636,0.8458637469586374,0.13002561823600145,0.8699743817639985
12637,0.8458637469586374,0.13007790035029015,0.8699220996497099
12638,0.8460549183176921,0.13007790035029015,0.8699220996497099
12639,0.8460549183176921,0.13009532772171972,0.8699046722782803
12640,0.8461070559610706,0.13009532772171972,0.8699046722782803
12641,0.8461070559610706,0.13014760983600843,0.8698523901639916
12642,0.8461939520333681,0.13014760983600843,0.8698523901639916
12643,0.8461939520333681,0.13018246457886756,0.8698175354211324
12644,0.8462287104622871,0.13018246457886756,0.8698175354211324
12645,0.8462287104622871,0.13019989195029713,0.8698001080497029
12646,0.8462460896767466,0.13019989195029713,0.8698001080497029
12647,0.8462460896767466,0.1302173193217267,0.8697826806782734
12648,0.8462982273201252,0.1302173193217267,0.8697826806782734
12649,0.8462982273201252,0.13023474669315627,0.8697652533068437
12650,0.8463156065345846,0.13023474669315627,0.8697652533068437
12651,0.8463156065345846,0.13028702880744497,0.8697129711925551
12652,0.8463677441779631,0.13028702880744497,0.8697129711925551
12653,0.8463677441779631,0.13030445617887454,0.8696955438211255
12654,0.8464025026068822,0.13030445617887454,0.8696955438211255
12655,0.8464025026068822,0.1303218835503041,0.8696781164496958
12656,0.8464198818213416,0.1303218835503041,0.8696781164496958
12657,0.8464198818213416,0.1303741656645928,0.8696258343354072
12658,0.8464372610358012,0.1303741656645928,0.8696258343354072
12659,0.8464372610358012,0.13039159303602238,0.8696084069639776
12660,0.8464546402502607,0.13039159303602238,0.8696084069639776
12661,0.8464546402502607,0.13040902040745195,0.869590979592548
12662,0.8465589155370177,0.13040902040745195,0.869590979592548
12663,0.8465589155370177,0.13042644777888152,0.8695735522211185
12664,0.8466110531803962,0.13042644777888152,0.8695735522211185
12665,0.8466110531803962,0.13046130252174065,0.8695386974782593
12666,0.8466284323948557,0.13046130252174065,0.8695386974782593
12667,0.8466284323948557,0.13047872989317022,0.8695212701068298
12668,0.8466458116093153,0.13047872989317022,0.8695212701068298
12669,0.8466458116093153,0.1304961572645998,0.8695038427354003
12670,0.8466805700382343,0.1304961572645998,0.8695038427354003
12671,0.8466805700382343,0.13051358463602936,0.8694864153639706
12672,0.8466979492526938,0.13051358463602936,0.8694864153639706
12673,0.8466979492526938,0.13056586675031806,0.869434133249682
12674,0.8467153284671532,0.13056586675031806,0.869434133249682
12675,0.8467153284671532,0.13058329412174763,0.8694167058782524
12676,0.8467500868960723,0.13058329412174763,0.8694167058782524
12677,0.8467500868960723,0.13067043097889544,0.8693295690211046
12678,0.8467674661105318,0.13067043097889544,0.8693295690211046
12679,0.8467674661105318,0.130687858350325,0.869312141649675
12680,0.8469238790406673,0.130687858350325,0.869312141649675
12681,0.8469238790406673,0.13072271309318415,0.8692772869068158
12682,0.8469412582551269,0.13072271309318415,0.8692772869068158
12683,0.8469412582551269,0.13075756783604328,0.8692424321639567
12684,0.8469760166840459,0.13075756783604328,0.8692424321639567
12685,0.8469760166840459,0.13077499520747285,0.8692250047925272
12686,0.8470281543274244,0.13077499520747285,0.8692250047925272
12687,0.8470281543274244,0.13082727732176155,0.8691727226782384
12688,0.8470455335418839,0.13082727732176155,0.8691727226782384
12689,0.8470455335418839,0.1308621320646207,0.8691378679353793
12690,0.8470976711852625,0.1308621320646207,0.8691378679353793
12691,0.8470976711852625,0.13094926892176853,0.8690507310782315
12692,0.8472019464720195,0.13094926892176853,0.8690507310782315
12693,0.8472019464720195,0.1309666962931981,0.8690333037068019
12694,0.8472367049009385,0.1309666962931981,0.8690333037068019
12695,0.8472367049009385,0.13098412366462767,0.8690158763353724
12696,0.8473062217587765,0.13098412366462767,0.8690158763353724
12697,0.8473062217587765,0.13100155103605723,0.8689984489639427
12698,0.8473931178310741,0.13100155103605723,0.8689984489639427
12699,0.8473931178310741,0.1310189784074868,0.8689810215925132
12700,0.8474104970455335,0.1310189784074868,0.8689810215925132
12701,0.8474104970455335,0.13103640577891637,0.8689635942210836
12702,0.847427876259993,0.13103640577891637,0.8689635942210836
12703,0.847427876259993,0.1310712605217755,0.8689287394782245
12704,0.8474452554744526,0.1310712605217755,0.8689287394782245
12705,0.8474452554744526,0.13108868789320507,0.868911312106795
12706,0.847462634688912,0.13108868789320507,0.868911312106795
12707,0.847462634688912,0.13110611526463464,0.8688938847353653
12708,0.8474800139033716,0.13110611526463464,0.8688938847353653
12709,0.8474800139033716,0.1311235426360642,0.8688764573639358
12710,0.8474973931178311,0.1311235426360642,0.8688764573639358
12711,0.8474973931178311,0.13114097000749378,0.8688590299925062
12712,0.8475321515467501,0.13114097000749378,0.8688590299925062
12713,0.8475321515467501,0.13115839737892335,0.8688416026210767
12714,0.8475495307612096,0.13115839737892335,0.8688416026210767
12715,0.8475495307612096,0.13117582475035292,0.8688241752496471
12716,0.8477233229058047,0.13117582475035292,0.8688241752496471
12717,0.8477233229058047,0.13119325212178248,0.8688067478782175
12718,0.8478275981925617,0.13119325212178248,0.8688067478782175
12719,0.8478275981925617,0.13121067949321205,0.8687893205067879
12720,0.8478449774070212,0.13121067949321205,0.8687893205067879
12721,0.8478449774070212,0.13136752583607814,0.8686324741639219
12722,0.8478623566214807,0.13136752583607814,0.8686324741639219
12723,0.8478623566214807,0.1314372353217964,0.8685627646782036
12724,0.8478797358359402,0.1314372353217964,0.8685627646782036
12725,0.8478797358359402,0.13145466269322598,0.868545337306774
12726,0.8478971150503998,0.13145466269322598,0.868545337306774
12727,0.8478971150503998,0.1314895174360851,0.8685104825639149
12728,0.8479144942648592,0.1314895174360851,0.8685104825639149
12729,0.8479144942648592,0.13152437217894425,0.8684756278210557
12730,0.8479666319082377,0.13152437217894425,0.8684756278210557
12731,0.8479666319082377,0.13154179955037382,0.8684582004496262
12732,0.8479840111226973,0.13154179955037382,0.8684582004496262
12733,0.8479840111226973,0.13155922692180338,0.8684407730781967
12734,0.8480013903371567,0.13155922692180338,0.8684407730781967
12735,0.8480013903371567,0.13157665429323295,0.868423345706767
12736,0.8480361487660758,0.13157665429323295,0.868423345706767
12737,0.8480361487660758,0.13159408166466252,0.8684059183353374
12738,0.8480882864094543,0.13159408166466252,0.8684059183353374
12739,0.8480882864094543,0.13164636377895123,0.8683536362210488
12740,0.8481056656239138,0.13164636377895123,0.8683536362210488
12741,0.8481056656239138,0.1316637911503808,0.8683362088496192
12742,0.8481404240528329,0.1316637911503808,0.8683362088496192
12743,0.8481404240528329,0.13168121852181036,0.8683187814781896
12744,0.8482273201251304,0.13168121852181036,0.8683187814781896
12745,0.8482273201251304,0.13169864589323993,0.8683013541067601
12746,0.8483489746263468,0.13169864589323993,0.8683013541067601
12747,0.8483489746263468,0.13178578275038777,0.8682142172496122
12748,0.8485053875564824,0.13178578275038777,0.8682142172496122
12749,0.8485053875564824,0.1318206374932469,0.8681793625067531
12750,0.84859228362878,0.1318206374932469,0.8681793625067531
12751,0.84859228362878,0.13185549223610601,0.868144507763894
12752,0.8486444212721584,0.13185549223610601,0.868144507763894
12753,0.8486444212721584,0.13187291960753558,0.8681270803924644
12754,0.848661800486618,0.13187291960753558,0.8681270803924644
12755,0.848661800486618,0.13190777435039472,0.8680922256496053
12756,0.8487313173444561,0.13190777435039472,0.8680922256496053
12757,0.8487313173444561,0.1319252017218243,0.8680747982781757
12758,0.8487834549878346,0.1319252017218243,0.8680747982781757
12759,0.8487834549878346,0.13196005646468342,0.8680399435353165
12760,0.848800834202294,0.13196005646468342,0.8680399435353165
12761,0.848800834202294,0.131977483836113,0.868022516163887
12762,0.8488355926312131,0.131977483836113,0.868022516163887
12763,0.8488355926312131,0.1320297659504017,0.8679702340495983
12764,0.8488703510601321,0.1320297659504017,0.8679702340495983
12765,0.8488703510601321,0.13206462069326083,0.8679353793067391
12766,0.8489051094890511,0.13206462069326083,0.8679353793067391
12767,0.8489051094890511,0.1320820480646904,0.8679179519353096
12768,0.8489224887035106,0.1320820480646904,0.8679179519353096
12769,0.8489224887035106,0.13209947543611997,0.86790052456388
12770,0.8489572471324296,0.13209947543611997,0.86790052456388
12771,0.8489572471324296,0.13215175755040867,0.8678482424495914
12772,0.8490093847758081,0.13215175755040867,0.8678482424495914
12773,0.8490093847758081,0.13216918492183824,0.8678308150781617
12774,0.8490615224191866,0.13216918492183824,0.8678308150781617
12775,0.8490615224191866,0.1321866122932678,0.8678133877067322
12776,0.8490789016336462,0.1321866122932678,0.8678133877067322
12777,0.8490789016336462,0.13220403966469738,0.8677959603353026
12778,0.8491136600625652,0.13220403966469738,0.8677959603353026
12779,0.8491136600625652,0.13222146703612694,0.8677785329638731
12780,0.8491484184914841,0.13222146703612694,0.8677785329638731
12781,0.8491484184914841,0.1322388944075565,0.8677611055924435
12782,0.8492700729927007,0.1322388944075565,0.8677611055924435
12783,0.8492700729927007,0.13225632177898608,0.867743678221014
12784,0.8492874522071603,0.13225632177898608,0.867743678221014
12785,0.8492874522071603,0.13227374915041565,0.8677262508495843
12786,0.8493395898505387,0.13227374915041565,0.8677262508495843
12787,0.8493395898505387,0.13229117652184522,0.8677088234781548
12788,0.8493743482794578,0.13229117652184522,0.8677088234781548
12789,0.8493743482794578,0.13234345863613392,0.867656541363866
12790,0.8494264859228363,0.13234345863613392,0.867656541363866
12791,0.8494264859228363,0.13237831337899306,0.8676216866210069
12792,0.8494612443517553,0.13237831337899306,0.8676216866210069
12793,0.8494612443517553,0.13239574075042262,0.8676042592495774
12794,0.8494786235662148,0.13239574075042262,0.8676042592495774
12795,0.8494786235662148,0.13243059549328176,0.8675694045067183
12796,0.8494960027806743,0.13243059549328176,0.8675694045067183
12797,0.8494960027806743,0.13244802286471133,0.8675519771352886
12798,0.8495307612095934,0.13244802286471133,0.8675519771352886
12799,0.8495307612095934,0.132500304979,0.867499695021
12800,0.8495655196385123,0.132500304979,0.867499695021
12801,0.8495655196385123,0.1325525870932887,0.8674474129067113
12802,0.8495828988529719,0.1325525870932887,0.8674474129067113
12803,0.8495828988529719,0.13257001446471828,0.8674299855352817
12804,0.8496176572818909,0.13257001446471828,0.8674299855352817
12805,0.8496176572818909,0.13258744183614785,0.8674125581638521
12806,0.8496350364963504,0.13258744183614785,0.8674125581638521
12807,0.8496350364963504,0.13262229657900698,0.8673777034209931
12808,0.8496697949252694,0.13262229657900698,0.8673777034209931
12809,0.8496697949252694,0.13269200606472525,0.8673079939352748
12810,0.8497393117831074,0.13269200606472525,0.8673079939352748
12811,0.8497393117831074,0.13270943343615482,0.8672905665638452
12812,0.849930483142162,0.13270943343615482,0.8672905665638452
12813,0.849930483142162,0.1327268608075844,0.8672731391924156
12814,0.849965241571081,0.1327268608075844,0.8672731391924156
12815,0.849965241571081,0.1327791429218731,0.8672208570781269
12816,0.8499826207855405,0.1327791429218731,0.8672208570781269
12817,0.8499826207855405,0.1328314250361618,0.8671685749638383
12818,0.85,0.1328314250361618,0.8671685749638383
12819,0.85,0.13284885240759137,0.8671511475924086
12820,0.850069516857838,0.13284885240759137,0.8671511475924086
12821,0.850069516857838,0.13286627977902093,0.867133720220979
12822,0.8500868960722975,0.13286627977902093,0.867133720220979
12823,0.8500868960722975,0.1328837071504505,0.8671162928495495
12824,0.8501216545012166,0.1328837071504505,0.8671162928495495
12825,0.8501216545012166,0.1329359892647392,0.8670640107352607
12826,0.8501564129301356,0.1329359892647392,0.8670640107352607
12827,0.8501564129301356,0.13295341663616878,0.8670465833638312
12828,0.8501737921445951,0.13295341663616878,0.8670465833638312
12829,0.8501737921445951,0.13297084400759834,0.8670291559924017
12830,0.8502259297879736,0.13297084400759834,0.8670291559924017
12831,0.8502259297879736,0.13300569875045748,0.8669943012495425
12832,0.8502433090024331,0.13300569875045748,0.8669943012495425
12833,0.8502433090024331,0.13302312612188705,0.866976873878113
12834,0.8502780674313521,0.13302312612188705,0.866976873878113
12835,0.8502780674313521,0.13311026297903486,0.8668897370209652
12836,0.8503128258602711,0.13311026297903486,0.8668897370209652
12837,0.8503128258602711,0.13312769035046443,0.8668723096495355
12838,0.8503475842891901,0.13312769035046443,0.8668723096495355
12839,0.8503475842891901,0.133145117721894,0.866854882278106
12840,0.8503649635036497,0.133145117721894,0.866854882278106
12841,0.8503649635036497,0.13321482720761227,0.8667851727923878
12842,0.8503823427181092,0.13321482720761227,0.8667851727923878
12843,0.8503823427181092,0.13323225457904184,0.8667677454209581
12844,0.8504344803614876,0.13323225457904184,0.8667677454209581
12845,0.8504344803614876,0.1332496819504714,0.8667503180495286
12846,0.8505039972193257,0.1332496819504714,0.8667503180495286
12847,0.8505039972193257,0.13326710932190097,0.866732890678099
12848,0.8505908932916232,0.13326710932190097,0.866732890678099
12849,0.8505908932916232,0.1333019640647601,0.8666980359352399
12850,0.8506082725060827,0.1333019640647601,0.8666980359352399
12851,0.8506082725060827,0.13331939143618968,0.8666806085638104
12852,0.8506604101494613,0.13331939143618968,0.8666806085638104
12853,0.8506604101494613,0.13337167355047838,0.8666283264495216
12854,0.8506777893639208,0.13337167355047838,0.8666283264495216
12855,0.8506777893639208,0.13338910092190795,0.8666108990780921
12856,0.8506951685783802,0.13338910092190795,0.8666108990780921
12857,0.8506951685783802,0.13340652829333752,0.8665934717066625
12858,0.8507125477928398,0.13340652829333752,0.8665934717066625
12859,0.8507125477928398,0.13351109252191493,0.866488907478085
12860,0.8507299270072993,0.13351109252191493,0.866488907478085
12861,0.8507299270072993,0.13354594726477406,0.8664540527352259
12862,0.8507473062217588,0.13354594726477406,0.8664540527352259
12863,0.8507473062217588,0.13356337463620363,0.8664366253637964
12864,0.8507646854362183,0.13356337463620363,0.8664366253637964
12865,0.8507646854362183,0.13359822937906277,0.8664017706209373
12866,0.8508168230795968,0.13359822937906277,0.8664017706209373
12867,0.8508168230795968,0.1336330841219219,0.8663669158780781
12868,0.8508342022940563,0.1336330841219219,0.8663669158780781
12869,0.8508342022940563,0.13365051149335147,0.8663494885066485
12870,0.8509384775808133,0.13365051149335147,0.8663494885066485
12871,0.8509384775808133,0.13366793886478104,0.866332061135219
12872,0.8509558567952729,0.13366793886478104,0.866332061135219
12873,0.8509558567952729,0.13368536623621058,0.8663146337637895
12874,0.8509732360097324,0.13368536623621058,0.8663146337637895
12875,0.8509732360097324,0.13373764835049928,0.8662623516495007
12876,0.8510253736531109,0.13373764835049928,0.8662623516495007
12877,0.8510253736531109,0.13375507572192885,0.8662449242780712
12878,0.8510601320820299,0.13375507572192885,0.8662449242780712
12879,0.8510601320820299,0.13380735783621756,0.8661926421637824
12880,0.8511122697254084,0.13380735783621756,0.8661926421637824
12881,0.8511122697254084,0.13382478520764712,0.8661752147923529
12882,0.851164407368787,0.13382478520764712,0.8661752147923529
12883,0.851164407368787,0.1338422125790767,0.8661577874209233
12884,0.8511817865832464,0.1338422125790767,0.8661577874209233
12885,0.8511817865832464,0.13385963995050626,0.8661403600494937
12886,0.8511991657977059,0.13385963995050626,0.8661403600494937
12887,0.8511991657977059,0.13387706732193583,0.8661229326780642
12888,0.8512165450121655,0.13387706732193583,0.8661229326780642
12889,0.8512165450121655,0.1338944946933654,0.8661055053066347
12890,0.8512339242266249,0.1338944946933654,0.8661055053066347
12891,0.8512339242266249,0.1339467768076541,0.8660532231923459
12892,0.851338199513382,0.1339467768076541,0.8660532231923459
12893,0.851338199513382,0.13398163155051324,0.8660183684494868
12894,0.851442474800139,0.13398163155051324,0.8660183684494868
12895,0.851442474800139,0.1339990589219428,0.8660009410780571
12896,0.8514598540145986,0.1339990589219428,0.8660009410780571
12897,0.8514598540145986,0.13403391366480194,0.8659660863351981
12898,0.851477233229058,0.13403391366480194,0.8659660863351981
12899,0.851477233229058,0.1340513410362315,0.8659486589637685
12900,0.8515293708724365,0.1340513410362315,0.8659486589637685
12901,0.8515293708724365,0.13408619577909064,0.8659138042209094
12902,0.8515467500868961,0.13408619577909064,0.8659138042209094
12903,0.8515467500868961,0.1341036231505202,0.8658963768494798
12904,0.8515641293013556,0.1341036231505202,0.8658963768494798
12905,0.8515641293013556,0.13419076000766805,0.865809239992332
12906,0.8516162669447341,0.13419076000766805,0.865809239992332
12907,0.8516162669447341,0.1342256147505272,0.8657743852494728
12908,0.8516510253736531,0.1342256147505272,0.8657743852494728
12909,0.8516510253736531,0.13424304212195676,0.8657569578780433
12910,0.8516684045881127,0.13424304212195676,0.8657569578780433
12911,0.8516684045881127,0.13429532423624543,0.8657046757637545
12912,0.8517900590893291,0.13429532423624543,0.8657046757637545
12913,0.8517900590893291,0.134312751607675,0.865687248392325
12914,0.8518421967327077,0.134312751607675,0.865687248392325
12915,0.8518421967327077,0.13433017897910457,0.8656698210208954
12916,0.8519117135905457,0.13433017897910457,0.8656698210208954
12917,0.8519117135905457,0.1343650337219637,0.8656349662780363
12918,0.8519464720194647,0.1343650337219637,0.8656349662780363
12919,0.8519464720194647,0.13438246109339327,0.8656175389066068
12920,0.8519986096628432,0.13438246109339327,0.8656175389066068
12921,0.8519986096628432,0.13439988846482284,0.8656001115351771
12922,0.8520681265206813,0.13439988846482284,0.8656001115351771
12923,0.8520681265206813,0.1344173158362524,0.8655826841637476
12924,0.8521202641640598,0.1344173158362524,0.8655826841637476
12925,0.8521202641640598,0.13443474320768198,0.865565256792318
12926,0.8521376433785193,0.13443474320768198,0.865565256792318
12927,0.8521376433785193,0.13446959795054111,0.8655304020494589
12928,0.8522071602363573,0.13446959795054111,0.8655304020494589
12929,0.8522071602363573,0.13448702532197068,0.8655129746780293
12930,0.8522940563086548,0.13448702532197068,0.8655129746780293
12931,0.8522940563086548,0.1345393074362594,0.8654606925637406
12932,0.8523114355231144,0.1345393074362594,0.8654606925637406
12933,0.8523114355231144,0.13460901692197766,0.8653909830780223
12934,0.8523288147375738,0.13460901692197766,0.8653909830780223
12935,0.8523288147375738,0.13462644429340723,0.8653735557065928
12936,0.8523983315954119,0.13462644429340723,0.8653735557065928
12937,0.8523983315954119,0.13466129903626636,0.8653387009637337
12938,0.8524157108098714,0.13466129903626636,0.8653387009637337
12939,0.8524157108098714,0.13467872640769593,0.865321273592304
12940,0.8524852276677094,0.13467872640769593,0.865321273592304
12941,0.8524852276677094,0.1346961537791255,0.8653038462208745
12942,0.8525373653110879,0.1346961537791255,0.8653038462208745
12943,0.8525373653110879,0.13471358115055507,0.8652864188494449
12944,0.8525721237400069,0.13471358115055507,0.8652864188494449
12945,0.8525721237400069,0.1347484358934142,0.8652515641065858
12946,0.8525895029544664,0.1347484358934142,0.8652515641065858
12947,0.8525895029544664,0.13476586326484377,0.8652341367351563
12948,0.8526242613833854,0.13476586326484377,0.8652341367351563
12949,0.8526242613833854,0.13478329063627334,0.8652167093637266
12950,0.8526937782412235,0.13478329063627334,0.8652167093637266
12951,0.8526937782412235,0.13481814537913248,0.8651818546208675
12952,0.8527632950990616,0.13481814537913248,0.8651818546208675
12953,0.8527632950990616,0.1348530001219916,0.8651469998780084
12954,0.8527980535279805,0.1348530001219916,0.8651469998780084
12955,0.8527980535279805,0.134957564350569,0.8650424356494311
12956,0.8528328119568995,0.134957564350569,0.8650424356494311
12957,0.8528328119568995,0.13497499172199856,0.8650250082780014
12958,0.8528501911713591,0.13497499172199856,0.8650250082780014
12959,0.8528501911713591,0.13499241909342813,0.8650075809065718
12960,0.8528675703858185,0.13499241909342813,0.8650075809065718
12961,0.8528675703858185,0.1350098464648577,0.8649901535351423
12962,0.8529370872436566,0.1350098464648577,0.8649901535351423
12963,0.8529370872436566,0.13502727383628726,0.8649727261637128
12964,0.8529892248870351,0.13502727383628726,0.8649727261637128
12965,0.8529892248870351,0.1350621285791464,0.8649378714208535
12966,0.8530066041014946,0.1350621285791464,0.8649378714208535
12967,0.8530066041014946,0.13507955595057597,0.864920444049424
12968,0.8530239833159541,0.13507955595057597,0.864920444049424
12969,0.8530239833159541,0.13513183806486467,0.8648681619351353
12970,0.8530413625304136,0.13513183806486467,0.8648681619351353
12971,0.8530413625304136,0.13514926543629424,0.8648507345637058
12972,0.8530587417448732,0.13514926543629424,0.8648507345637058
12973,0.8530587417448732,0.1351666928077238,0.8648333071922762
12974,0.8530761209593326,0.1351666928077238,0.8648333071922762
12975,0.8530761209593326,0.13518412017915338,0.8648158798208466
12976,0.8530935001737922,0.13518412017915338,0.8648158798208466
12977,0.8530935001737922,0.13520154755058295,0.864798452449417
12978,0.8531456378171707,0.13520154755058295,0.864798452449417
12979,0.8531456378171707,0.1352189749220125,0.8647810250779875
12980,0.8531977754605492,0.1352189749220125,0.8647810250779875
12981,0.8531977754605492,0.13523640229344208,0.864763597706558
12982,0.8532151546750086,0.13523640229344208,0.864763597706558
12983,0.8532151546750086,0.13525382966487165,0.8647461703351284
12984,0.8532325338894682,0.13525382966487165,0.8647461703351284
12985,0.8532325338894682,0.13530611177916035,0.8646938882208397
12986,0.8532499131039277,0.13530611177916035,0.8646938882208397
12987,0.8532499131039277,0.13532353915058992,0.8646764608494101
12988,0.8532672923183872,0.13532353915058992,0.8646764608494101
12989,0.8532672923183872,0.13535839389344906,0.8646416061065509
12990,0.8532846715328467,0.13535839389344906,0.8646416061065509
12991,0.8532846715328467,0.13541067600773776,0.8645893239922622
12992,0.8533194299617657,0.13541067600773776,0.8645893239922622
12993,0.8533194299617657,0.1354455307505969,0.8645544692494032
12994,0.8533368091762252,0.1354455307505969,0.8645544692494032
12995,0.8533368091762252,0.13546295812202647,0.8645370418779735
12996,0.8533889468196038,0.13546295812202647,0.8645370418779735
12997,0.8533889468196038,0.1354978128648856,0.8645021871351144
12998,0.8534237052485227,0.1354978128648856,0.8645021871351144
12999,0.8534237052485227,0.13555009497917428,0.8644499050208257
13000,0.8534410844629823,0.13555009497917428,0.8644499050208257
13001,0.8534410844629823,0.13556752235060385,0.8644324776493961
13002,0.8534584636774418,0.13556752235060385,0.8644324776493961
13003,0.8534584636774418,0.13558494972203342,0.8644150502779666
13004,0.8535106013208204,0.13558494972203342,0.8644150502779666
13005,0.8535106013208204,0.13563723183632212,0.8643627681636779
13006,0.8535453597497393,0.13563723183632212,0.8643627681636779
13007,0.8535453597497393,0.1356546592077517,0.8643453407922483
13008,0.8536322558220368,0.1356546592077517,0.8643453407922483
13009,0.8536322558220368,0.13567208657918126,0.8643279134208187
13010,0.8536843934654154,0.13567208657918126,0.8643279134208187
13011,0.8536843934654154,0.1357069413220404,0.8642930586779596
13012,0.8537017726798749,0.1357069413220404,0.8642930586779596
13013,0.8537017726798749,0.13572436869346996,0.8642756313065301
13014,0.8537712895377129,0.13572436869346996,0.8642756313065301
13015,0.8537712895377129,0.1357592234363291,0.8642407765636709
13016,0.853806047966632,0.1357592234363291,0.8642407765636709
13017,0.853806047966632,0.13579407817918823,0.8642059218208118
13018,0.8538408063955509,0.13579407817918823,0.8642059218208118
13019,0.8538408063955509,0.13582893292204737,0.8641710670779527
13020,0.8538581856100105,0.13582893292204737,0.8641710670779527
13021,0.8538581856100105,0.1358637876649065,0.8641362123350935
13022,0.8538755648244699,0.1358637876649065,0.8641362123350935
13023,0.8538755648244699,0.13588121503633607,0.8641187849636639
13024,0.8538929440389295,0.13588121503633607,0.8641187849636639
13025,0.8538929440389295,0.13589864240776564,0.8641013575922344
13026,0.8539277024678484,0.13589864240776564,0.8641013575922344
13027,0.8539277024678484,0.1359160697791952,0.8640839302208048
13028,0.853945081682308,0.1359160697791952,0.8640839302208048
13029,0.853945081682308,0.1359683518934839,0.8640316481065161
13030,0.8540319777546055,0.1359683518934839,0.8640316481065161
13031,0.8540319777546055,0.13598577926491348,0.8640142207350865
13032,0.854084115397984,0.13598577926491348,0.8640142207350865
13033,0.854084115397984,0.13605548875063175,0.8639445112493682
13034,0.8541536322558221,0.13605548875063175,0.8639445112493682
13035,0.8541536322558221,0.13607291612206132,0.8639270838779387
13036,0.8541883906847411,0.13607291612206132,0.8639270838779387
13037,0.8541883906847411,0.1360903434934909,0.8639096565065091
13038,0.8542057698992006,0.1360903434934909,0.8639096565065091
13039,0.8542057698992006,0.13612519823635,0.86387480176365
13040,0.8543448036148766,0.13612519823635,0.86387480176365
13041,0.8543448036148766,0.13616005297920913,0.8638399470207909
13042,0.8543621828293361,0.13616005297920913,0.8638399470207909
13043,0.8543621828293361,0.13619490772206827,0.8638050922779317
13044,0.8544143204727146,0.13619490772206827,0.8638050922779317
13045,0.8544143204727146,0.13621233509349784,0.8637876649065022
13046,0.8544490789016337,0.13621233509349784,0.8637876649065022
13047,0.8544490789016337,0.13629947195064568,0.8637005280493544
13048,0.8544838373305527,0.13629947195064568,0.8637005280493544
13049,0.8544838373305527,0.13638660880779352,0.8636133911922065
13050,0.8545707334028502,0.13638660880779352,0.8636133911922065
13051,0.8545707334028502,0.1364040361792231,0.8635959638207769
13052,0.8546054918317693,0.1364040361792231,0.8635959638207769
13053,0.8546054918317693,0.13642146355065266,0.8635785364493473
13054,0.8546402502606882,0.13642146355065266,0.8635785364493473
13055,0.8546402502606882,0.1364563182935118,0.8635436817064882
13056,0.8547097671185262,0.1364563182935118,0.8635436817064882
13057,0.8547097671185262,0.13647374566494136,0.8635262543350586
13058,0.8547445255474453,0.13647374566494136,0.8635262543350586
13059,0.8547445255474453,0.13649117303637093,0.8635088269636291
13060,0.8547792839763643,0.13649117303637093,0.8635088269636291
13061,0.8547792839763643,0.1365086004078005,0.8634913995921996
13062,0.8547966631908238,0.1365086004078005,0.8634913995921996
13063,0.8547966631908238,0.13652602777923006,0.8634739722207699
13064,0.8548314216197428,0.13652602777923006,0.8634739722207699
13065,0.8548314216197428,0.13654345515065963,0.8634565448493403
13066,0.8548488008342023,0.13654345515065963,0.8634565448493403
13067,0.8548488008342023,0.13657830989351877,0.8634216901064813
13068,0.8548661800486618,0.13657830989351877,0.8634216901064813
13069,0.8548661800486618,0.13659573726494834,0.8634042627350517
13070,0.8548835592631213,0.13659573726494834,0.8634042627350517
13071,0.8548835592631213,0.1366131646363779,0.863386835363622
13072,0.8549009384775809,0.1366131646363779,0.863386835363622
13073,0.8549009384775809,0.13663059200780747,0.8633694079921925
13074,0.8549530761209594,0.13663059200780747,0.8633694079921925
13075,0.8549530761209594,0.13664801937923704,0.863351980620763
13076,0.8549704553354188,0.13664801937923704,0.863351980620763
13077,0.8549704553354188,0.13668287412209618,0.8633171258779038
13078,0.8549878345498784,0.13668287412209618,0.8633171258779038
13079,0.8549878345498784,0.13670030149352574,0.8632996985064743
13080,0.8550052137643378,0.13670030149352574,0.8632996985064743
13081,0.8550052137643378,0.13673515623638485,0.8632648437636151
13082,0.8550225929787973,0.13673515623638485,0.8632648437636151
13083,0.8550225929787973,0.13675258360781442,0.8632474163921856
13084,0.8550399721932569,0.13675258360781442,0.8632474163921856
13085,0.8550399721932569,0.136770010979244,0.863229989020756
13086,0.8550747306221759,0.136770010979244,0.863229989020756
13087,0.8550747306221759,0.13678743835067356,0.8632125616493265
13088,0.8551442474800139,0.13678743835067356,0.8632125616493265
13089,0.8551442474800139,0.13680486572210313,0.8631951342778968
13090,0.8551616266944734,0.13680486572210313,0.8631951342778968
13091,0.8551616266944734,0.1368222930935327,0.8631777069064673
13092,0.8551790059089329,0.1368222930935327,0.8631777069064673
13093,0.8551790059089329,0.13683972046496226,0.8631602795350377
13094,0.8551963851233925,0.13683972046496226,0.8631602795350377
13095,0.8551963851233925,0.13685714783639183,0.8631428521636082
13096,0.8552659019812304,0.13685714783639183,0.8631428521636082
13097,0.8552659019812304,0.1368745752078214,0.8631254247921786
13098,0.85528328119569,0.1368745752078214,0.8631254247921786
13099,0.85528328119569,0.13696171206496924,0.8630382879350308
13100,0.8553006604101495,0.13696171206496924,0.8630382879350308
13101,0.8553006604101495,0.13699656680782837,0.8630034331921717
13102,0.855318039624609,0.13699656680782837,0.8630034331921717
13103,0.855318039624609,0.13701399417925794,0.862986005820742
13104,0.8553354188390685,0.13701399417925794,0.862986005820742
13105,0.8553354188390685,0.13706627629354665,0.8629337237064534
13106,0.8554049356969065,0.13706627629354665,0.8629337237064534
13107,0.8554049356969065,0.13710113103640578,0.8628988689635942
13108,0.855422314911366,0.13710113103640578,0.8628988689635942
13109,0.855422314911366,0.13713598577926492,0.8628640142207351
13110,0.8554744525547445,0.13713598577926492,0.8628640142207351
13111,0.8554744525547445,0.1371534131506945,0.8628465868493055
13112,0.8555092109836635,0.1371534131506945,0.8628465868493055
13113,0.8555092109836635,0.13722312263641276,0.8627768773635872
13114,0.855526590198123,0.13722312263641276,0.8627768773635872
13115,0.855526590198123,0.13724055000784233,0.8627594499921577
13116,0.8556830031282586,0.13724055000784233,0.8627594499921577
13117,0.8556830031282586,0.13732768686499017,0.8626723131350098
13118,0.8557003823427181,0.13732768686499017,0.8626723131350098
13119,0.8557003823427181,0.1373451142364197,0.8626548857635803
13120,0.8557177615571776,0.1373451142364197,0.8626548857635803
13121,0.8557177615571776,0.1373973963507084,0.8626026036492915
13122,0.8557872784150157,0.1373973963507084,0.8626026036492915
13123,0.8557872784150157,0.13741482372213798,0.862585176277862
13124,0.8558046576294751,0.13741482372213798,0.862585176277862
13125,0.8558046576294751,0.13744967846499712,0.8625503215350029
13126,0.8558394160583942,0.13744967846499712,0.8625503215350029
13127,0.8558394160583942,0.13753681532214496,0.862463184677855
13128,0.8558567952728536,0.13753681532214496,0.862463184677855
13129,0.8558567952728536,0.13758909743643366,0.8624109025635663
13130,0.8558915537017727,0.13758909743643366,0.8624109025635663
13131,0.8558915537017727,0.13760652480786323,0.8623934751921367
13132,0.8559263121306917,0.13760652480786323,0.8623934751921367
13133,0.8559263121306917,0.13764137955072236,0.8623586204492777
13134,0.8560132082029892,0.13764137955072236,0.8623586204492777
13135,0.8560132082029892,0.13765880692215193,0.8623411930778481
13136,0.8560305874174488,0.13765880692215193,0.8623411930778481
13137,0.8560305874174488,0.1376762342935815,0.8623237657064184
13138,0.8560827250608273,0.1376762342935815,0.8623237657064184
13139,0.8560827250608273,0.13769366166501107,0.8623063383349889
13140,0.8561174834897463,0.13769366166501107,0.8623063383349889
13141,0.8561174834897463,0.1377285164078702,0.8622714835921298
13142,0.8561174834897463,0.13776337115072934,0.8622366288492707
13143,0.8561174834897463,0.13779822589358848,0.8622017741064115
13144,0.8562565172054223,0.13779822589358848,0.8622017741064115
13145,0.8562565172054223,0.1378330806364476,0.8621669193635524
13146,0.8563260340632604,0.1378330806364476,0.8621669193635524
13147,0.8563260340632604,0.13785050800787718,0.8621494919921229
13148,0.8563434132777199,0.13785050800787718,0.8621494919921229
13149,0.8563434132777199,0.13788536275073632,0.8621146372492636
13150,0.8563607924921793,0.13788536275073632,0.8621146372492636
13151,0.8563607924921793,0.13792021749359545,0.8620797825064046
13152,0.8564303093500174,0.13792021749359545,0.8620797825064046
13153,0.8564303093500174,0.13793764486502502,0.862062355134975
13154,0.8564476885644768,0.13793764486502502,0.862062355134975
13155,0.8564476885644768,0.13797249960788413,0.8620275003921158
13156,0.8564998262078554,0.13797249960788413,0.8620275003921158
13157,0.8564998262078554,0.1379899269793137,0.8620100730206863
13158,0.8565345846367745,0.1379899269793137,0.8620100730206863
13159,0.8565345846367745,0.13802478172217283,0.8619752182778272
13160,0.8565519638512339,0.13802478172217283,0.8619752182778272
13161,0.8565519638512339,0.13807706383646154,0.8619229361635384
13162,0.856586722280153,0.13807706383646154,0.8619229361635384
13163,0.856586722280153,0.1380944912078911,0.8619055087921089
13164,0.856621480709072,0.1380944912078911,0.8619055087921089
13165,0.856621480709072,0.13811191857932067,0.8618880814206793
13166,0.8566562391379909,0.13811191857932067,0.8618880814206793
13167,0.8566562391379909,0.13812934595075024,0.8618706540492498
13168,0.85669099756691,0.13812934595075024,0.8618706540492498
13169,0.856760514424748,0.13812934595075024,0.8618706540492498
13170,0.856760514424748,0.13816420069360938,0.8618357993063906
13171,0.8567778936392075,0.13816420069360938,0.8618357993063906
13172,0.8567778936392075,0.13825133755075722,0.8617486624492428
13173,0.856795272853667,0.13825133755075722,0.8617486624492428
13174,0.856795272853667,0.1383210470364755,0.8616789529635245
13175,0.8568126520681265,0.1383210470364755,0.8616789529635245
13176,0.8568126520681265,0.13833847440790506,0.861661525592095
13177,0.8568474104970455,0.13833847440790506,0.861661525592095
13178,0.8568474104970455,0.1384256112650529,0.8615743887349471
13179,0.856864789711505,0.1384256112650529,0.8615743887349471
13180,0.856864789711505,0.13844303863648247,0.8615569613635176
13181,0.8570038234271811,0.13844303863648247,0.8615569613635176
13182,0.8570038234271811,0.13849532075077117,0.8615046792492288
13183,0.8570559610705596,0.13849532075077117,0.8615046792492288
13184,0.8570559610705596,0.1385301754936303,0.8614698245063697
13185,0.8570907194994786,0.1385301754936303,0.8614698245063697
13186,0.8570907194994786,0.13858245760791899,0.861417542392081
13187,0.8571080987139381,0.13858245760791899,0.861417542392081
13188,0.8571080987139381,0.13865216709363726,0.8613478329063627
13189,0.8572645116440737,0.13865216709363726,0.8613478329063627
13190,0.8572645116440737,0.13872187657935553,0.8612781234206445
13191,0.8572818908585332,0.13872187657935553,0.8612781234206445
13192,0.8572818908585332,0.1387393039507851,0.8612606960492148
13193,0.8573340285019118,0.1387393039507851,0.8612606960492148
13194,0.8573340285019118,0.13875673132221467,0.8612432686777853
13195,0.8574035453597497,0.13875673132221467,0.8612432686777853
13196,0.8574035453597497,0.13880901343650337,0.8611909865634966
13197,0.8574209245742093,0.13880901343650337,0.8611909865634966
13198,0.8574209245742093,0.1388438681793625,0.8611561318206375
13199,0.8574383037886687,0.1388438681793625,0.8611561318206375
13200,0.8574383037886687,0.13886129555079207,0.8611387044492079
13201,0.8574556830031282,0.13886129555079207,0.8611387044492079
13202,0.8574556830031282,0.13887872292222164,0.8611212770777783
13203,0.8574730622175878,0.13887872292222164,0.8611212770777783
13204,0.8574730622175878,0.13891357766508078,0.8610864223349193
13205,0.8575251998609663,0.13891357766508078,0.8610864223349193
13206,0.8575251998609663,0.1390181418936582,0.8609818581063418
13207,0.8575773375043448,0.1390181418936582,0.8609818581063418
13208,0.8575773375043448,0.13905299663651732,0.8609470033634827
13209,0.8576294751477234,0.13905299663651732,0.8609470033634827
13210,0.8576294751477234,0.1390704240079469,0.8609295759920531
13211,0.8576468543621828,0.1390704240079469,0.8609295759920531
13212,0.8576468543621828,0.13908785137937646,0.8609121486206235
13213,0.8577163712200209,0.13908785137937646,0.8609121486206235
13214,0.8577163712200209,0.13910527875080603,0.860894721249194
13215,0.8577511296489398,0.13910527875080603,0.860894721249194
13216,0.8577511296489398,0.13914013349366516,0.8608598665063348
13217,0.8578554049356969,0.13914013349366516,0.8608598665063348
13218,0.8578554049356969,0.13915756086509473,0.8608424391349052
13219,0.8578727841501564,0.13915756086509473,0.8608424391349052
13220,0.8578727841501564,0.13917498823652427,0.8608250117634757
13221,0.857959680222454,0.13917498823652427,0.8608250117634757
13222,0.857959680222454,0.13919241560795384,0.8608075843920462
13223,0.8579770594369135,0.13919241560795384,0.8608075843920462
13224,0.8579770594369135,0.13922727035081298,0.860772729649187
13225,0.8579944386513729,0.13922727035081298,0.860772729649187
13226,0.8579944386513729,0.1392621250936721,0.8607378749063279
13227,0.858029197080292,0.1392621250936721,0.8607378749063279
13228,0.858029197080292,0.13934926195081995,0.86065073804918
13229,0.85809871393813,0.13934926195081995,0.86065073804918
13230,0.85809871393813,0.1393841166936791,0.8606158833063209
13231,0.8581160931525895,0.1393841166936791,0.8606158833063209
13232,0.858133472367049,0.13940154406510866,0.8605984559348914
13233,0.8581508515815085,0.13940154406510866,0.8605984559348914
13234,0.8581508515815085,0.13941897143653822,0.8605810285634617
13235,0.858202989224887,0.13941897143653822,0.8605810285634617
13236,0.858202989224887,0.13947125355082693,0.8605287464491731
13237,0.8582551268682655,0.13947125355082693,0.8605287464491731
13238,0.8582551268682655,0.1394886809222565,0.8605113190777435
13239,0.8582725060827251,0.1394886809222565,0.8605113190777435
13240,0.8582725060827251,0.13952353566511563,0.8604764643348843
13241,0.8582898852971845,0.13952353566511563,0.8604764643348843
13242,0.8582898852971845,0.1396455272651226,0.8603544727348774
13243,0.8583246437261036,0.1396455272651226,0.8603544727348774
13244,0.8583246437261036,0.13969780937941131,0.8603021906205887
13245,0.8583594021550226,0.13969780937941131,0.8603021906205887
13246,0.8583594021550226,0.13975009149370002,0.8602499085063
13247,0.8583767813694821,0.13975009149370002,0.8602499085063
13248,0.8583767813694821,0.1397675188651296,0.8602324811348704
13249,0.8584636774417796,0.1397675188651296,0.8602324811348704
13250,0.8584636774417796,0.13978494623655913,0.8602150537634409
13251,0.8585505735140772,0.13978494623655913,0.8602150537634409
13252,0.8585505735140772,0.13983722835084783,0.8601627716491522
13253,0.8585679527285367,0.13983722835084783,0.8601627716491522
13254,0.8585679527285367,0.1398546557222774,0.8601453442777226
13255,0.8586027111574557,0.1398546557222774,0.8601453442777226
13256,0.8586027111574557,0.13987208309370697,0.860127916906293
13257,0.8586200903719152,0.13987208309370697,0.860127916906293
13258,0.8586200903719152,0.13988951046513654,0.8601104895348635
13259,0.8586374695863747,0.13988951046513654,0.8601104895348635
13260,0.8586374695863747,0.1399069378365661,0.860093062163434
13261,0.8586548488008342,0.1399069378365661,0.860093062163434
13262,0.8586548488008342,0.1399592199508548,0.8600407800491452
13263,0.8586896072297532,0.1399592199508548,0.8600407800491452
13264,0.8586896072297532,0.13997664732228438,0.8600233526777157
13265,0.8587069864442127,0.13997664732228438,0.8600233526777157
13266,0.8587069864442127,0.1400115020651435,0.8599884979348564
13267,0.8587243656586723,0.1400115020651435,0.8599884979348564
13268,0.8587243656586723,0.14004635680800265,0.8599536431919974
13269,0.8587938825165102,0.14004635680800265,0.8599536431919974
13270,0.8587938825165102,0.14006378417943222,0.8599362158205678
13271,0.8588286409454292,0.14006378417943222,0.8599362158205678
13272,0.8588286409454292,0.14008121155086178,0.8599187884491382
13273,0.8588460201598888,0.14008121155086178,0.8599187884491382
13274,0.8588460201598888,0.14015092103658006,0.8598490789634199
13275,0.8590024330900243,0.14015092103658006,0.8598490789634199
13276,0.8590024330900243,0.1402380578937279,0.8597619421062721
13277,0.8590198123044839,0.1402380578937279,0.8597619421062721
13278,0.8590198123044839,0.14025548526515746,0.8597445147348426
13279,0.8590545707334029,0.14025548526515746,0.8597445147348426
13280,0.8590545707334029,0.14032519475087574,0.8596748052491243
13281,0.8590719499478624,0.14032519475087574,0.8596748052491243
13282,0.8590719499478624,0.1403426221223053,0.8596573778776947
13283,0.8590893291623218,0.1403426221223053,0.8596573778776947
13284,0.8590893291623218,0.14036004949373487,0.8596399505062651
13285,0.8591240875912409,0.14036004949373487,0.8596399505062651
13286,0.8591240875912409,0.14039490423659398,0.859605095763406
13287,0.8591588460201599,0.14039490423659398,0.859605095763406
13288,0.8591588460201599,0.14044718635088269,0.8595528136491173
13289,0.8591936044490789,0.14044718635088269,0.8595528136491173
13290,0.8591936044490789,0.14046461372231225,0.8595353862776878
13291,0.8592283628779979,0.14046461372231225,0.8595353862776878
13292,0.8592283628779979,0.1404994684651714,0.8595005315348286
13293,0.859263121306917,0.1404994684651714,0.8595005315348286
13294,0.859263121306917,0.14051689583660096,0.859483104163399
13295,0.8592978797358359,0.14051689583660096,0.859483104163399
13296,0.8592978797358359,0.14053432320803053,0.8594656767919695
13297,0.8593847758081334,0.14053432320803053,0.8594656767919695
13298,0.8593847758081334,0.14056917795088966,0.8594308220491104
13299,0.859402155022593,0.14056917795088966,0.8594308220491104
13300,0.859402155022593,0.14063888743660793,0.8593611125633921
13301,0.859436913451512,0.14063888743660793,0.8593611125633921
13302,0.859436913451512,0.1406563148080375,0.8593436851919625
13303,0.8594542926659715,0.1406563148080375,0.8593436851919625
13304,0.8594542926659715,0.1407085969223262,0.8592914030776738
13305,0.8594890510948905,0.1407085969223262,0.8592914030776738
13306,0.8594890510948905,0.14072602429375577,0.8592739757062442
13307,0.8596628432394856,0.14072602429375577,0.8592739757062442
13308,0.8596628432394856,0.14074345166518534,0.8592565483348147
13309,0.8597844977407021,0.14074345166518534,0.8592565483348147
13310,0.8597844977407021,0.14077830640804448,0.8592216935919555
13311,0.8598540145985402,0.14077830640804448,0.8592216935919555
13312,0.8598540145985402,0.14079573377947405,0.8592042662205259
13313,0.8598713938129997,0.14079573377947405,0.8592042662205259
13314,0.8598713938129997,0.14083058852233318,0.8591694114776668
13315,0.8598887730274591,0.14083058852233318,0.8591694114776668
13316,0.8598887730274591,0.14091772537948102,0.859082274620519
13317,0.8599409106708377,0.14091772537948102,0.859082274620519
13318,0.8599409106708377,0.14095258012234016,0.8590474198776599
13319,0.8599756690997566,0.14095258012234016,0.8590474198776599
13320,0.8599756690997566,0.14097000749376973,0.8590299925062302
13321,0.8599930483142162,0.14097000749376973,0.8590299925062302
13322,0.8599930483142162,0.1410222896080584,0.8589777103919416
13323,0.8600104275286757,0.1410222896080584,0.8589777103919416
13324,0.8600104275286757,0.14105714435091754,0.8589428556490825
13325,0.8600278067431352,0.14105714435091754,0.8589428556490825
13326,0.8600278067431352,0.1410745717223471,0.8589254282776528
13327,0.8600625651720543,0.1410745717223471,0.8589254282776528
13328,0.8600625651720543,0.14109199909377668,0.8589080009062233
13329,0.8600973236009732,0.14109199909377668,0.8589080009062233
13330,0.8600973236009732,0.1411268538366358,0.8588731461633642
13331,0.8601147028154328,0.1411268538366358,0.8588731461633642
13332,0.8601147028154328,0.14116170857949495,0.858838291420505
13333,0.8601494612443518,0.14116170857949495,0.858838291420505
13334,0.8601494612443518,0.14117913595092452,0.8588208640490755
13335,0.8601668404588113,0.14117913595092452,0.8588208640490755
13336,0.8601668404588113,0.1412488454366428,0.8587511545633573
13337,0.8602189781021898,0.1412488454366428,0.8587511545633573
13338,0.8602189781021898,0.14128370017950193,0.858716299820498
13339,0.8602537365311088,0.14128370017950193,0.858716299820498
13340,0.8602537365311088,0.1413011275509315,0.8586988724490685
13341,0.8602711157455682,0.1413011275509315,0.8586988724490685
13342,0.8602711157455682,0.14131855492236106,0.858681445077639
13343,0.8603927702467848,0.14131855492236106,0.858681445077639
13344,0.8603927702467848,0.14133598229379063,0.8586640177062094
13345,0.8604622871046229,0.14133598229379063,0.8586640177062094
13346,0.8604622871046229,0.1414056917795089,0.8585943082204911
13347,0.8604970455335419,0.1414056917795089,0.8585943082204911
13348,0.8604970455335419,0.14142311915093847,0.8585768808490615
13349,0.8605491831769204,0.14142311915093847,0.8585768808490615
13350,0.8605491831769204,0.14144054652236804,0.858559453477632
13351,0.8605839416058394,0.14144054652236804,0.858559453477632
13352,0.8605839416058394,0.1414579738937976,0.8585420261062024
13353,0.8606013208202989,0.1414579738937976,0.8585420261062024
13354,0.8606013208202989,0.14147540126522717,0.8585245987347728
13355,0.8606360792492179,0.14147540126522717,0.8585245987347728
13356,0.8606360792492179,0.14149282863665674,0.8585071713633432
13357,0.860705596107056,0.14149282863665674,0.8585071713633432
13358,0.860705596107056,0.14156253812237501,0.8584374618776249
13359,0.860740354535975,0.14156253812237501,0.8584374618776249
13360,0.860740354535975,0.14157996549380458,0.8584200345061954
13361,0.8607577337504345,0.14157996549380458,0.8584200345061954
13362,0.8607577337504345,0.14159739286523412,0.8584026071347659
13363,0.8607924921793535,0.14159739286523412,0.8584026071347659
13364,0.8607924921793535,0.14163224760809326,0.8583677523919068
13365,0.860809871393813,0.14163224760809326,0.8583677523919068
13366,0.860809871393813,0.14168452972238196,0.858315470277618
13367,0.8608272506082725,0.14168452972238196,0.858315470277618
13368,0.8608272506082725,0.14170195709381153,0.8582980429061885
13369,0.860844629822732,0.14170195709381153,0.8582980429061885
13370,0.860844629822732,0.1417193844652411,0.8582806155347589
13371,0.8608620090371916,0.1417193844652411,0.8582806155347589
13372,0.8608620090371916,0.14173681183667067,0.8582631881633294
13373,0.8608967674661105,0.14173681183667067,0.8582631881633294
13374,0.8608967674661105,0.14175423920810024,0.8582457607918997
13375,0.8609141466805701,0.14175423920810024,0.8582457607918997
13376,0.8609141466805701,0.14180652132238894,0.8581934786776111
13377,0.8609489051094891,0.14180652132238894,0.8581934786776111
13378,0.8609489051094891,0.14184137606524808,0.858158623934752
13379,0.8610531803962461,0.14184137606524808,0.858158623934752
13380,0.8610531803962461,0.14185880343667764,0.8581411965633223
13381,0.8610705596107056,0.14185880343667764,0.8581411965633223
13382,0.8610705596107056,0.1418762308081072,0.8581237691918928
13383,0.8611053180396246,0.1418762308081072,0.8581237691918928
13384,0.8611053180396246,0.14189365817953678,0.8581063418204632
13385,0.8611400764685436,0.14189365817953678,0.8581063418204632
13386,0.8611400764685436,0.14192851292239592,0.8580714870776041
13387,0.8611922141119221,0.14192851292239592,0.8580714870776041
13388,0.8611922141119221,0.14194594029382548,0.8580540597061745
13389,0.8612095933263817,0.14194594029382548,0.8580540597061745
13390,0.8612095933263817,0.14196336766525505,0.8580366323347449
13391,0.8612269725408411,0.14196336766525505,0.8580366323347449
13392,0.8612269725408411,0.14203307715097332,0.8579669228490266
13393,0.8612617309697602,0.14203307715097332,0.8579669228490266
13394,0.8612617309697602,0.1420505045224029,0.8579494954775971
13395,0.8612791101842197,0.1420505045224029,0.8579494954775971
13396,0.8612791101842197,0.1421027866366916,0.8578972133633084
13397,0.8613312478275982,0.1421027866366916,0.8578972133633084
13398,0.8613312478275982,0.14213764137955073,0.8578623586204492
13399,0.8613486270420577,0.14213764137955073,0.8578623586204492
13400,0.8613486270420577,0.14217249612240987,0.8578275038775901
13401,0.8614007646854362,0.14217249612240987,0.8578275038775901
13402,0.8614007646854362,0.14220735086526898,0.857792649134731
13403,0.8614529023288148,0.14220735086526898,0.857792649134731
13404,0.8614529023288148,0.14222477823669855,0.8577752217633015
13405,0.8615397984011123,0.14222477823669855,0.8577752217633015
13406,0.8615397984011123,0.1422422056081281,0.8577577943918719
13407,0.8616266944734098,0.1422422056081281,0.8577577943918719
13408,0.8616266944734098,0.14225963297955768,0.8577403670204423
13409,0.8616788321167883,0.14225963297955768,0.8577403670204423
13410,0.8616788321167883,0.14227706035098725,0.8577229396490127
13411,0.8617309697601668,0.14227706035098725,0.8577229396490127
13412,0.8617309697601668,0.1423119150938464,0.8576880849061537
13413,0.8617657281890858,0.1423119150938464,0.8576880849061537
13414,0.8617657281890858,0.14232934246527595,0.857670657534724
13415,0.8618004866180049,0.14232934246527595,0.857670657534724
13416,0.8618352450469239,0.14232934246527595,0.857670657534724
13417,0.8618352450469239,0.14238162457956466,0.8576183754204354
13418,0.8618526242613834,0.14238162457956466,0.8576183754204354
13419,0.8618526242613834,0.14245133406528293,0.8575486659347171
13420,0.8618700034758429,0.14245133406528293,0.8575486659347171
13421,0.8618700034758429,0.14250361617957163,0.8574963838204284
13422,0.8619221411192214,0.14250361617957163,0.8574963838204284
13423,0.8619221411192214,0.14253847092243077,0.8574615290775692
13424,0.8619395203336809,0.14255589829386034,0.8574441017061396
13425,0.8619568995481405,0.14255589829386034,0.8574441017061396
13426,0.8619568995481405,0.1425733256652899,0.8574266743347101
13427,0.8619742787625999,0.1425733256652899,0.8574266743347101
13428,0.8619742787625999,0.14267788989386732,0.8573221101061327
13429,0.8619916579770595,0.14267788989386732,0.8573221101061327
13430,0.8619916579770595,0.14281730886530383,0.8571826911346961
13431,0.8620090371915189,0.14281730886530383,0.8571826911346961
13432,0.8620090371915189,0.14285216360816297,0.857147836391837
13433,0.8620264164059784,0.14285216360816297,0.857147836391837
13434,0.8620264164059784,0.1428870183510221,0.8571129816489779
13435,0.8620959332638165,0.1428870183510221,0.8571129816489779
13436,0.8620959332638165,0.14290444572245167,0.8570955542775484
13437,0.8621306916927355,0.14290444572245167,0.8570955542775484
13438,0.8621306916927355,0.1429393004653108,0.8570606995346892
13439,0.8621654501216545,0.1429393004653108,0.8570606995346892
13440,0.8621654501216545,0.1429915825795995,0.8570084174204005
13441,0.862182829336114,0.1429915825795995,0.8570084174204005
13442,0.862182829336114,0.14300900995102908,0.856990990048971
13443,0.8622002085505736,0.14300900995102908,0.856990990048971
13444,0.8622002085505736,0.14304386469388822,0.8569561353061118
13445,0.862217587765033,0.14304386469388822,0.8569561353061118
13446,0.862217587765033,0.14307871943674735,0.8569212805632527
13447,0.8622349669794925,0.14307871943674735,0.8569212805632527
13448,0.8622349669794925,0.1431135741796065,0.8568864258203935
13449,0.8622523461939521,0.1431135741796065,0.8568864258203935
13450,0.8622523461939521,0.14313100155103606,0.8568689984489639
13451,0.8622871046228711,0.14313100155103606,0.8568689984489639
13452,0.8622871046228711,0.14314842892246563,0.8568515710775344
13453,0.8623392422662496,0.14314842892246563,0.8568515710775344
13454,0.8623392422662496,0.14318328366532476,0.8568167163346753
13455,0.8623740006951686,0.14318328366532476,0.8568167163346753
13456,0.8623740006951686,0.14323556577961347,0.8567644342203865
13457,0.8624435175530066,0.14323556577961347,0.8567644342203865
13458,0.8624435175530066,0.1432704205224726,0.8567295794775274
13459,0.8624956551963852,0.1432704205224726,0.8567295794775274
13460,0.8624956551963852,0.14328784789390217,0.8567121521060979
13461,0.8625130344108446,0.14328784789390217,0.8567121521060979
13462,0.8625130344108446,0.14330527526533174,0.8566947247346682
13463,0.8625477928397637,0.14330527526533174,0.8566947247346682
13464,0.8625477928397637,0.1433227026367613,0.8566772973632387
13465,0.8625651720542231,0.1433227026367613,0.8566772973632387
13466,0.8625651720542231,0.14335755737962044,0.8566424426203796
13467,0.8625825512686827,0.14335755737962044,0.8566424426203796
13468,0.8625825512686827,0.14339241212247958,0.8566075878775204
13469,0.8626346889120612,0.14339241212247958,0.8566075878775204
13470,0.8626346889120612,0.14344469423676826,0.8565553057632318
13471,0.8626520681265207,0.14344469423676826,0.8565553057632318
13472,0.8626520681265207,0.1435318310939161,0.8564681689060839
13473,0.8626868265554397,0.1435318310939161,0.8564681689060839
13474,0.8626868265554397,0.14361896795106394,0.856381032048936
13475,0.8627389641988182,0.14361896795106394,0.856381032048936
13476,0.8627389641988182,0.1436363953224935,0.8563636046775065
13477,0.8627911018421968,0.1436363953224935,0.8563636046775065
13478,0.8627911018421968,0.14367125006535264,0.8563287499346474
13479,0.8628084810566562,0.14367125006535264,0.8563287499346474
13480,0.8628084810566562,0.1436886774367822,0.8563113225632177
13481,0.8629127563434132,0.1436886774367822,0.8563113225632177
13482,0.8629127563434132,0.14372353217964134,0.8562764678203587
13483,0.8629301355578728,0.14372353217964134,0.8562764678203587
13484,0.8629301355578728,0.14375838692250048,0.8562416130774995
13485,0.8629475147723323,0.14375838692250048,0.8562416130774995
13486,0.8629475147723323,0.14377581429393005,0.85622418570607
13487,0.8630517900590893,0.14377581429393005,0.85622418570607
13488,0.8630517900590893,0.14382809640821875,0.8561719035917812
13489,0.8630691692735488,0.14382809640821875,0.8561719035917812
13490,0.8630691692735488,0.14384552377964832,0.8561544762203517
13491,0.8631039277024678,0.14384552377964832,0.8561544762203517
13492,0.8631039277024678,0.14389780589393703,0.8561021941060629
13493,0.8631213069169273,0.14389780589393703,0.8561021941060629
13494,0.8631213069169273,0.1439152332653666,0.8560847667346334
13495,0.8631386861313869,0.1439152332653666,0.8560847667346334
13496,0.8631386861313869,0.14393266063679616,0.8560673393632039
13497,0.8631734445603059,0.14393266063679616,0.8560673393632039
13498,0.8631734445603059,0.14400237012251443,0.8559976298774856
13499,0.8631908237747654,0.14400237012251443,0.8559976298774856
13500,0.8631908237747654,0.144019797493944,0.855980202506056
13501,0.8632603406326034,0.144019797493944,0.855980202506056
13502,0.8632603406326034,0.14410693435109181,0.8558930656489082
13503,0.8632777198470629,0.14410693435109181,0.8558930656489082
13504,0.8632777198470629,0.14412436172252138,0.8558756382774786
13505,0.8632950990615225,0.14412436172252138,0.8558756382774786
13506,0.8632950990615225,0.14414178909395095,0.8558582109060491
13507,0.8633124782759819,0.14414178909395095,0.8558582109060491
13508,0.8633124782759819,0.14415921646538052,0.8558407835346195
13509,0.8633993743482794,0.14415921646538052,0.8558407835346195
13510,0.8633993743482794,0.1441766438368101,0.8558233561631899
13511,0.8634688912061175,0.1441766438368101,0.8558233561631899
13512,0.8634688912061175,0.14419407120823965,0.8558059287917603
13513,0.8635036496350365,0.14419407120823965,0.8558059287917603
13514,0.8635384080639555,0.14419407120823965,0.8558059287917603
13515,0.8635384080639555,0.1442289259510988,0.8557710740489012
13516,0.8635731664928745,0.1442289259510988,0.8557710740489012
13517,0.8635731664928745,0.1442812080653875,0.8557187919346125
13518,0.8635905457073341,0.1442812080653875,0.8557187919346125
13519,0.8635905457073341,0.14431606280824663,0.8556839371917534
13520,0.8636079249217935,0.14431606280824663,0.8556839371917534
13521,0.8636079249217935,0.1443334901796762,0.8556665098203238
13522,0.863625304136253,0.1443334901796762,0.8556665098203238
13523,0.863625304136253,0.14435091755110577,0.8556490824488943
13524,0.8636426833507126,0.14435091755110577,0.8556490824488943
13525,0.8636426833507126,0.14436834492253534,0.8556316550774646
13526,0.8636774417796316,0.14436834492253534,0.8556316550774646
13527,0.8636774417796316,0.1443857722939649,0.8556142277060351
13528,0.8636948209940911,0.1443857722939649,0.8556142277060351
13529,0.8636948209940911,0.14440319966539447,0.8555968003346055
13530,0.8637122002085506,0.14440319966539447,0.8555968003346055
13531,0.8637122002085506,0.14445548177968318,0.8555445182203169
13532,0.8637295794230101,0.14445548177968318,0.8555445182203169
13533,0.8637295794230101,0.14447290915111274,0.8555270908488872
13534,0.8637469586374696,0.14447290915111274,0.8555270908488872
13535,0.8637469586374696,0.14450776389397188,0.8554922361060281
13536,0.8637643378519291,0.14450776389397188,0.8554922361060281
13537,0.8637643378519291,0.14454261863683102,0.855457381363169
13538,0.8637817170663886,0.14454261863683102,0.855457381363169
13539,0.8637817170663886,0.14456004600826058,0.8554399539917394
13540,0.8638338547097671,0.14456004600826058,0.8554399539917394
13541,0.8638338547097671,0.14457747337969015,0.8554225266203098
13542,0.8639207507820647,0.14457747337969015,0.8554225266203098
13543,0.8639207507820647,0.1446471828654084,0.8553528171345917
13544,0.8640597844977407,0.1446471828654084,0.8553528171345917
13545,0.8640597844977407,0.14468203760826753,0.8553179623917324
13546,0.8640771637122002,0.14468203760826753,0.8553179623917324
13547,0.8640771637122002,0.14473431972255624,0.8552656802774438
13548,0.8641293013555787,0.14473431972255624,0.8552656802774438
13549,0.8641293013555787,0.14478660183684494,0.8552133981631551
13550,0.8641640597844977,0.14478660183684494,0.8552133981631551
13551,0.8641640597844977,0.1448040292082745,0.8551959707917255
13552,0.8641814389989573,0.1448040292082745,0.8551959707917255
13553,0.8641814389989573,0.14482145657970408,0.8551785434202959
13554,0.8641988182134167,0.14482145657970408,0.8551785434202959
13555,0.8641988182134167,0.14483888395113365,0.8551611160488664
13556,0.8642335766423358,0.14483888395113365,0.8551611160488664
13557,0.8642335766423358,0.14489116606542235,0.8551088339345776
13558,0.8642683350712548,0.14489116606542235,0.8551088339345776
13559,0.8642683350712548,0.14490859343685192,0.8550914065631481
13560,0.8642857142857143,0.14490859343685192,0.8550914065631481
13561,0.8642857142857143,0.14494344817971105,0.855056551820289
13562,0.8643030935001738,0.14494344817971105,0.855056551820289
13563,0.8643030935001738,0.1449783029225702,0.8550216970774298
13564,0.8643204727146333,0.1449783029225702,0.8550216970774298
13565,0.8643204727146333,0.14501315766542933,0.8549868423345707
13566,0.8643552311435523,0.14501315766542933,0.8549868423345707
13567,0.8643552311435523,0.1450305850368589,0.854969414963141
13568,0.8643726103580118,0.1450305850368589,0.854969414963141
13569,0.8643726103580118,0.14510029452257717,0.8548997054774228
13570,0.8643899895724714,0.14510029452257717,0.8548997054774228
13571,0.8643899895724714,0.1451351492654363,0.8548648507345638
13572,0.8644073687869308,0.1451351492654363,0.8548648507345638
13573,0.8644073687869308,0.145187431379725,0.854812568620275
13574,0.8644247480013904,0.145187431379725,0.854812568620275
13575,0.8644247480013904,0.14522228612258414,0.8547777138774159
13576,0.8644421272158499,0.14522228612258414,0.8547777138774159
13577,0.8644421272158499,0.14525714086544325,0.8547428591345567
13578,0.8645116440736879,0.14525714086544325,0.8547428591345567
13579,0.8645116440736879,0.14530942297973196,0.8546905770202681
13580,0.8645290232881474,0.14530942297973196,0.8546905770202681
13581,0.8645290232881474,0.1453442777225911,0.8546557222774089
13582,0.8645464025026068,0.1453442777225911,0.8546557222774089
13583,0.8645464025026068,0.14537913246545023,0.8546208675345498
13584,0.8645637817170664,0.14537913246545023,0.8546208675345498
13585,0.8645637817170664,0.1453965598368798,0.8546034401631202
13586,0.8646506777893639,0.1453965598368798,0.8546034401631202
13587,0.8646506777893639,0.14551855143688677,0.8544814485631133
13588,0.864685436218283,0.14551855143688677,0.8544814485631133
13589,0.864685436218283,0.14553597880831634,0.8544640211916836
13590,0.8647375738616615,0.14553597880831634,0.8544640211916836
13591,0.8647375738616615,0.1455534061797459,0.8544465938202541
13592,0.8648766075773375,0.1455534061797459,0.8544465938202541
13593,0.8648766075773375,0.1456056882940346,0.8543943117059654
13594,0.864893986791797,0.1456056882940346,0.8543943117059654
13595,0.864893986791797,0.14565797040832332,0.8543420295916767
13596,0.8649113660062565,0.14565797040832332,0.8543420295916767
13597,0.8649113660062565,0.14567539777975289,0.8543246022202471
13598,0.864928745220716,0.14567539777975289,0.8543246022202471
13599,0.864928745220716,0.14576253463690073,0.8542374653630993
13600,0.864998262078554,0.14576253463690073,0.8542374653630993
13601,0.864998262078554,0.14579738937975986,0.8542026106202402
13602,0.8650156412930136,0.14579738937975986,0.8542026106202402
13603,0.8650156412930136,0.145832244122619,0.854167755877381
13604,0.8650503997219325,0.145832244122619,0.854167755877381
13605,0.8650503997219325,0.14584967149404857,0.8541503285059514
13606,0.8650851581508516,0.14584967149404857,0.8541503285059514
13607,0.8650851581508516,0.14588452623690767,0.8541154737630923
13608,0.8651025373653111,0.14588452623690767,0.8541154737630923
13609,0.8651025373653111,0.14593680835119638,0.8540631916488036
13610,0.8651372957942302,0.14593680835119638,0.8540631916488036
13611,0.8651372957942302,0.14595423572262595,0.854045764277374
13612,0.8651546750086896,0.14595423572262595,0.854045764277374
13613,0.8651546750086896,0.14597166309405551,0.8540283369059445
13614,0.8651720542231491,0.14597166309405551,0.8540283369059445
13615,0.8651720542231491,0.14598909046548508,0.854010909534515
13616,0.8652068126520681,0.14598909046548508,0.854010909534515
13617,0.8652763295099062,0.14598909046548508,0.854010909534515
13618,0.8652763295099062,0.14602394520834422,0.8539760547916557
13619,0.8652937087243656,0.14602394520834422,0.8539760547916557
13620,0.8652937087243656,0.1460413725797738,0.8539586274202262
13621,0.8653110879388252,0.1460413725797738,0.8539586274202262
13622,0.8653110879388252,0.14605879995120336,0.8539412000487967
13623,0.8653284671532847,0.14605879995120336,0.8539412000487967
13624,0.8653284671532847,0.14607622732263292,0.8539237726773671
13625,0.8653632255822037,0.14607622732263292,0.8539237726773671
13626,0.8653632255822037,0.14611108206549206,0.8538889179345079
13627,0.8653806047966632,0.14611108206549206,0.8538889179345079
13628,0.8653806047966632,0.1461982189226399,0.8538017810773602
13629,0.8653979840111227,0.1461982189226399,0.8538017810773602
13630,0.8653979840111227,0.14621564629406947,0.8537843537059305
13631,0.8655022592978797,0.14621564629406947,0.8537843537059305
13632,0.8655022592978797,0.14623307366549904,0.8537669263345009
13633,0.8655370177267987,0.14623307366549904,0.8537669263345009
13634,0.8655370177267987,0.14628535577978774,0.8537146442202123
13635,0.8655717761557178,0.14628535577978774,0.8537146442202123
13636,0.8655717761557178,0.1463027831512173,0.8536972168487826
13637,0.8656065345846368,0.1463027831512173,0.8536972168487826
13638,0.8656065345846368,0.146355065265506,0.853644934734494
13639,0.8656412930135557,0.146355065265506,0.853644934734494
13640,0.8656412930135557,0.14642477475122428,0.8535752252487757
13641,0.8656586722280153,0.14642477475122428,0.8535752252487757
13642,0.8656586722280153,0.14645962949408342,0.8535403705059166
13643,0.8656760514424748,0.14645962949408342,0.8535403705059166
13644,0.8656760514424748,0.1465119116083721,0.8534880883916279
13645,0.8657108098713938,0.1465119116083721,0.8534880883916279
13646,0.8657108098713938,0.14652933897980167,0.8534706610201983
13647,0.8657455683003128,0.14652933897980167,0.8534706610201983
13648,0.8657455683003128,0.14654676635123123,0.8534532336487688
13649,0.8657629475147723,0.14654676635123123,0.8534532336487688
13650,0.8657629475147723,0.14659904846551994,0.85340095153448
13651,0.8658150851581509,0.14659904846551994,0.85340095153448
13652,0.8658150851581509,0.14663390320837907,0.8533660967916209
13653,0.8658324643726104,0.14663390320837907,0.8533660967916209
13654,0.8658324643726104,0.14665133057980864,0.8533486694201914
13655,0.8658498435870698,0.14665133057980864,0.8533486694201914
13656,0.8658498435870698,0.1466687579512382,0.8533312420487618
13657,0.8658846020159888,0.1466687579512382,0.8533312420487618
13658,0.8658846020159888,0.14670361269409735,0.8532963873059026
13659,0.8659019812304484,0.14670361269409735,0.8532963873059026
13660,0.8659019812304484,0.14672104006552691,0.8532789599344731
13661,0.8659193604449079,0.14672104006552691,0.8532789599344731
13662,0.8659193604449079,0.14682560429410432,0.8531743957058957
13663,0.8659367396593673,0.14682560429410432,0.8531743957058957
13664,0.8659367396593673,0.14686045903696346,0.8531395409630366
13665,0.8659541188738269,0.14686045903696346,0.8531395409630366
13666,0.8659541188738269,0.14687788640839303,0.853122113591607
13667,0.8659714980882864,0.14687788640839303,0.853122113591607
13668,0.8659714980882864,0.14693016852268173,0.8530698314773183
13669,0.8660062565172054,0.14693016852268173,0.8530698314773183
13670,0.8660062565172054,0.1469475958941113,0.8530524041058887
13671,0.866023635731665,0.1469475958941113,0.8530524041058887
13672,0.866023635731665,0.14696502326554087,0.8530349767344592
13673,0.866127911018422,0.14696502326554087,0.8530349767344592
13674,0.866127911018422,0.14698245063697044,0.8530175493630295
13675,0.8661452902328814,0.14698245063697044,0.8530175493630295
13676,0.8661452902328814,0.14701730537982957,0.8529826946201704
13677,0.866162669447341,0.14701730537982957,0.8529826946201704
13678,0.866162669447341,0.1470521601226887,0.8529478398773113
13679,0.8661800486618005,0.1470521601226887,0.8529478398773113
13680,0.8661800486618005,0.14706958749411828,0.8529304125058818
13681,0.8662148070907195,0.14706958749411828,0.8529304125058818
13682,0.8662148070907195,0.14708701486554782,0.8529129851344521
13683,0.8662495655196385,0.14708701486554782,0.8529129851344521
13684,0.8662495655196385,0.14712186960840695,0.8528781303915931
13685,0.866301703163017,0.14712186960840695,0.8528781303915931
13686,0.866301703163017,0.14722643383698436,0.8527735661630156
13687,0.8663190823774766,0.14722643383698436,0.8527735661630156
13688,0.8663190823774766,0.14724386120841393,0.8527561387915861
13689,0.8663712200208551,0.14724386120841393,0.8527561387915861
13690,0.8663712200208551,0.1472612885798435,0.8527387114201566
13691,0.866440736878693,0.1472612885798435,0.8527387114201566
13692,0.866440736878693,0.14729614332270263,0.8527038566772973
13693,0.8664581160931526,0.14729614332270263,0.8527038566772973
13694,0.8664581160931526,0.1473135706941322,0.8526864293058678
13695,0.8664928745220716,0.1473135706941322,0.8526864293058678
13696,0.8664928745220716,0.14733099806556177,0.8526690019344383
13697,0.8665450121654501,0.14733099806556177,0.8526690019344383
13698,0.8665450121654501,0.1473658528084209,0.852634147191579
13699,0.8665623913799096,0.1473658528084209,0.852634147191579
13700,0.8665623913799096,0.14738328017985047,0.8526167198201495
13701,0.8666145290232882,0.14738328017985047,0.8526167198201495
13702,0.8666145290232882,0.1474181349227096,0.8525818650772904
13703,0.8666319082377476,0.1474181349227096,0.8525818650772904
13704,0.8666319082377476,0.14743556229413918,0.8525644377058608
13705,0.8666492874522072,0.14743556229413918,0.8525644377058608
13706,0.8666492874522072,0.1474704170369983,0.8525295829630017
13707,0.8667014250955857,0.1474704170369983,0.8525295829630017
13708,0.8667014250955857,0.14748784440842788,0.8525121555915721
13709,0.8667535627389642,0.14748784440842788,0.8525121555915721
13710,0.8667535627389642,0.14750527177985745,0.8524947282201425
13711,0.8667709419534237,0.14750527177985745,0.8524947282201425
13712,0.8667709419534237,0.14754012652271659,0.8524598734772835
13713,0.8668057003823427,0.14754012652271659,0.8524598734772835
13714,0.8668057003823427,0.14755755389414615,0.8524424461058538
13715,0.8668752172401808,0.14755755389414615,0.8524424461058538
13716,0.8668752172401808,0.14760983600843486,0.8523901639915652
13717,0.8669099756690998,0.14760983600843486,0.8523901639915652
13718,0.8669099756690998,0.147644690751294,0.852355309248706
13719,0.8669273548835592,0.147644690751294,0.852355309248706
13720,0.8669273548835592,0.14766211812272356,0.8523378818772764
13721,0.8669968717413973,0.14766211812272356,0.8523378818772764
13722,0.8669968717413973,0.14771440023701224,0.8522855997629878
13723,0.8670142509558568,0.14771440023701224,0.8522855997629878
13724,0.8670142509558568,0.14774925497987138,0.8522507450201287
13725,0.8670316301703163,0.14774925497987138,0.8522507450201287
13726,0.8670316301703163,0.14776668235130094,0.852233317648699
13727,0.8670490093847758,0.14776668235130094,0.852233317648699
13728,0.8670490093847758,0.1477841097227305,0.8522158902772695
13729,0.8671011470281543,0.1477841097227305,0.8522158902772695
13730,0.8671011470281543,0.14780153709416008,0.8521984629058399
13731,0.8671185262426139,0.14780153709416008,0.8521984629058399
13732,0.8671185262426139,0.14785381920844878,0.8521461807915512
13733,0.8671359054570733,0.14785381920844878,0.8521461807915512
13734,0.8671359054570733,0.14788867395130792,0.8521113260486921
13735,0.8671532846715329,0.14788867395130792,0.8521113260486921
13736,0.8671532846715329,0.14794095606559662,0.8520590439344033
13737,0.8672054223149114,0.14794095606559662,0.8520590439344033
13738,0.8672054223149114,0.14799323817988533,0.8520067618201147
13739,0.8672228015293709,0.14799323817988533,0.8520067618201147
13740,0.8672228015293709,0.1480106655513149,0.8519893344486851
13741,0.8672401807438304,0.1480106655513149,0.8519893344486851
13742,0.8672401807438304,0.1480629476656036,0.8519370523343964
13743,0.8673270768161279,0.1480629476656036,0.8519370523343964
13744,0.8673270768161279,0.14808037503703317,0.8519196249629668
13745,0.8673792144595064,0.14808037503703317,0.8519196249629668
13746,0.8673792144595064,0.14809780240846274,0.8519021975915373
13747,0.8674139728884255,0.14809780240846274,0.8519021975915373
13748,0.8674139728884255,0.1481152297798923,0.8518847702201077
13749,0.867466110531804,0.1481152297798923,0.8518847702201077
13750,0.867466110531804,0.14813265715132187,0.8518673428486782
13751,0.8674834897462634,0.14813265715132187,0.8518673428486782
13752,0.8674834897462634,0.148167511894181,0.851832488105819
13753,0.8675530066041015,0.148167511894181,0.851832488105819
13754,0.8675530066041015,0.14818493926561058,0.8518150607343894
13755,0.86760514424748,0.14818493926561058,0.8518150607343894
13756,0.86760514424748,0.14820236663704014,0.8517976333629599
13757,0.8676572818908586,0.14820236663704014,0.8517976333629599
13758,0.8676572818908586,0.1482197940084697,0.8517802059915303
13759,0.867674661105318,0.1482197940084697,0.8517802059915303
13760,0.867674661105318,0.14827207612275842,0.8517279238772416
13761,0.8677267987486965,0.14827207612275842,0.8517279238772416
13762,0.8677267987486965,0.14828950349418799,0.851710496505812
13763,0.8677441779631561,0.14828950349418799,0.851710496505812
13764,0.8677441779631561,0.14839406772276537,0.8516059322772347
13765,0.8677615571776156,0.14839406772276537,0.8516059322772347
13766,0.8677615571776156,0.1484289224656245,0.8515710775343754
13767,0.8677963156065346,0.1484289224656245,0.8515710775343754
13768,0.8677963156065346,0.14849863195134277,0.8515013680486572
13769,0.8678484532499131,0.14849863195134277,0.8515013680486572
13770,0.8678484532499131,0.14851605932277234,0.8514839406772277
13771,0.8679527285366702,0.14851605932277234,0.8514839406772277
13772,0.8679527285366702,0.1485334866942019,0.8514665133057981
13773,0.8679701077511296,0.1485334866942019,0.8514665133057981
13774,0.8679701077511296,0.14855091406563148,0.8514490859343685
13775,0.8679874869655891,0.14855091406563148,0.8514490859343685
13776,0.8679874869655891,0.14856834143706105,0.8514316585629389
13777,0.8680048661800487,0.14856834143706105,0.8514316585629389
13778,0.8680048661800487,0.14860319617992018,0.8513968038200799
13779,0.8680222453945081,0.14860319617992018,0.8513968038200799
13780,0.8680222453945081,0.14862062355134975,0.8513793764486502
13781,0.8680570038234272,0.14862062355134975,0.8513793764486502
13782,0.8680570038234272,0.14863805092277932,0.8513619490772206
13783,0.8680917622523462,0.14863805092277932,0.8513619490772206
13784,0.8680917622523462,0.14867290566563846,0.8513270943343616
13785,0.8681960375391032,0.14867290566563846,0.8513270943343616
13786,0.8681960375391032,0.1487077604084976,0.8512922395915024
13787,0.8682307959680222,0.1487077604084976,0.8512922395915024
13788,0.8682307959680222,0.14874261515135673,0.8512573848486433
13789,0.8682481751824818,0.14874261515135673,0.8512573848486433
13790,0.8682481751824818,0.1487600425227863,0.8512399574772137
13791,0.8682829336114007,0.1487600425227863,0.8512399574772137
13792,0.8682829336114007,0.14877746989421586,0.8512225301057841
13793,0.8683003128258603,0.14877746989421586,0.8512225301057841
13794,0.8683003128258603,0.148812324637075,0.8511876753629251
13795,0.8683176920403198,0.148812324637075,0.8511876753629251
13796,0.8683176920403198,0.14882975200850457,0.8511702479914954
13797,0.8683524504692388,0.14882975200850457,0.8511702479914954
13798,0.8683524504692388,0.1488646067513637,0.8511353932486363
13799,0.8683872088981578,0.1488646067513637,0.8511353932486363
13800,0.8683872088981578,0.14889946149422284,0.8511005385057772
13801,0.8684045881126173,0.14889946149422284,0.8511005385057772
13802,0.8684045881126173,0.14896917097994108,0.8510308290200589
13803,0.8684741049704553,0.14896917097994108,0.8510308290200589
13804,0.8684741049704553,0.14898659835137065,0.8510134016486294
13805,0.8684914841849148,0.14898659835137065,0.8510134016486294
13806,0.8684914841849148,0.14900402572280022,0.8509959742771998
13807,0.8685088633993744,0.14900402572280022,0.8509959742771998
13808,0.8685088633993744,0.1490214530942298,0.8509785469057702
13809,0.8685262426138338,0.1490214530942298,0.8509785469057702
13810,0.8685262426138338,0.14905630783708892,0.8509436921629111
13811,0.8685610010427529,0.14905630783708892,0.8509436921629111
13812,0.8685610010427529,0.1490737352085185,0.8509262647914815
13813,0.8685783802572123,0.1490737352085185,0.8509262647914815
13814,0.8685783802572123,0.14910858995137763,0.8508914100486223
13815,0.8685957594716719,0.14910858995137763,0.8508914100486223
13816,0.8685957594716719,0.1491260173228072,0.8508739826771928
13817,0.8686131386861314,0.1491260173228072,0.8508739826771928
13818,0.8686131386861314,0.14914344469423677,0.8508565553057632
13819,0.8686305179005909,0.14914344469423677,0.8508565553057632
13820,0.8686305179005909,0.14916087206566633,0.8508391279343337
13821,0.86866527632951,0.14916087206566633,0.8508391279343337
13822,0.86866527632951,0.1491782994370959,0.8508217005629041
13823,0.8686826555439694,0.1491782994370959,0.8508217005629041
13824,0.8686826555439694,0.14919572680852547,0.8508042731914746
13825,0.8687174139728884,0.14919572680852547,0.8508042731914746
13826,0.8687174139728884,0.14921315417995504,0.8507868458200449
13827,0.868804310045186,0.14921315417995504,0.8507868458200449
13828,0.868804310045186,0.14926543629424374,0.8507345637057563
13829,0.8688216892596454,0.14926543629424374,0.8507345637057563
13830,0.8688216892596454,0.14930029103710288,0.8506997089628971
13831,0.8688564476885645,0.14930029103710288,0.8506997089628971
13832,0.8688564476885645,0.14933514577996201,0.850664854220038
13833,0.868943343760862,0.14933514577996201,0.850664854220038
13834,0.868943343760862,0.14937000052282115,0.8506299994771789
13835,0.8689607229753216,0.14937000052282115,0.8506299994771789
13836,0.8689607229753216,0.14938742789425072,0.8506125721057493
13837,0.868978102189781,0.14938742789425072,0.8506125721057493
13838,0.868978102189781,0.1494048552656803,0.8505951447343197
13839,0.8690649982620785,0.1494048552656803,0.8505951447343197
13840,0.8690649982620785,0.14942228263710985,0.8505777173628901
13841,0.8690997566909976,0.14942228263710985,0.8505777173628901
13842,0.8690997566909976,0.14949199212282813,0.8505080078771718
13843,0.869117135905457,0.14949199212282813,0.8505080078771718
13844,0.869117135905457,0.14952684686568724,0.8504731531343128
13845,0.8691345151199166,0.14952684686568724,0.8504731531343128
13846,0.8691345151199166,0.1495442742371168,0.8504557257628832
13847,0.8691518943343761,0.1495442742371168,0.8504557257628832
13848,0.8691518943343761,0.1495965563514055,0.8504034436485945
13849,0.8691866527632951,0.1495965563514055,0.8504034436485945
13850,0.8691866527632951,0.14963141109426464,0.8503685889057353
13851,0.8692387904066736,0.14963141109426464,0.8503685889057353
13852,0.8692387904066736,0.14968369320855335,0.8503163067914467
13853,0.8693256864789711,0.14968369320855335,0.8503163067914467
13854,0.8693256864789711,0.14970112057998292,0.850298879420017
13855,0.8693430656934307,0.14970112057998292,0.850298879420017
13856,0.8693430656934307,0.14975340269427162,0.8502465973057284
13857,0.8693604449078902,0.14975340269427162,0.8502465973057284
13858,0.8693604449078902,0.14978825743713076,0.8502117425628692
13859,0.8693778241223497,0.14978825743713076,0.8502117425628692
13860,0.8693778241223497,0.14980568480856032,0.8501943151914397
13861,0.8693952033368092,0.14980568480856032,0.8501943151914397
13862,0.8693952033368092,0.14984053955141946,0.8501594604485805
13863,0.8694125825512686,0.14984053955141946,0.8501594604485805
13864,0.8694125825512686,0.1498753942942786,0.8501246057057215
13865,0.8694473409801877,0.1498753942942786,0.8501246057057215
13866,0.8694473409801877,0.14991024903713773,0.8500897509628622
13867,0.8694647201946472,0.14991024903713773,0.8500897509628622
13868,0.8694647201946472,0.1499276764085673,0.8500723235914327
13869,0.8694820994091067,0.1499276764085673,0.8500723235914327
13870,0.8694820994091067,0.14994510377999687,0.8500548962200032
13871,0.8695168578380257,0.14994510377999687,0.8500548962200032
13872,0.8695168578380257,0.14996253115142644,0.8500374688485736
13873,0.8695863746958638,0.14996253115142644,0.8500374688485736
13874,0.8695863746958638,0.149979958522856,0.8500200414771439
13875,0.8696037539103233,0.149979958522856,0.8500200414771439
13876,0.8696037539103233,0.14999738589428557,0.8500026141057144
13877,0.8696385123392423,0.14999738589428557,0.8500026141057144
13878,0.8696385123392423,0.15001481326571514,0.8499851867342849
13879,0.8697254084115398,0.15001481326571514,0.8499851867342849
13880,0.8697254084115398,0.15004966800857428,0.8499503319914257
13881,0.8697601668404588,0.15004966800857428,0.8499503319914257
13882,0.8697601668404588,0.15006709538000385,0.8499329046199962
13883,0.8697775460549183,0.15006709538000385,0.8499329046199962
13884,0.8697775460549183,0.15011937749429255,0.8498806225057074
13885,0.8697949252693778,0.15011937749429255,0.8498806225057074
13886,0.8697949252693778,0.1501368048657221,0.8498631951342779
13887,0.8698123044838373,0.1501368048657221,0.8498631951342779
13888,0.8698123044838373,0.15017165960858123,0.8498283403914187
13889,0.8698470629127564,0.15017165960858123,0.8498283403914187
13890,0.8698470629127564,0.15022394172286993,0.8497760582771301
13891,0.8698644421272158,0.15022394172286993,0.8497760582771301
13892,0.8698644421272158,0.1502413690942995,0.8497586309057005
13893,0.8699165797705943,0.1502413690942995,0.8497586309057005
13894,0.8699165797705943,0.15027622383715863,0.8497237761628413
13895,0.8699860966284324,0.15027622383715863,0.8497237761628413
13896,0.8699860966284324,0.1502936512085882,0.8497063487914118
13897,0.8700208550573514,0.1502936512085882,0.8497063487914118
13898,0.8700208550573514,0.15036336069430647,0.8496366393056936
13899,0.8700382342718109,0.15036336069430647,0.8496366393056936
13900,0.8700382342718109,0.15038078806573604,0.8496192119342639
13901,0.8701077511296489,0.15038078806573604,0.8496192119342639
13902,0.8701077511296489,0.15041564280859518,0.8495843571914048
13903,0.870177267987487,0.15041564280859518,0.8495843571914048
13904,0.870177267987487,0.15043307018002475,0.8495669298199753
13905,0.8702120264164059,0.15043307018002475,0.8495669298199753
13906,0.8702120264164059,0.15046792492288388,0.8495320750771161
13907,0.870281543274244,0.15046792492288388,0.8495320750771161
13908,0.870281543274244,0.1505202070371726,0.8494797929628274
13909,0.8703510601320821,0.1505202070371726,0.8494797929628274
13910,0.8703510601320821,0.1505724891514613,0.8494275108485387
13911,0.8703858185610011,0.1505724891514613,0.8494275108485387
13912,0.8703858185610011,0.15058991652289086,0.8494100834771091
13913,0.8704031977754606,0.15058991652289086,0.8494100834771091
13914,0.8704031977754606,0.15060734389432043,0.8493926561056796
13915,0.87042057698992,0.15060734389432043,0.8493926561056796
13916,0.87042057698992,0.15062477126575,0.84937522873425
13917,0.8704379562043796,0.15062477126575,0.84937522873425
13918,0.8704379562043796,0.15064219863717956,0.8493578013628205
13919,0.870455335418839,0.15064219863717956,0.8493578013628205
13920,0.870455335418839,0.15065962600860913,0.8493403739913908
13921,0.8704727146332986,0.15065962600860913,0.8493403739913908
13922,0.8704727146332986,0.15069448075146827,0.8493055192485317
13923,0.8704900938477581,0.15069448075146827,0.8493055192485317
13924,0.8704900938477581,0.1507293354943274,0.8492706645056726
13925,0.8705074730622175,0.1507293354943274,0.8492706645056726
13926,0.8705074730622175,0.1507641902371865,0.8492358097628134
13927,0.8705596107055961,0.1507641902371865,0.8492358097628134
13928,0.8705596107055961,0.15079904498004565,0.8492009550199544
13929,0.8706291275634341,0.15079904498004565,0.8492009550199544
13930,0.8706291275634341,0.15081647235147522,0.8491835276485248
13931,0.8706465067778937,0.15081647235147522,0.8491835276485248
13932,0.8706465067778937,0.15083389972290479,0.8491661002770952
13933,0.8706638859923531,0.15083389972290479,0.8491661002770952
13934,0.8706638859923531,0.15086875446576392,0.8491312455342361
13935,0.8707160236357316,0.15086875446576392,0.8491312455342361
13936,0.8707160236357316,0.1508861818371935,0.8491138181628065
13937,0.8707334028501912,0.1508861818371935,0.8491138181628065
13938,0.8707334028501912,0.15090360920862306,0.8490963907913769
13939,0.8707507820646507,0.15090360920862306,0.8490963907913769
13940,0.8707507820646507,0.15092103658005263,0.8490789634199474
13941,0.8708202989224887,0.15092103658005263,0.8490789634199474
13942,0.8708202989224887,0.15097331869434133,0.8490266813056586
13943,0.8708376781369482,0.15097331869434133,0.8490266813056586
13944,0.8708376781369482,0.15100817343720047,0.8489918265627996
13945,0.8708550573514077,0.15100817343720047,0.8489918265627996
13946,0.8708550573514077,0.15102560080863003,0.84897439919137
13947,0.8709593326381647,0.15102560080863003,0.84897439919137
13948,0.8709593326381647,0.1510430281800596,0.8489569718199403
13949,0.8710636079249218,0.1510430281800596,0.8489569718199403
13950,0.8710636079249218,0.15106045555148917,0.8489395444485108
13951,0.8710809871393813,0.15106045555148917,0.8489395444485108
13952,0.8710809871393813,0.151147592408637,0.848852407591363
13953,0.8710983663538409,0.151147592408637,0.848852407591363
13954,0.8710983663538409,0.15116501978006658,0.8488349802199334
13955,0.8711678832116788,0.15116501978006658,0.8488349802199334
13956,0.8711678832116788,0.15119987452292571,0.8488001254770743
13957,0.8712895377128954,0.15119987452292571,0.8488001254770743
13958,0.8712895377128954,0.15121730189435528,0.8487826981056448
13959,0.8713069169273548,0.15121730189435528,0.8487826981056448
13960,0.8713069169273548,0.15123472926578485,0.8487652707342151
13961,0.8713590545707334,0.15123472926578485,0.8487652707342151
13962,0.8713590545707334,0.1513218661229327,0.8486781338770673
13963,0.8713764337851929,0.1513218661229327,0.8486781338770673
13964,0.8713764337851929,0.15137414823722137,0.8486258517627786
13965,0.8714285714285714,0.15137414823722137,0.8486258517627786
13966,0.8714285714285714,0.15139157560865094,0.8486084243913491
13967,0.871445950643031,0.15139157560865094,0.8486084243913491
13968,0.871445950643031,0.1514090029800805,0.8485909970199195
13969,0.87148070907195,0.1514090029800805,0.8485909970199195
13970,0.87148070907195,0.15142643035151007,0.84857356964849
13971,0.8714980882864094,0.15142643035151007,0.84857356964849
13972,0.8714980882864094,0.15144385772293964,0.8485561422770603
13973,0.871515467500869,0.15144385772293964,0.8485561422770603
13974,0.871515467500869,0.1514612850943692,0.8485387149056308
13975,0.8715328467153285,0.1514612850943692,0.8485387149056308
13976,0.8715328467153285,0.15149613983722834,0.8485038601627717
13977,0.8715676051442475,0.15149613983722834,0.8485038601627717
13978,0.8715676051442475,0.15161813143723532,0.8483818685627647
13979,0.871584984358707,0.15161813143723532,0.8483818685627647
13980,0.871584984358707,0.1516355588086649,0.8483644411913351
13981,0.871619742787626,0.1516355588086649,0.8483644411913351
13982,0.871619742787626,0.15165298618009446,0.8483470138199055
13983,0.871654501216545,0.15165298618009446,0.8483470138199055
13984,0.871654501216545,0.15172269566581273,0.8482773043341872
13985,0.8716718804310045,0.15172269566581273,0.8482773043341872
13986,0.8716718804310045,0.15182725989439014,0.8481727401056098
13987,0.871758776503302,0.15182725989439014,0.8481727401056098
13988,0.871758776503302,0.1518446872658197,0.8481553127341803
13989,0.8717761557177616,0.1518446872658197,0.8481553127341803
13990,0.8717761557177616,0.15187954200867884,0.8481204579913212
13991,0.8717935349322211,0.15187954200867884,0.8481204579913212
13992,0.8717935349322211,0.1518969693801084,0.8481030306198916
13993,0.8718109141466805,0.1518969693801084,0.8481030306198916
13994,0.8718109141466805,0.15191439675153798,0.848085603248462
13995,0.8718630517900591,0.15191439675153798,0.848085603248462
13996,0.8718630517900591,0.15198410623725622,0.8480158937627438
13997,0.8718804310045186,0.15198410623725622,0.8480158937627438
13998,0.8718804310045186,0.1520015336086858,0.8479984663913143
13999,0.8719325686478971,0.1520015336086858,0.8479984663913143
14000,0.8719325686478971,0.15203638835154493,0.847963611648455
14001,0.8719673270768161,0.15203638835154493,0.847963611648455
14002,0.8719673270768161,0.15207124309440406,0.847928756905596
14003,0.8719847062912757,0.15207124309440406,0.847928756905596
14004,0.8719847062912757,0.15208867046583363,0.8479113295341664
14005,0.8720194647201946,0.15208867046583363,0.8479113295341664
14006,0.8720194647201946,0.15212352520869277,0.8478764747913072
14007,0.8720542231491136,0.15212352520869277,0.8478764747913072
14008,0.8720542231491136,0.1521583799515519,0.8478416200484481
14009,0.8720889815780327,0.1521583799515519,0.8478416200484481
14010,0.8720889815780327,0.15217580732298147,0.8478241926770185
14011,0.8721063607924922,0.15217580732298147,0.8478241926770185
14012,0.8721063607924922,0.15219323469441104,0.847806765305589
14013,0.8721758776503302,0.15219323469441104,0.847806765305589
14014,0.8721758776503302,0.1522106620658406,0.8477893379341594
14015,0.8721932568647897,0.1522106620658406,0.8477893379341594
14016,0.8721932568647897,0.15222808943727018,0.8477719105627298
14017,0.8722801529370873,0.15222808943727018,0.8477719105627298
14018,0.8722801529370873,0.15224551680869974,0.8477544831913002
14019,0.8722975321515467,0.15224551680869974,0.8477544831913002
14020,0.8722975321515467,0.1522629441801293,0.8477370558198707
14021,0.8723670490093848,0.1522629441801293,0.8477370558198707
14022,0.8723670490093848,0.15235008103727715,0.8476499189627229
14023,0.8724365658672228,0.15235008103727715,0.8476499189627229
14024,0.8724365658672228,0.15236750840870672,0.8476324915912933
14025,0.8724539450816823,0.15236750840870672,0.8476324915912933
14026,0.8724539450816823,0.15240236315156586,0.8475976368484341
14027,0.8724887035106014,0.15240236315156586,0.8475976368484341
14028,0.8724887035106014,0.15247207263728413,0.8475279273627159
14029,0.8725060827250608,0.15247207263728413,0.8475279273627159
14030,0.8725060827250608,0.1524895000087137,0.8475104999912864
14031,0.8725408411539798,0.1524895000087137,0.8475104999912864
14032,0.8725408411539798,0.15250692738014326,0.8474930726198567
14033,0.8726103580118179,0.15250692738014326,0.8474930726198567
14034,0.8726103580118179,0.15252435475157283,0.8474756452484271
14035,0.8726451164407368,0.15252435475157283,0.8474756452484271
14036,0.8726451164407368,0.1525417821230024,0.8474582178769976
14037,0.8726624956551964,0.1525417821230024,0.8474582178769976
14038,0.8726624956551964,0.15261149160872065,0.8473885083912793
14039,0.8726798748696559,0.15261149160872065,0.8473885083912793
14040,0.8726798748696559,0.1526289189801502,0.8473710810198498
14041,0.8726972540841154,0.1526289189801502,0.8473710810198498
14042,0.8726972540841154,0.15268120109443892,0.847318798905561
14043,0.8727146332985749,0.15268120109443892,0.847318798905561
14044,0.8727146332985749,0.15269862846586849,0.8473013715341315
14045,0.872784150156413,0.15269862846586849,0.8473013715341315
14046,0.872784150156413,0.15273348320872762,0.8472665167912724
14047,0.8728015293708724,0.15273348320872762,0.8472665167912724
14048,0.8728015293708724,0.15276833795158676,0.8472316620484133
14049,0.872818908585332,0.15276833795158676,0.8472316620484133
14050,0.872818908585332,0.1528031926944459,0.8471968073055541
14051,0.8728536670142509,0.1528031926944459,0.8471968073055541
14052,0.8728536670142509,0.1528554748087346,0.8471445251912654
14053,0.8729058046576295,0.1528554748087346,0.8471445251912654
14054,0.8729058046576295,0.15297746640874157,0.8470225335912585
14055,0.872923183872089,0.15297746640874157,0.8470225335912585
14056,0.872923183872089,0.15299489378017114,0.8470051062198288
14057,0.872957942301008,0.15299489378017114,0.8470051062198288
14058,0.872957942301008,0.15302974852303028,0.8469702514769697
14059,0.873027459158846,0.15302974852303028,0.8469702514769697
14060,0.873027459158846,0.15309945800874855,0.8469005419912514
14061,0.8730448383733055,0.15309945800874855,0.8469005419912514
14062,0.8730448383733055,0.1531343127516077,0.8468656872483923
14063,0.873096976016684,0.1531343127516077,0.8468656872483923
14064,0.873096976016684,0.1531691674944668,0.8468308325055331
14065,0.8731143552311436,0.1531691674944668,0.8468308325055331
14066,0.8731143552311436,0.15318659486589636,0.8468134051341036
14067,0.8731317344456031,0.15318659486589636,0.8468134051341036
14068,0.8731317344456031,0.1532214496087555,0.8467785503912445
14069,0.8731491136600625,0.1532214496087555,0.8467785503912445
14070,0.8731491136600625,0.15323887698018507,0.8467611230198149
14071,0.8731664928745221,0.15323887698018507,0.8467611230198149
14072,0.8731664928745221,0.15325630435161464,0.8467436956483854
14073,0.8732012513034411,0.15325630435161464,0.8467436956483854
14074,0.8732012513034411,0.15329115909447377,0.8467088409055262
14075,0.8732360097323602,0.15329115909447377,0.8467088409055262
14076,0.8732360097323602,0.15330858646590334,0.8466914135340966
14077,0.8732533889468196,0.15330858646590334,0.8466914135340966
14078,0.8732533889468196,0.1533782959516216,0.8466217040483783
14079,0.8732881473757386,0.1533782959516216,0.8466217040483783
14080,0.8732881473757386,0.15339572332305118,0.8466042766769488
14081,0.8734271810914147,0.15339572332305118,0.8466042766769488
14082,0.8734271810914147,0.15343057806591032,0.8465694219340897
14083,0.8734445603058741,0.15343057806591032,0.8465694219340897
14084,0.8734445603058741,0.15346543280876945,0.8465345671912305
14085,0.8734619395203337,0.15346543280876945,0.8465345671912305
14086,0.8734619395203337,0.15348286018019902,0.846517139819801
14087,0.8734966979492527,0.15348286018019902,0.846517139819801
14088,0.8734966979492527,0.15353514229448773,0.8464648577055123
14089,0.8735140771637122,0.15353514229448773,0.8464648577055123
14090,0.8735140771637122,0.1535525696659173,0.8464474303340828
14091,0.8735835940215503,0.1535525696659173,0.8464474303340828
14092,0.8735835940215503,0.15356999703734686,0.8464300029626531
14093,0.8736009732360097,0.15356999703734686,0.8464300029626531
14094,0.8736009732360097,0.153604851780206,0.846395148219794
14095,0.8736183524504693,0.153604851780206,0.846395148219794
14096,0.8736183524504693,0.15363970652306513,0.8463602934769349
14097,0.8736357316649287,0.15363970652306513,0.8463602934769349
14098,0.8736357316649287,0.1536571338944947,0.8463428661055052
14099,0.8739137990962809,0.1536571338944947,0.8463428661055052
14100,0.8739137990962809,0.15367456126592427,0.8463254387340757
14101,0.8739311783107404,0.15367456126592427,0.8463254387340757
14102,0.8739311783107404,0.1537094160087834,0.8462905839912166
14103,0.8739485575251998,0.1537094160087834,0.8462905839912166
14104,0.8739485575251998,0.15374427075164254,0.8462557292483575
14105,0.8740180743830379,0.15374427075164254,0.8462557292483575
14106,0.8740180743830379,0.1537616981230721,0.846238301876928
14107,0.8740875912408759,0.1537616981230721,0.846238301876928
14108,0.8740875912408759,0.15379655286593122,0.8462034471340688
14109,0.874122349669795,0.15379655286593122,0.8462034471340688
14110,0.874122349669795,0.1538139802373608,0.8461860197626392
14111,0.8741918665276329,0.1538139802373608,0.8461860197626392
14112,0.8741918665276329,0.1539185444659382,0.8460814555340618
14113,0.874226624956552,0.1539185444659382,0.8460814555340618
14114,0.874226624956552,0.15393597183736776,0.8460640281626323
14115,0.874261383385471,0.15393597183736776,0.8460640281626323
14116,0.874261383385471,0.15400568132308604,0.845994318676914
14117,0.8742787625999305,0.15400568132308604,0.845994318676914
14118,0.8742787625999305,0.1540231086945156,0.8459768913054844
14119,0.8743135210288495,0.1540231086945156,0.8459768913054844
14120,0.8743135210288495,0.15404053606594517,0.8459594639340549
14121,0.874330900243309,0.15404053606594517,0.8459594639340549
14122,0.874330900243309,0.15405796343737474,0.8459420365626252
14123,0.874400417101147,0.15405796343737474,0.8459420365626252
14124,0.874400417101147,0.154127672923093,0.845872327076907
14125,0.8744177963156066,0.154127672923093,0.845872327076907
14126,0.8744177963156066,0.15414510029452258,0.8458548997054774
14127,0.874435175530066,0.15414510029452258,0.8458548997054774
14128,0.874435175530066,0.15416252766595215,0.8458374723340478
14129,0.8744525547445255,0.15416252766595215,0.8458374723340478
14130,0.8744525547445255,0.15421480978024085,0.8457851902197592
14131,0.8745220716023636,0.15421480978024085,0.8457851902197592
14132,0.8745220716023636,0.15426709189452956,0.8457329081054704
14133,0.874539450816823,0.15426709189452956,0.8457329081054704
14134,0.874539450816823,0.1543019466373887,0.8456980533626113
14135,0.8745568300312826,0.1543019466373887,0.8456980533626113
14136,0.8745568300312826,0.15433680138024783,0.8456631986197521
14137,0.8745742092457421,0.15433680138024783,0.8456631986197521
14138,0.8745742092457421,0.15440651086596607,0.845593489134034
14139,0.8745915884602016,0.15440651086596607,0.845593489134034
14140,0.8745915884602016,0.1544413656088252,0.8455586343911747
14141,0.8746263468891207,0.1544413656088252,0.8455586343911747
14142,0.8746263468891207,0.15451107509454348,0.8454889249054565
14143,0.8746437261035801,0.15451107509454348,0.8454889249054565
14144,0.8746437261035801,0.15459821195169132,0.8454017880483087
14145,0.8746958637469586,0.15459821195169132,0.8454017880483087
14146,0.8746958637469586,0.1546156393231209,0.8453843606768792
14147,0.8747132429614182,0.1546156393231209,0.8453843606768792
14148,0.8747132429614182,0.15463306669455046,0.8453669333054495
14149,0.8747306221758776,0.15463306669455046,0.8453669333054495
14150,0.8747306221758776,0.15465049406598003,0.8453495059340199
14151,0.8747480013903371,0.15465049406598003,0.8453495059340199
14152,0.8747480013903371,0.15473763092312787,0.8452623690768721
14153,0.8748001390337157,0.15473763092312787,0.8452623690768721
14154,0.8748001390337157,0.15480734040884614,0.8451926595911539
14155,0.8748348974626347,0.15480734040884614,0.8451926595911539
14156,0.8748348974626347,0.1548770498945644,0.8451229501054356
14157,0.8748696558915537,0.1548770498945644,0.8451229501054356
14158,0.8748696558915537,0.15491190463742355,0.8450880953625765
14159,0.8749044143204727,0.15491190463742355,0.8450880953625765
14160,0.8749391727493917,0.15491190463742355,0.8450880953625765
14161,0.8750260688216892,0.15491190463742355,0.8450880953625765
14162,0.8750260688216892,0.15492933200885312,0.8450706679911468
14163,0.8750608272506083,0.15492933200885312,0.8450706679911468
14164,0.8750608272506083,0.15496418675171225,0.8450358132482878
14165,0.8751129648939868,0.15496418675171225,0.8450358132482878
14166,0.8751129648939868,0.15498161412314182,0.8450183858768582
14167,0.8751651025373653,0.15498161412314182,0.8450183858768582
14168,0.8751651025373653,0.15501646886600093,0.844983531133999
14169,0.8751824817518248,0.15501646886600093,0.844983531133999
14170,0.8751824817518248,0.15506875098028963,0.8449312490197104
14171,0.8751998609662843,0.15506875098028963,0.8449312490197104
14172,0.8751998609662843,0.1550861783517192,0.8449138216482808
14173,0.8753215154675009,0.1550861783517192,0.8449138216482808
14174,0.8753215154675009,0.1551384604660079,0.8448615395339921
14175,0.8753388946819604,0.1551384604660079,0.8448615395339921
14176,0.8753388946819604,0.15522559732315575,0.8447744026768442
14177,0.8753562738964199,0.15522559732315575,0.8447744026768442
14178,0.8753562738964199,0.15526045206601488,0.8447395479339851
14179,0.8753736531108793,0.15526045206601488,0.8447395479339851
14180,0.8753736531108793,0.15527787943744445,0.8447221205625556
14181,0.8754257907542579,0.15527787943744445,0.8447221205625556
14182,0.8754257907542579,0.15534758892316272,0.8446524110768373
14183,0.875460549183177,0.15534758892316272,0.8446524110768373
14184,0.875460549183177,0.15539987103745143,0.8446001289625485
14185,0.8754779283976364,0.155417298408881,0.844582701591119
14186,0.8754779283976364,0.1554695805231697,0.8445304194768303
14187,0.8754953076120959,0.1554695805231697,0.8445304194768303
14188,0.8754953076120959,0.15548700789459927,0.8445129921054008
14189,0.8755474452554745,0.15548700789459927,0.8445129921054008
14190,0.8755474452554745,0.15550443526602883,0.8444955647339711
14191,0.875599582898853,0.15550443526602883,0.8444955647339711
14192,0.875599582898853,0.15553929000888797,0.844460709991112
14193,0.875634341327772,0.15553929000888797,0.844460709991112
14194,0.875634341327772,0.15555671738031754,0.8444432826196825
14195,0.875669099756691,0.15555671738031754,0.8444432826196825
14196,0.875669099756691,0.15559157212317667,0.8444084278768234
14197,0.8756864789711505,0.15559157212317667,0.8444084278768234
14198,0.8756864789711505,0.15562642686603578,0.8443735731339642
14199,0.8757559958289886,0.15562642686603578,0.8443735731339642
14200,0.8757559958289886,0.15569613635175406,0.844303863648246
14201,0.8757907542579075,0.15569613635175406,0.844303863648246
14202,0.8757907542579075,0.1557309910946132,0.8442690089053868
14203,0.8758255126868265,0.1557309910946132,0.8442690089053868
14204,0.8758255126868265,0.15574841846604276,0.8442515815339573
14205,0.8758428919012861,0.15574841846604276,0.8442515815339573
14206,0.8758428919012861,0.15576584583747233,0.8442341541625277
14207,0.8759471671880431,0.15576584583747233,0.8442341541625277
14208,0.8759471671880431,0.15580070058033146,0.8441992994196685
14209,0.8759645464025027,0.15580070058033146,0.8441992994196685
14210,0.8759645464025027,0.15581812795176103,0.844181872048239
14211,0.8760166840458812,0.15581812795176103,0.844181872048239
14212,0.8760166840458812,0.15587041006604974,0.8441295899339503
14213,0.8760688216892596,0.15587041006604974,0.8441295899339503
14214,0.8760688216892596,0.1558878374374793,0.8441121625625208
14215,0.8760862009037191,0.1558878374374793,0.8441121625625208
14216,0.8760862009037191,0.1559924016660567,0.8440075983339432
14217,0.8761035801181787,0.1559924016660567,0.8440075983339432
14218,0.8761035801181787,0.15602725640891585,0.8439727435910842
14219,0.8761904761904762,0.15602725640891585,0.8439727435910842
14220,0.8761904761904762,0.15607953852320455,0.8439204614767954
14221,0.8762078554049357,0.15607953852320455,0.8439204614767954
14222,0.8762078554049357,0.15609696589463412,0.8439030341053659
14223,0.8762426138338547,0.15609696589463412,0.8439030341053659
14224,0.8762426138338547,0.1561143932660637,0.8438856067339363
14225,0.8762599930483143,0.1561143932660637,0.8438856067339363
14226,0.8762599930483143,0.15614924800892283,0.8438507519910772
14227,0.8762773722627737,0.15614924800892283,0.8438507519910772
14228,0.8762773722627737,0.1561666753803524,0.8438333246196477
14229,0.8763990267639903,0.1561666753803524,0.8438333246196477
14230,0.8763990267639903,0.15620153012321153,0.8437984698767884
14231,0.8764164059784497,0.15620153012321153,0.8437984698767884
14232,0.8764164059784497,0.15621895749464107,0.8437810425053589
14233,0.8764685436218282,0.15621895749464107,0.8437810425053589
14234,0.8764685436218282,0.15628866698035934,0.8437113330196406
14235,0.8764859228362878,0.15628866698035934,0.8437113330196406
14236,0.8764859228362878,0.1563060943517889,0.8436939056482111
14237,0.8765033020507473,0.1563060943517889,0.8436939056482111
14238,0.8765033020507473,0.15632352172321848,0.8436764782767815
14239,0.8765380604796663,0.15632352172321848,0.8436764782767815
14240,0.8765380604796663,0.15634094909464805,0.843659050905352
14241,0.8765728189085853,0.15634094909464805,0.843659050905352
14242,0.8765728189085853,0.15635837646607761,0.8436416235339224
14243,0.8766249565519638,0.15635837646607761,0.8436416235339224
14244,0.8766249565519638,0.15637580383750718,0.8436241961624928
14245,0.8766597149808829,0.15637580383750718,0.8436241961624928
14246,0.8766597149808829,0.15639323120893675,0.8436067687910632
14247,0.8766770941953423,0.15639323120893675,0.8436067687910632
14248,0.8766770941953423,0.1564280859517959,0.8435719140482041
14249,0.8766944734098019,0.1564280859517959,0.8435719140482041
14250,0.8766944734098019,0.15646294069465502,0.843537059305345
14251,0.8767118526242614,0.15646294069465502,0.843537059305345
14252,0.8767118526242614,0.15656750492323243,0.8434324950767675
14253,0.8767987486965589,0.15656750492323243,0.8434324950767675
14254,0.8767987486965589,0.1566894965232394,0.8433105034767606
14255,0.8768335071254779,0.1566894965232394,0.8433105034767606
14256,0.8768335071254779,0.15670692389466898,0.843293076105331
14257,0.8768508863399375,0.15670692389466898,0.843293076105331
14258,0.8768508863399375,0.15675920600895768,0.8432407939910423
14259,0.8768682655543969,0.15675920600895768,0.8432407939910423
14260,0.8768682655543969,0.15679406075181682,0.8432059392481832
14261,0.876937782412235,0.15679406075181682,0.8432059392481832
14262,0.876937782412235,0.1568463428661055,0.8431536571338945
14263,0.8769551616266945,0.1568463428661055,0.8431536571338945
14264,0.8769551616266945,0.1568986249803942,0.8431013750196058
14265,0.876972540841154,0.1568986249803942,0.8431013750196058
14266,0.876972540841154,0.15693347972325333,0.8430665202767467
14267,0.8769899200556135,0.15693347972325333,0.8430665202767467
14268,0.8769899200556135,0.1569509070946829,0.8430490929053172
14269,0.877007299270073,0.1569509070946829,0.8430490929053172
14270,0.877007299270073,0.15696833446611247,0.8430316655338875
14271,0.877042057698992,0.15696833446611247,0.8430316655338875
14272,0.877042057698992,0.15702061658040117,0.8429793834195989
14273,0.8770594369134516,0.15702061658040117,0.8429793834195989
14274,0.8770594369134516,0.15703804395183074,0.8429619560481693
14275,0.87711157455683,0.15703804395183074,0.8429619560481693
14276,0.87711157455683,0.1570554713232603,0.8429445286767396
14277,0.8771289537712895,0.1570554713232603,0.8429445286767396
14278,0.8771289537712895,0.15709032606611945,0.8429096739338806
14279,0.8771463329857491,0.15709032606611945,0.8429096739338806
14280,0.8771463329857491,0.15712518080897858,0.8428748191910214
14281,0.8771637122002085,0.15712518080897858,0.8428748191910214
14282,0.8771637122002085,0.15719489029469685,0.8428051097053031
14283,0.877181091414668,0.15719489029469685,0.8428051097053031
14284,0.877181091414668,0.157229745037556,0.8427702549624441
14285,0.8771984706291276,0.157229745037556,0.8427702549624441
14286,0.8771984706291276,0.15724717240898556,0.8427528275910144
14287,0.877215849843587,0.15724717240898556,0.8427528275910144
14288,0.877215849843587,0.15731688189470383,0.8426831181052962
14289,0.8772332290580466,0.15731688189470383,0.8426831181052962
14290,0.8772332290580466,0.15736916400899253,0.8426308359910075
14291,0.8772506082725061,0.15736916400899253,0.8426308359910075
14292,0.8772506082725061,0.1573865913804221,0.8426134086195779
14293,0.8772679874869656,0.1573865913804221,0.8426134086195779
14294,0.8772679874869656,0.15740401875185167,0.8425959812481483
14295,0.8772853667014251,0.15740401875185167,0.8425959812481483
14296,0.8772853667014251,0.15745630086614035,0.8425436991338596
14297,0.8773027459158846,0.15745630086614035,0.8425436991338596
14298,0.8773027459158846,0.15750858298042905,0.842491417019571
14299,0.8773201251303441,0.15750858298042905,0.842491417019571
14300,0.8773201251303441,0.15761314720900646,0.8423868527909936
14301,0.8773548835592632,0.15761314720900646,0.8423868527909936
14302,0.8773548835592632,0.1577002840661543,0.8422997159338457
14303,0.8774417796315607,0.1577002840661543,0.8422997159338457
14304,0.8774417796315607,0.15776999355187257,0.8422300064481274
14305,0.8774591588460202,0.15776999355187257,0.8422300064481274
14306,0.8774591588460202,0.15782227566616128,0.8421777243338388
14307,0.8774765380604796,0.15782227566616128,0.8421777243338388
14308,0.8774765380604796,0.15783970303759084,0.8421602969624091
14309,0.8775981925616962,0.15783970303759084,0.8421602969624091
14310,0.8775981925616962,0.1578571304090204,0.8421428695909796
14311,0.8776329509906152,0.1578571304090204,0.8421428695909796
14312,0.8776329509906152,0.15789198515187955,0.8421080148481205
14313,0.8776503302050748,0.15789198515187955,0.8421080148481205
14314,0.8776503302050748,0.15792683989473869,0.8420731601052613
14315,0.8776677094195342,0.15792683989473869,0.8420731601052613
14316,0.8776677094195342,0.15796169463759782,0.8420383053624022
14317,0.8776850886339937,0.15796169463759782,0.8420383053624022
14318,0.8776850886339937,0.1579791220090274,0.8420208779909726
14319,0.8777024678484533,0.1579791220090274,0.8420208779909726
14320,0.8777024678484533,0.15801397675188653,0.8419860232481134
14321,0.8777198470629127,0.15801397675188653,0.8419860232481134
14322,0.8777198470629127,0.1580662588661752,0.8419337411338248
14323,0.8777546054918318,0.1580662588661752,0.8419337411338248
14324,0.8777546054918318,0.15808368623760477,0.8419163137623953
14325,0.8777893639207508,0.15808368623760477,0.8419163137623953
14326,0.8777893639207508,0.15810111360903434,0.8418988863909657
14327,0.8778415015641293,0.15810111360903434,0.8418988863909657
14328,0.8778415015641293,0.1581708230947526,0.8418291769052474
14329,0.8778762599930483,0.1581708230947526,0.8418291769052474
14330,0.8778762599930483,0.15818825046618218,0.8418117495338178
14331,0.8779283976364268,0.15818825046618218,0.8418117495338178
14332,0.8779283976364268,0.15820567783761175,0.8417943221623883
14333,0.8779457768508864,0.15820567783761175,0.8417943221623883
14334,0.8779457768508864,0.15827538732333002,0.84172461267667
14335,0.8780152937087243,0.15827538732333002,0.84172461267667
14336,0.8780152937087243,0.1582928146947596,0.8417071853052405
14337,0.8780326729231839,0.1582928146947596,0.8417071853052405
14338,0.8780326729231839,0.15831024206618916,0.8416897579338108
14339,0.8780674313521029,0.15831024206618916,0.8416897579338108
14340,0.8780674313521029,0.15832766943761872,0.8416723305623812
14341,0.8780848105665624,0.15832766943761872,0.8416723305623812
14342,0.8780848105665624,0.15837995155190743,0.8416200484480926
14343,0.8781195689954814,0.15837995155190743,0.8416200484480926
14344,0.8781195689954814,0.15843223366619613,0.8415677663338039
14345,0.8781369482099409,0.15843223366619613,0.8415677663338039
14346,0.8781369482099409,0.1585019431519144,0.8414980568480857
14347,0.8781717066388599,0.1585019431519144,0.8414980568480857
14348,0.8781717066388599,0.15851937052334397,0.841480629476656
14349,0.8781890858533195,0.15851937052334397,0.841480629476656
14350,0.8781890858533195,0.15857165263763268,0.8414283473623674
14351,0.8782238442822384,0.15857165263763268,0.8414283473623674
14352,0.8782238442822384,0.15858908000906224,0.8414109199909378
14353,0.878241223496698,0.15858908000906224,0.8414109199909378
14354,0.878241223496698,0.15862393475192138,0.8413760652480786
14355,0.8782586027111574,0.15862393475192138,0.8413760652480786
14356,0.8782586027111574,0.15864136212335095,0.8413586378766491
14357,0.8783107403545359,0.15864136212335095,0.8413586378766491
14358,0.8783107403545359,0.1586587894947805,0.8413412105052195
14359,0.8783281195689955,0.1586587894947805,0.8413412105052195
14360,0.8783281195689955,0.15867621686621006,0.84132378313379
14361,0.878345498783455,0.15867621686621006,0.84132378313379
14362,0.878345498783455,0.15869364423763963,0.8413063557623603
14363,0.8783628779979145,0.15869364423763963,0.8413063557623603
14364,0.8783628779979145,0.1587633537233579,0.8412366462766421
14365,0.878380257212374,0.1587633537233579,0.8412366462766421
14366,0.878380257212374,0.15879820846621703,0.8412017915337829
14367,0.8784323948557525,0.15879820846621703,0.8412017915337829
14368,0.8784323948557525,0.1588156358376466,0.8411843641623534
14369,0.878484532499131,0.1588156358376466,0.8411843641623534
14370,0.878484532499131,0.15885049058050574,0.8411495094194943
14371,0.8785019117135906,0.15885049058050574,0.8411495094194943
14372,0.8785019117135906,0.1588679179519353,0.8411320820480647
14373,0.87851929092805,0.1588679179519353,0.8411320820480647
14374,0.87851929092805,0.158920200066224,0.841079799933776
14375,0.8785366701425096,0.158920200066224,0.841079799933776
14376,0.8785366701425096,0.15893762743765358,0.8410623725623464
14377,0.878554049356969,0.15893762743765358,0.8410623725623464
14378,0.878554049356969,0.15898990955194228,0.8410100904480577
14379,0.8785714285714286,0.15898990955194228,0.8410100904480577
14380,0.8785714285714286,0.1590944737805197,0.8409055262194803
14381,0.8786235662148071,0.1590944737805197,0.8409055262194803
14382,0.8786235662148071,0.15921646538052667,0.8407835346194733
14383,0.8786409454292666,0.15921646538052667,0.8407835346194733
14384,0.8786409454292666,0.15923389275195624,0.8407661072480438
14385,0.8786583246437261,0.15923389275195624,0.8407661072480438
14386,0.8786583246437261,0.1592513201233858,0.8407486798766142
14387,0.8786757038581856,0.1592513201233858,0.8407486798766142
14388,0.8786757038581856,0.1592861748662449,0.8407138251337551
14389,0.8786930830726452,0.1592861748662449,0.8407138251337551
14390,0.8786930830726452,0.15930360223767448,0.8406963977623255
14391,0.8787104622871046,0.15930360223767448,0.8406963977623255
14392,0.8787104622871046,0.15933845698053362,0.8406615430194664
14393,0.8787452207160237,0.15933845698053362,0.8406615430194664
14394,0.8787452207160237,0.15935588435196318,0.8406441156480369
14395,0.8787799791449427,0.15935588435196318,0.8406441156480369
14396,0.8787799791449427,0.15939073909482232,0.8406092609051776
14397,0.8787973583594022,0.15939073909482232,0.8406092609051776
14398,0.8787973583594022,0.15954758543768843,0.8404524145623116
14399,0.8788147375738616,0.15954758543768843,0.8404524145623116
14400,0.8788147375738616,0.159565012809118,0.840434987190882
14401,0.8788494960027807,0.159565012809118,0.840434987190882
14402,0.8788494960027807,0.15959986755197714,0.8404001324480228
14403,0.8788668752172402,0.15959986755197714,0.8404001324480228
14404,0.8788668752172402,0.15968700440912498,0.840312995590875
14405,0.8788842544316997,0.15968700440912498,0.840312995590875
14406,0.8788842544316997,0.15970443178055455,0.8402955682194455
14407,0.8789016336461591,0.15970443178055455,0.8402955682194455
14408,0.8789016336461591,0.1597218591519841,0.8402781408480159
14409,0.8789190128606187,0.1597218591519841,0.8402781408480159
14410,0.8789190128606187,0.15973928652341368,0.8402607134765863
14411,0.8789363920750782,0.15973928652341368,0.8402607134765863
14412,0.8789363920750782,0.15982642338056152,0.8401735766194385
14413,0.8789711505039972,0.15982642338056152,0.8401735766194385
14414,0.8789711505039972,0.1598438507519911,0.840156149248009
14415,0.8789885297184568,0.1598438507519911,0.840156149248009
14416,0.8789885297184568,0.15986127812342066,0.8401387218765793
14417,0.8790059089329162,0.15986127812342066,0.8401387218765793
14418,0.8790059089329162,0.1598787054948502,0.8401212945051498
14419,0.8790232881473757,0.1598787054948502,0.8401212945051498
14420,0.8790232881473757,0.15989613286627977,0.8401038671337202
14421,0.8790406673618353,0.15989613286627977,0.8401038671337202
14422,0.8790406673618353,0.1599309876091389,0.8400690123908611
14423,0.8790928050052138,0.1599309876091389,0.8400690123908611
14424,0.8790928050052138,0.15994841498056847,0.8400515850194316
14425,0.8791101842196732,0.15994841498056847,0.8400515850194316
14426,0.8791101842196732,0.15996584235199804,0.8400341576480019
14427,0.8791275634341328,0.15996584235199804,0.8400341576480019
14428,0.8791275634341328,0.16000069709485717,0.8399993029051428
14429,0.8791623218630518,0.16000069709485717,0.8399993029051428
14430,0.8791623218630518,0.16001812446628674,0.8399818755337133
14431,0.8792492179353493,0.16001812446628674,0.8399818755337133
14432,0.8792492179353493,0.1600355518377163,0.8399644481622837
14433,0.8792665971498088,0.1600355518377163,0.8399644481622837
14434,0.8792665971498088,0.16010526132343458,0.8398947386765654
14435,0.8792839763642684,0.16010526132343458,0.8398947386765654
14436,0.8792839763642684,0.16014011606629372,0.8398598839337063
14437,0.8793013555787278,0.16014011606629372,0.8398598839337063
14438,0.8793013555787278,0.16019239818058242,0.8398076018194176
14439,0.8793361140076469,0.16019239818058242,0.8398076018194176
14440,0.8793361140076469,0.16027953503773026,0.8397204649622697
14441,0.8793708724365659,0.16027953503773026,0.8397204649622697
14442,0.8793708724365659,0.1603143897805894,0.8396856102194106
14443,0.8793882516510254,0.1603143897805894,0.8396856102194106
14444,0.8793882516510254,0.16045380875202594,0.839546191247974
14445,0.8794403892944039,0.16045380875202594,0.839546191247974
14446,0.8794403892944039,0.16048866349488505,0.839511336505115
14447,0.8794925269377825,0.16048866349488505,0.839511336505115
14448,0.8794925269377825,0.16055837298060333,0.8394416270193967
14449,0.8795099061522419,0.16055837298060333,0.8394416270193967
14450,0.8795099061522419,0.16061065509489203,0.839389344905108
14451,0.879544664581161,0.16061065509489203,0.839389344905108
14452,0.879544664581161,0.16066293720918073,0.8393370627908192
14453,0.8796315606534585,0.16066293720918073,0.8393370627908192
14454,0.8796315606534585,0.16069779195203987,0.8393022080479602
14455,0.8796489398679179,0.16069779195203987,0.8393022080479602
14456,0.8796489398679179,0.16075007406632857,0.8392499259336714
14457,0.8796663190823775,0.16075007406632857,0.8392499259336714
14458,0.8796663190823775,0.16076750143775814,0.8392324985622419
14459,0.879683698296837,0.16076750143775814,0.8392324985622419
14460,0.879683698296837,0.1607849288091877,0.8392150711908123
14461,0.8797010775112964,0.1607849288091877,0.8392150711908123
14462,0.8797010775112964,0.16080235618061728,0.8391976438193827
14463,0.879718456725756,0.16080235618061728,0.8391976438193827
14464,0.879718456725756,0.16081978355204685,0.8391802164479532
14465,0.8797358359402155,0.16081978355204685,0.8391802164479532
14466,0.8797358359402155,0.16085463829490598,0.839145361705094
14467,0.8797705943691345,0.16085463829490598,0.839145361705094
14468,0.8797705943691345,0.16087206566633555,0.8391279343336644
14469,0.879857490441432,0.16087206566633555,0.8391279343336644
14470,0.879857490441432,0.16088949303776512,0.8391105069622349
14471,0.8799096280848105,0.16088949303776512,0.8391105069622349
14472,0.8799096280848105,0.1609069204091947,0.8390930795908054
14473,0.8799270072992701,0.1609069204091947,0.8390930795908054
14474,0.8799270072992701,0.16092434778062426,0.8390756522193757
14475,0.8800312825860271,0.16092434778062426,0.8390756522193757
14476,0.8800312825860271,0.1609592025234834,0.8390407974765166
14477,0.8800660410149461,0.1609592025234834,0.8390407974765166
14478,0.8800660410149461,0.16099405726634253,0.8390059427336575
14479,0.8800834202294057,0.16099405726634253,0.8390059427336575
14480,0.8800834202294057,0.1610114846377721,0.8389885153622278
14481,0.8801529370872436,0.1610114846377721,0.8389885153622278
14482,0.8801529370872436,0.16104633938063123,0.8389536606193688
14483,0.8801876955161627,0.16104633938063123,0.8389536606193688
14484,0.8801876955161627,0.1610637667520608,0.8389362332479392
14485,0.8802572123740007,0.1610637667520608,0.8389362332479392
14486,0.8802572123740007,0.16113347623777904,0.8388665237622209
14487,0.8802745915884602,0.16113347623777904,0.8388665237622209
14488,0.8802745915884602,0.16118575835206775,0.8388142416479323
14489,0.8802919708029197,0.16118575835206775,0.8388142416479323
14490,0.8802919708029197,0.16120318572349732,0.8387968142765027
14491,0.8803093500173792,0.16120318572349732,0.8387968142765027
14492,0.8803093500173792,0.16122061309492688,0.8387793869050731
14493,0.8803267292318387,0.16122061309492688,0.8387793869050731
14494,0.8803267292318387,0.16123804046635645,0.8387619595336435
14495,0.8803441084462982,0.16123804046635645,0.8387619595336435
14496,0.8803441084462982,0.16125546783778602,0.838744532162214
14497,0.8803614876607577,0.16125546783778602,0.838744532162214
14498,0.8803614876607577,0.16136003206636343,0.8386399679336366
14499,0.8803788668752173,0.16136003206636343,0.8386399679336366
14500,0.8803788668752173,0.161377459437793,0.838622540562207
14501,0.8803962460896767,0.161377459437793,0.838622540562207
14502,0.8803962460896767,0.1614297415520817,0.8385702584479183
14503,0.8804136253041362,0.1614297415520817,0.8385702584479183
14504,0.8804136253041362,0.16144716892351127,0.8385528310764887
14505,0.8804310045185958,0.16144716892351127,0.8385528310764887
14506,0.8804310045185958,0.16146459629494084,0.8385354037050592
14507,0.8804483837330552,0.16146459629494084,0.8385354037050592
14508,0.8804483837330552,0.1614820236663704,0.8385179763336296
14509,0.8804657629475148,0.1614820236663704,0.8385179763336296
14510,0.8804657629475148,0.16149945103779997,0.8385005489622
14511,0.8804831421619743,0.16149945103779997,0.8385005489622
14512,0.8804831421619743,0.16155173315208868,0.8384482668479113
14513,0.8805005213764338,0.16155173315208868,0.8384482668479113
14514,0.8805005213764338,0.16156916052351825,0.8384308394764818
14515,0.8805179005908933,0.16156916052351825,0.8384308394764818
14516,0.8805179005908933,0.16160401526637738,0.8383959847336226
14517,0.8805874174487314,0.16160401526637738,0.8383959847336226
14518,0.8805874174487314,0.16162144263780695,0.838378557362193
14519,0.8806047966631908,0.16162144263780695,0.838378557362193
14520,0.8806047966631908,0.16169115212352522,0.8383088478764747
14521,0.8806395550921098,0.16169115212352522,0.8383088478764747
14522,0.8806395550921098,0.16172600686638433,0.8382739931336156
14523,0.8806569343065693,0.16172600686638433,0.8382739931336156
14524,0.8806569343065693,0.16176086160924347,0.8382391383907566
14525,0.8806743135210289,0.16176086160924347,0.8382391383907566
14526,0.8806743135210289,0.16177828898067304,0.838221711019327
14527,0.8806916927354883,0.16177828898067304,0.838221711019327
14528,0.8806916927354883,0.1617957163521026,0.8382042836478973
14529,0.8807090719499479,0.1617957163521026,0.8382042836478973
14530,0.8807090719499479,0.16181314372353217,0.8381868562764678
14531,0.8807264511644074,0.16181314372353217,0.8381868562764678
14532,0.8807264511644074,0.16183057109496174,0.8381694289050383
14533,0.8807612095933264,0.16183057109496174,0.8381694289050383
14534,0.8807959680222454,0.16183057109496174,0.8381694289050383
14535,0.8808307264511644,0.16183057109496174,0.8381694289050383
14536,0.8808307264511644,0.16186542583782088,0.8381345741621791
14537,0.8808481056656239,0.16186542583782088,0.8381345741621791
14538,0.8808481056656239,0.16188285320925044,0.8381171467907496
14539,0.880882864094543,0.16188285320925044,0.8381171467907496
14540,0.880882864094543,0.16191770795210958,0.8380822920478904
14541,0.880917622523462,0.16191770795210958,0.8380822920478904
14542,0.880917622523462,0.16193513532353915,0.8380648646764608
14543,0.8809523809523809,0.16193513532353915,0.8380648646764608
14544,0.8809523809523809,0.16195256269496872,0.8380474373050313
14545,0.8809871393812999,0.16195256269496872,0.8380474373050313
14546,0.881021897810219,0.16195256269496872,0.8380474373050313
14547,0.8810392770246784,0.16195256269496872,0.8380474373050313
14548,0.8810392770246784,0.16200484480925742,0.8379951551907425
14549,0.881056656239138,0.16200484480925742,0.8379951551907425
14550,0.881056656239138,0.1620745542949757,0.8379254457050243
14551,0.881091414668057,0.1620745542949757,0.8379254457050243
14552,0.8811087938825165,0.1620745542949757,0.8379254457050243
14553,0.8811087938825165,0.16209198166640526,0.8379080183335947
14554,0.881126173096976,0.16209198166640526,0.8379080183335947
14555,0.881126173096976,0.1621268364092644,0.8378731635907356
14556,0.881160931525895,0.1621268364092644,0.8378731635907356
14557,0.881160931525895,0.16221397326641224,0.8377860267335877
14558,0.8811783107403546,0.16221397326641224,0.8377860267335877
14559,0.8811783107403546,0.1622836827521305,0.8377163172478694
14560,0.8812130691692736,0.1622836827521305,0.8377163172478694
14561,0.8812130691692736,0.16230111012356008,0.8376988898764399
14562,0.8812478275981925,0.16230111012356008,0.8376988898764399
14563,0.8812478275981925,0.16235339223784875,0.8376466077621513
14564,0.8812652068126521,0.16235339223784875,0.8376466077621513
14565,0.8812652068126521,0.1623882469807079,0.8376117530192921
14566,0.8812999652415711,0.1623882469807079,0.8376117530192921
14567,0.8812999652415711,0.1624405290949966,0.8375594709050034
14568,0.8813173444560306,0.1624405290949966,0.8375594709050034
14569,0.8813173444560306,0.1624928112092853,0.8375071887907147
14570,0.8813694820994091,0.1624928112092853,0.8375071887907147
14571,0.8813694820994091,0.16252766595214443,0.8374723340478556
14572,0.8813868613138686,0.16252766595214443,0.8374723340478556
14573,0.8813868613138686,0.16256252069500357,0.8374374793049965
14574,0.8814042405283281,0.16256252069500357,0.8374374793049965
14575,0.8814042405283281,0.16261480280929227,0.8373851971907077
14576,0.8814389989572471,0.16261480280929227,0.8373851971907077
14577,0.8814389989572471,0.16266708492358098,0.837332915076419
14578,0.8814563781717066,0.16266708492358098,0.837332915076419
14579,0.8814563781717066,0.16268451229501055,0.8373154877049894
14580,0.8814737573861662,0.16268451229501055,0.8373154877049894
14581,0.8814737573861662,0.16271936703786968,0.8372806329621303
14582,0.8815258950295447,0.16271936703786968,0.8372806329621303
14583,0.8815258950295447,0.1627716491521584,0.8372283508478416
14584,0.8815432742440041,0.1627716491521584,0.8372283508478416
14585,0.8815432742440041,0.16280650389501752,0.8371934961049825
14586,0.8815606534584637,0.16280650389501752,0.8371934961049825
14587,0.8815606534584637,0.16284135863787666,0.8371586413621234
14588,0.8816301703163018,0.16284135863787666,0.8371586413621234
14589,0.8816301703163018,0.16285878600930623,0.8371412139906937
14590,0.8816649287452207,0.16285878600930623,0.8371412139906937
14591,0.8816649287452207,0.16289364075216536,0.8371063592478346
14592,0.8816996871741397,0.16289364075216536,0.8371063592478346
14593,0.8816996871741397,0.16292849549502447,0.8370715045049755
14594,0.8817344456030587,0.16292849549502447,0.8370715045049755
14595,0.8817344456030587,0.16294592286645404,0.837054077133546
14596,0.8817692040319778,0.16294592286645404,0.837054077133546
14597,0.8817692040319778,0.1630156323521723,0.8369843676478277
14598,0.8817865832464372,0.1630156323521723,0.8369843676478277
14599,0.8817865832464372,0.16303305972360188,0.8369669402763982
14600,0.8818213416753563,0.16303305972360188,0.8369669402763982
14601,0.8818213416753563,0.16308534183789059,0.8369146581621094
14602,0.8818387208898157,0.16308534183789059,0.8369146581621094
14603,0.8818387208898157,0.16310276920932015,0.8368972307906799
14604,0.8818561001042753,0.16310276920932015,0.8368972307906799
14605,0.8818561001042753,0.16312019658074972,0.8368798034192503
14606,0.8818734793187348,0.16312019658074972,0.8368798034192503
14607,0.8818734793187348,0.1631376239521793,0.8368623760478207
14608,0.8819429961765728,0.1631376239521793,0.8368623760478207
14609,0.8819429961765728,0.16317247869503843,0.8368275213049616
14610,0.8819777546054919,0.16317247869503843,0.8368275213049616
14611,0.8819777546054919,0.163189906066468,0.836810093933532
14612,0.8820125130344109,0.163189906066468,0.836810093933532
14613,0.8820125130344109,0.16320733343789756,0.8367926665621024
14614,0.8821167883211679,0.16320733343789756,0.8367926665621024
14615,0.8821167883211679,0.16322476080932713,0.8367752391906729
14616,0.8821341675356273,0.16322476080932713,0.8367752391906729
14617,0.8821689259645464,0.16322476080932713,0.8367752391906729
14618,0.8822036843934654,0.16322476080932713,0.8367752391906729
14619,0.8822036843934654,0.1632421881807567,0.8367578118192434
14620,0.882221063607925,0.1632421881807567,0.8367578118192434
14621,0.882221063607925,0.16325961555218627,0.8367403844478137
14622,0.8822732012513035,0.16325961555218627,0.8367403844478137
14623,0.8822732012513035,0.1633467524093341,0.8366532475906658
14624,0.8823427181091414,0.1633467524093341,0.8366532475906658
14625,0.8823427181091414,0.16341646189505238,0.8365835381049476
14626,0.882360097323601,0.16341646189505238,0.8365835381049476
14627,0.882360097323601,0.16343388926648195,0.836566110733518
14628,0.8823774765380605,0.16343388926648195,0.836566110733518
14629,0.8823774765380605,0.16348617138077065,0.8365138286192293
14630,0.8824469933958985,0.16348617138077065,0.8365138286192293
14631,0.8824469933958985,0.16352102612362976,0.8364789738763703
14632,0.882499131039277,0.16352102612362976,0.8364789738763703
14633,0.882499131039277,0.1635558808664889,0.8364441191335111
14634,0.8825512686826555,0.1635558808664889,0.8364441191335111
14635,0.8825512686826555,0.16357330823791846,0.8364266917620815
14636,0.8825686478971151,0.16357330823791846,0.8364266917620815
14637,0.8825686478971151,0.1636081629807776,0.8363918370192224
14638,0.8825860271115745,0.1636081629807776,0.8363918370192224
14639,0.8825860271115745,0.16373015458078458,0.8362698454192155
14640,0.8826034063260341,0.16373015458078458,0.8362698454192155
14641,0.8826034063260341,0.16374758195221414,0.8362524180477858
14642,0.8826207855404936,0.16374758195221414,0.8362524180477858
14643,0.8826207855404936,0.1637650093236437,0.8362349906763563
14644,0.8827250608272507,0.1637650093236437,0.8362349906763563
14645,0.8827250608272507,0.16386957355222112,0.8361304264477789
14646,0.8827771984706291,0.16386957355222112,0.8361304264477789
14647,0.8827771984706291,0.16390442829508026,0.8360955717049198
14648,0.8827945776850886,0.16390442829508026,0.8360955717049198
14649,0.8827945776850886,0.16392185566650982,0.8360781443334901
14650,0.8828293361140076,0.16392185566650982,0.8360781443334901
14651,0.8828293361140076,0.1639392830379394,0.8360607169620606
14652,0.8828467153284671,0.1639392830379394,0.8360607169620606
14653,0.8828467153284671,0.16395671040936896,0.836043289590631
14654,0.8828814737573861,0.16395671040936896,0.836043289590631
14655,0.8828814737573861,0.1639915651522281,0.8360084348477719
14656,0.8828988529718457,0.1639915651522281,0.8360084348477719
14657,0.8828988529718457,0.16400899252365767,0.8359910074763424
14658,0.8829162321863052,0.16400899252365767,0.8359910074763424
14659,0.8829162321863052,0.16402641989508723,0.8359735801049127
14660,0.8829336114007647,0.16402641989508723,0.8359735801049127
14661,0.8829336114007647,0.1640438472665168,0.8359561527334832
14662,0.8829683698296837,0.1640438472665168,0.8359561527334832
14663,0.8829683698296837,0.16406127463794637,0.8359387253620536
14664,0.8830031282586027,0.16406127463794637,0.8359387253620536
14665,0.8830031282586027,0.1641309841236646,0.8358690158763353
14666,0.8830205074730623,0.1641309841236646,0.8358690158763353
14667,0.8830205074730623,0.16414841149509418,0.8358515885049058
14668,0.8830378866875217,0.16414841149509418,0.8358515885049058
14669,0.8830378866875217,0.16416583886652375,0.8358341611334763
14670,0.8830552659019812,0.16416583886652375,0.8358341611334763
14671,0.8830552659019812,0.1642006936093829,0.8357993063906171
14672,0.8830726451164408,0.1642006936093829,0.8357993063906171
14673,0.8830726451164408,0.1642529757236716,0.8357470242763284
14674,0.8830900243309002,0.1642529757236716,0.8357470242763284
14675,0.8830900243309002,0.16432268520938986,0.8356773147906101
14676,0.8831074035453598,0.16432268520938986,0.8356773147906101
14677,0.8831074035453598,0.164357539952249,0.835642460047751
14678,0.8831247827598192,0.164357539952249,0.835642460047751
14679,0.8831247827598192,0.16439239469510813,0.8356076053048919
14680,0.8831769204031977,0.16439239469510813,0.8356076053048919
14681,0.8831769204031977,0.1644098220665377,0.8355901779334622
14682,0.8832116788321168,0.1644098220665377,0.8355901779334622
14683,0.8832116788321168,0.1644621041808264,0.8355378958191736
14684,0.8832464372610358,0.1644621041808264,0.8355378958191736
14685,0.8832464372610358,0.16449695892368554,0.8355030410763145
14686,0.8832811956899548,0.16449695892368554,0.8355030410763145
14687,0.8832811956899548,0.1645143862951151,0.8354856137048849
14688,0.8833333333333333,0.1645143862951151,0.8354856137048849
14689,0.8833333333333333,0.16454924103797425,0.8354507589620257
14690,0.8833680917622524,0.16454924103797425,0.8354507589620257
14691,0.8833680917622524,0.16458409578083338,0.8354159042191667
14692,0.8833854709767118,0.16458409578083338,0.8354159042191667
14693,0.8833854709767118,0.16460152315226295,0.835398476847737
14694,0.8834028501911714,0.16460152315226295,0.835398476847737
14695,0.8834028501911714,0.1646363778951221,0.8353636221048779
14696,0.8834376086200904,0.1646363778951221,0.8353636221048779
14697,0.8834376086200904,0.1646886600094108,0.8353113399905892
14698,0.8834549878345499,0.1646886600094108,0.8353113399905892
14699,0.8834549878345499,0.16470608738084036,0.8352939126191596
14700,0.8834723670490093,0.16470608738084036,0.8352939126191596
14701,0.8834723670490093,0.16472351475226993,0.8352764852477301
14702,0.8835071254779284,0.16472351475226993,0.8352764852477301
14703,0.8835071254779284,0.16474094212369947,0.8352590578763005
14704,0.8835940215502259,0.16474094212369947,0.8352590578763005
14705,0.8835940215502259,0.1647757968665586,0.8352242031334414
14706,0.8836461591936045,0.1647757968665586,0.8352242031334414
14707,0.8836461591936045,0.16484550635227688,0.8351544936477231
14708,0.883663538408064,0.16484550635227688,0.8351544936477231
14709,0.883663538408064,0.164880361095136,0.835119638904864
14710,0.8836809176225234,0.164880361095136,0.835119638904864
14711,0.8836809176225234,0.16489778846656558,0.8351022115334344
14712,0.883698296836983,0.16489778846656558,0.8351022115334344
14713,0.883698296836983,0.16491521583799515,0.8350847841620048
14714,0.8837156760514425,0.16491521583799515,0.8350847841620048
14715,0.8837156760514425,0.16493264320942472,0.8350673567905753
14716,0.883767813694821,0.16493264320942472,0.8350673567905753
14717,0.883767813694821,0.16496749795228385,0.8350325020477162
14718,0.88380257212374,0.16496749795228385,0.8350325020477162
14719,0.88380257212374,0.16507206218086126,0.8349279378191388
14720,0.883872088981578,0.16507206218086126,0.8349279378191388
14721,0.883872088981578,0.16508948955229083,0.8349105104477091
14722,0.8838894681960375,0.16508948955229083,0.8349105104477091
14723,0.8838894681960375,0.16512434429514997,0.83487565570485
14724,0.8839068474104971,0.16512434429514997,0.83487565570485
14725,0.8839068474104971,0.16514177166657953,0.8348582283334205
14726,0.8839242266249565,0.16514177166657953,0.8348582283334205
14727,0.8839242266249565,0.1651591990380091,0.8348408009619909
14728,0.8839589850538756,0.1651591990380091,0.8348408009619909
14729,0.8839589850538756,0.16519405378086824,0.8348059462191317
14730,0.8840111226972541,0.16519405378086824,0.8348059462191317
14731,0.8840111226972541,0.1652114811522978,0.8347885188477022
14732,0.8840632603406327,0.1652114811522978,0.8347885188477022
14733,0.8840632603406327,0.16522890852372737,0.8347710914762726
14734,0.8840980187695516,0.16522890852372737,0.8347710914762726
14735,0.8840980187695516,0.1652637632665865,0.8347362367334135
14736,0.8841327771984706,0.1652637632665865,0.8347362367334135
14737,0.8841327771984706,0.16528119063801608,0.834718809361984
14738,0.8841501564129302,0.16528119063801608,0.834718809361984
14739,0.8841501564129302,0.16529861800944565,0.8347013819905543
14740,0.8841675356273896,0.16529861800944565,0.8347013819905543
14741,0.8841675356273896,0.16533347275230478,0.8346665272476952
14742,0.8842022940563087,0.16533347275230478,0.8346665272476952
14743,0.8842022940563087,0.16535090012373432,0.8346490998762657
14744,0.8842891901286062,0.16535090012373432,0.8346490998762657
14745,0.8842891901286062,0.1653683274951639,0.8346316725048362
14746,0.8843065693430657,0.1653683274951639,0.8346316725048362
14747,0.8843065693430657,0.16540318223802303,0.8345968177619769
14748,0.8843587069864443,0.16540318223802303,0.8345968177619769
14749,0.8843587069864443,0.1654206096094526,0.8345793903905474
14750,0.8844456030587418,0.1654206096094526,0.8345793903905474
14751,0.8844456030587418,0.1654728917237413,0.8345271082762586
14752,0.8844629822732013,0.1654728917237413,0.8345271082762586
14753,0.8844629822732013,0.16550774646660044,0.8344922535333996
14754,0.8844803614876607,0.16550774646660044,0.8344922535333996
14755,0.8844803614876607,0.16561231069517784,0.8343876893048221
14756,0.8844977407021203,0.16561231069517784,0.8343876893048221
14757,0.8844977407021203,0.1656297380666074,0.8343702619333926
14758,0.8846020159888773,0.1656297380666074,0.8343702619333926
14759,0.8846020159888773,0.16564716543803698,0.8343528345619631
14760,0.8846367744177963,0.16564716543803698,0.8343528345619631
14761,0.8846367744177963,0.16568202018089612,0.8343179798191038
14762,0.8846541536322559,0.16568202018089612,0.8343179798191038
14763,0.8846541536322559,0.16569944755232568,0.8343005524476743
14764,0.8846889120611748,0.16569944755232568,0.8343005524476743
14765,0.8846889120611748,0.16578658440947353,0.8342134155905265
14766,0.8847062912756344,0.16578658440947353,0.8342134155905265
14767,0.8847062912756344,0.1658040117809031,0.8341959882190969
14768,0.8847410497045534,0.1658040117809031,0.8341959882190969
14769,0.8847410497045534,0.16582143915233266,0.8341785608476673
14770,0.8847758081334723,0.16582143915233266,0.8341785608476673
14771,0.8847758081334723,0.1658562938951918,0.8341437061048083
14772,0.8848453249913104,0.1658562938951918,0.8341437061048083
14773,0.8848453249913104,0.16587372126662137,0.8341262787333786
14774,0.8848627042057698,0.16587372126662137,0.8341262787333786
14775,0.8848627042057698,0.16592600338091007,0.83407399661909
14776,0.8849148418491484,0.16592600338091007,0.83407399661909
14777,0.8849148418491484,0.16594343075233964,0.8340565692476604
14778,0.8849322210636079,0.16594343075233964,0.8340565692476604
14779,0.8849322210636079,0.16597828549519875,0.8340217145048012
14780,0.8849669794925269,0.16597828549519875,0.8340217145048012
14781,0.8849669794925269,0.16604799498091702,0.833952005019083
14782,0.885001737921446,0.16604799498091702,0.833952005019083
14783,0.885001737921446,0.1660654223523466,0.8339345776476534
14784,0.8850191171359054,0.1660654223523466,0.8339345776476534
14785,0.8850191171359054,0.16615255920949443,0.8338474407905055
14786,0.885140771637122,0.16615255920949443,0.8338474407905055
14787,0.885140771637122,0.16618741395235356,0.8338125860476464
14788,0.8851581508515816,0.16618741395235356,0.8338125860476464
14789,0.8851581508515816,0.1662222686952127,0.8337777313047873
14790,0.885175530066041,0.1662222686952127,0.8337777313047873
14791,0.885175530066041,0.16623969606664227,0.8337603039333578
14792,0.8851929092805005,0.16623969606664227,0.8337603039333578
14793,0.8851929092805005,0.16629197818093097,0.833708021819069
14794,0.8852450469238791,0.16629197818093097,0.833708021819069
14795,0.8852450469238791,0.16636168766664924,0.8336383123333507
14796,0.8852624261383385,0.16636168766664924,0.8336383123333507
14797,0.8852624261383385,0.16639654240950838,0.8336034575904916
14798,0.8852971845672576,0.16639654240950838,0.8336034575904916
14799,0.8852971845672576,0.16641396978093795,0.8335860302190621
14800,0.885314563781717,0.16641396978093795,0.8335860302190621
14801,0.885314563781717,0.16643139715236752,0.8335686028476325
14802,0.8853493222106361,0.16643139715236752,0.8335686028476325
14803,0.8853493222106361,0.1665011066380858,0.8334988933619142
14804,0.8853667014250955,0.1665011066380858,0.8334988933619142
14805,0.8853667014250955,0.16651853400951536,0.8334814659904847
14806,0.8853840806395551,0.16651853400951536,0.8334814659904847
14807,0.8853840806395551,0.16657081612380403,0.833429183876196
14808,0.8854014598540146,0.16657081612380403,0.833429183876196
14809,0.8854014598540146,0.1665882434952336,0.8334117565047664
14810,0.8854535974973932,0.1665882434952336,0.8334117565047664
14811,0.8854535974973932,0.1666405256095223,0.8333594743904778
14812,0.8855057351407717,0.1666405256095223,0.8333594743904778
14813,0.8855057351407717,0.16667538035238144,0.8333246196476185
14814,0.8855231143552311,0.16667538035238144,0.8333246196476185
14815,0.8855231143552311,0.166692807723811,0.833307192276189
14816,0.8855404935696907,0.166692807723811,0.833307192276189
14817,0.8855404935696907,0.16672766246667015,0.8332723375333299
14818,0.8855578727841501,0.16672766246667015,0.8332723375333299
14819,0.8855578727841501,0.1667450898380997,0.8332549101619002
14820,0.8855752519986096,0.1667450898380997,0.8332549101619002
14821,0.8855752519986096,0.16677994458095885,0.8332200554190412
14822,0.8855926312130692,0.16677994458095885,0.8332200554190412
14823,0.8855926312130692,0.16683222669524755,0.8331677733047524
14824,0.8856447688564477,0.16683222669524755,0.8331677733047524
14825,0.8856447688564477,0.16684965406667712,0.8331503459333229
14826,0.8857142857142857,0.16684965406667712,0.8331503459333229
14827,0.8857142857142857,0.16693679092382496,0.833063209076175
14828,0.8857316649287452,0.16693679092382496,0.833063209076175
14829,0.8857316649287452,0.1669716456666841,0.8330283543333159
14830,0.8857664233576642,0.1669716456666841,0.8330283543333159
14831,0.8857664233576642,0.16698907303811367,0.8330109269618864
14832,0.8858185610010427,0.16698907303811367,0.8330109269618864
14833,0.8858185610010427,0.1670239277809728,0.8329760722190271
14834,0.8858359402155023,0.1670239277809728,0.8329760722190271
14835,0.8858359402155023,0.16704135515240237,0.8329586448475976
14836,0.8858533194299618,0.16704135515240237,0.8329586448475976
14837,0.8858533194299618,0.16709363726669108,0.8329063627333089
14838,0.8858706986444213,0.16709363726669108,0.8329063627333089
14839,0.8858706986444213,0.16714591938097978,0.8328540806190202
14840,0.8858880778588808,0.16714591938097978,0.8328540806190202
14841,0.8858880778588808,0.16719820149526846,0.8328017985047316
14842,0.8859575947167188,0.16719820149526846,0.8328017985047316
14843,0.8859575947167188,0.1672330562381276,0.8327669437618724
14844,0.8859923531456378,0.1672330562381276,0.8327669437618724
14845,0.8859923531456378,0.16732019309527543,0.8326798069047245
14846,0.8860097323600973,0.16732019309527543,0.8326798069047245
14847,0.8860097323600973,0.16737247520956414,0.8326275247904359
14848,0.8860271115745568,0.16737247520956414,0.8326275247904359
14849,0.8860271115745568,0.16742475732385284,0.8325752426761471
14850,0.8860618700034758,0.16742475732385284,0.8325752426761471
14851,0.8860618700034758,0.16745961206671198,0.832540387933288
14852,0.8860792492179353,0.16745961206671198,0.832540387933288
14853,0.8860792492179353,0.16747703943814155,0.8325229605618585
14854,0.8861313868613139,0.16747703943814155,0.8325229605618585
14855,0.8861313868613139,0.16752932155243025,0.8324706784475697
14856,0.8861661452902329,0.16752932155243025,0.8324706784475697
14857,0.8861835245046924,0.16752932155243025,0.8324706784475697
14858,0.8861835245046924,0.16756417629528939,0.8324358237047106
14859,0.886200903719152,0.16756417629528939,0.8324358237047106
14860,0.886200903719152,0.16758160366671895,0.8324183963332811
14861,0.8862704205769899,0.16758160366671895,0.8324183963332811
14862,0.8862704205769899,0.16763388578100766,0.8323661142189923
14863,0.8863225582203684,0.16763388578100766,0.8323661142189923
14864,0.8863225582203684,0.16765131315243723,0.8323486868475628
14865,0.886339937434828,0.16765131315243723,0.8323486868475628
14866,0.886339937434828,0.1676687405238668,0.8323312594761332
14867,0.8863573166492874,0.1676687405238668,0.8323312594761332
14868,0.8863573166492874,0.16770359526672593,0.832296404733274
14869,0.8863920750782065,0.16770359526672593,0.832296404733274
14870,0.8863920750782065,0.1677733047524442,0.8322266952475558
14871,0.8864268335071255,0.1677733047524442,0.8322266952475558
14872,0.8864268335071255,0.16779073212387374,0.8322092678761263
14873,0.8864615919360445,0.16779073212387374,0.8322092678761263
14874,0.8864615919360445,0.1678081594953033,0.8321918405046966
14875,0.886513729579423,0.1678081594953033,0.8321918405046966
14876,0.886513729579423,0.16784301423816245,0.8321569857618376
14877,0.8865658672228015,0.16784301423816245,0.8321569857618376
14878,0.8865658672228015,0.16786044160959201,0.832139558390408
14879,0.886583246437261,0.16786044160959201,0.832139558390408
14880,0.886583246437261,0.16787786898102158,0.8321221310189784
14881,0.88661800486618,0.16787786898102158,0.8321221310189784
14882,0.88661800486618,0.16791272372388072,0.8320872762761193
14883,0.8866353840806396,0.16791272372388072,0.8320872762761193
14884,0.8866353840806396,0.16801728795245813,0.8319827120475418
14885,0.886652763295099,0.16801728795245813,0.8319827120475418
14886,0.886652763295099,0.1680347153238877,0.8319652846761123
14887,0.8866701425095586,0.1680347153238877,0.8319652846761123
14888,0.8866701425095586,0.16815670692389467,0.8318432930761053
14889,0.8867396593673966,0.16815670692389467,0.8318432930761053
14890,0.8867396593673966,0.16817413429532424,0.8318258657046758
14891,0.8867570385818561,0.16817413429532424,0.8318258657046758
14892,0.8867570385818561,0.16820898903818338,0.8317910109618166
14893,0.8868091762252346,0.16820898903818338,0.8317910109618166
14894,0.8868091762252346,0.16822641640961294,0.831773583590387
14895,0.8868265554396941,0.16822641640961294,0.831773583590387
14896,0.8868265554396941,0.1682438437810425,0.8317561562189575
14897,0.8868613138686131,0.1682438437810425,0.8317561562189575
14898,0.8868613138686131,0.16829612589533122,0.8317038741046687
14899,0.8868786930830727,0.16829612589533122,0.8317038741046687
14900,0.8868786930830727,0.16831355326676078,0.8316864467332392
14901,0.8868960722975322,0.16831355326676078,0.8316864467332392
14902,0.8868960722975322,0.16834840800961992,0.8316515919903801
14903,0.8869308307264512,0.16834840800961992,0.8316515919903801
14904,0.8869308307264512,0.1683658353810495,0.8316341646189505
14905,0.8869482099409107,0.1683658353810495,0.8316341646189505
14906,0.8869482099409107,0.16838326275247906,0.8316167372475209
14907,0.8869655891553702,0.16838326275247906,0.8316167372475209
14908,0.8869655891553702,0.1684006901239086,0.8315993098760914
14909,0.8869829683698297,0.1684006901239086,0.8315993098760914
14910,0.8869829683698297,0.16847039960962687,0.8315296003903732
14911,0.8870524852276677,0.16847039960962687,0.8315296003903732
14912,0.8870524852276677,0.16848782698105644,0.8315121730189435
14913,0.8870872436565868,0.16848782698105644,0.8315121730189435
14914,0.8870872436565868,0.1685575364667747,0.8314424635332253
14915,0.8871046228710462,0.1685575364667747,0.8314424635332253
14916,0.8871046228710462,0.16859239120963385,0.8314076087903661
14917,0.8871220020855057,0.16859239120963385,0.8314076087903661
14918,0.8871220020855057,0.16860981858106341,0.8313901814189366
14919,0.8871393812999653,0.16860981858106341,0.8313901814189366
14920,0.8871393812999653,0.16862724595249298,0.831372754047507
14921,0.8871567605144247,0.16862724595249298,0.831372754047507
14922,0.8871567605144247,0.1686795280667817,0.8313204719332183
14923,0.8872088981578032,0.1686795280667817,0.8313204719332183
14924,0.8872088981578032,0.16871438280964082,0.8312856171903592
14925,0.8872262773722628,0.16871438280964082,0.8312856171903592
14926,0.8872262773722628,0.1687318101810704,0.8312681898189296
14927,0.8872436565867223,0.1687318101810704,0.8312681898189296
14928,0.8872436565867223,0.16874923755249996,0.8312507624475001
14929,0.8872784150156413,0.16874923755249996,0.8312507624475001
14930,0.8872784150156413,0.16880151966678866,0.8311984803332113
14931,0.8873131734445603,0.16880151966678866,0.8311984803332113
14932,0.8873131734445603,0.16881894703821823,0.8311810529617818
14933,0.8873305526590198,0.16881894703821823,0.8311810529617818
14934,0.8873305526590198,0.1689409386382252,0.8310590613617748
14935,0.8873479318734793,0.1689409386382252,0.8310590613617748
14936,0.8873479318734793,0.1689932207525139,0.8310067792474861
14937,0.8873826903023984,0.1689932207525139,0.8310067792474861
14938,0.8873826903023984,0.16908035760966172,0.8309196423903382
14939,0.8874000695168578,0.16908035760966172,0.8309196423903382
14940,0.8874000695168578,0.1690977849810913,0.8309022150189087
14941,0.8874348279457769,0.1690977849810913,0.8309022150189087
14942,0.8874869655891554,0.1690977849810913,0.8309022150189087
14943,0.8874869655891554,0.16915006709538,0.83084993290462
14944,0.8875043448036148,0.16915006709538,0.83084993290462
14945,0.8875043448036148,0.16916749446680956,0.8308325055331904
14946,0.8875217240180744,0.16916749446680956,0.8308325055331904
14947,0.8875217240180744,0.1692023492096687,0.8307976507903313
14948,0.8875391032325339,0.1692023492096687,0.8307976507903313
14949,0.8875738616614529,0.1692023492096687,0.8307976507903313
14950,0.8875738616614529,0.16923720395252784,0.8307627960474722
14951,0.8876086200903719,0.16923720395252784,0.8307627960474722
14952,0.8876086200903719,0.1692546313239574,0.8307453686760427
14953,0.8876259993048314,0.1692546313239574,0.8307453686760427
14954,0.8876259993048314,0.16928948606681654,0.8307105139331834
14955,0.887643378519291,0.16928948606681654,0.8307105139331834
14956,0.887643378519291,0.1693069134382461,0.8306930865617539
14957,0.8876607577337504,0.1693069134382461,0.8306930865617539
14958,0.8876607577337504,0.1693591955525348,0.8306408044474651
14959,0.8876955161626694,0.1693591955525348,0.8306408044474651
14960,0.8876955161626694,0.16937662292396438,0.8306233770760356
14961,0.8877302745915885,0.16937662292396438,0.8306233770760356
14962,0.8877302745915885,0.16939405029539395,0.8306059497046061
14963,0.887782412234967,0.16939405029539395,0.8306059497046061
14964,0.887782412234967,0.16941147766682352,0.8305885223331765
14965,0.8877997914494264,0.16941147766682352,0.8305885223331765
14966,0.8877997914494264,0.16946375978111222,0.8305362402188878
14967,0.887817170663886,0.16946375978111222,0.8305362402188878
14968,0.887817170663886,0.1694811871525418,0.8305188128474582
14969,0.8878866875217241,0.1694811871525418,0.8305188128474582
14970,0.8878866875217241,0.1695334692668305,0.8304665307331696
14971,0.8879040667361835,0.1695334692668305,0.8304665307331696
14972,0.8879040667361835,0.16956832400968963,0.8304316759903103
14973,0.887956204379562,0.16956832400968963,0.8304316759903103
14974,0.887956204379562,0.1696206061239783,0.8303793938760217
14975,0.8879735835940216,0.1696206061239783,0.8303793938760217
14976,0.8879735835940216,0.16963803349540788,0.8303619665045922
14977,0.8879909628084811,0.16963803349540788,0.8303619665045922
14978,0.8879909628084811,0.169672888238267,0.830327111761733
14979,0.8880778588807786,0.169672888238267,0.830327111761733
14980,0.8880778588807786,0.16969031560969658,0.8303096843903034
14981,0.888095238095238,0.16969031560969658,0.8303096843903034
14982,0.888095238095238,0.16970774298112615,0.8302922570188739
14983,0.8881299965241571,0.16970774298112615,0.8302922570188739
14984,0.8881299965241571,0.16974259772398528,0.8302574022760147
14985,0.8881473757386166,0.16974259772398528,0.8302574022760147
14986,0.8881473757386166,0.16976002509541485,0.8302399749045851
14987,0.8881647549530761,0.16976002509541485,0.8302399749045851
14988,0.8881647549530761,0.16991687143828096,0.8300831285617191
14989,0.8881995133819951,0.16991687143828096,0.8300831285617191
14990,0.8881995133819951,0.16998658092399924,0.8300134190760008
14991,0.8882168925964546,0.16998658092399924,0.8300134190760008
14992,0.8882168925964546,0.17002143566685837,0.8299785643331417
14993,0.8882516510253736,0.17002143566685837,0.8299785643331417
14994,0.8882516510253736,0.17009114515257664,0.8299088548474234
14995,0.8882690302398332,0.17009114515257664,0.8299088548474234
14996,0.8882690302398332,0.17012599989543578,0.8298740001045642
14997,0.8883037886687521,0.17012599989543578,0.8298740001045642
14998,0.8883037886687521,0.17023056412401316,0.8297694358759868
14999,0.8883385470976712,0.17023056412401316,0.8297694358759868
15000,0.8883385470976712,0.17024799149544273,0.8297520085045573
15001,0.8883733055265902,0.17024799149544273,0.8297520085045573
15002,0.8883733055265902,0.1702654188668723,0.8297345811331277
15003,0.8883906847410497,0.1702654188668723,0.8297345811331277
15004,0.8883906847410497,0.17028284623830187,0.8297171537616981
15005,0.8884080639555092,0.17028284623830187,0.8297171537616981
15006,0.8884080639555092,0.170317700981161,0.829682299018839
15007,0.8884602015988877,0.170317700981161,0.829682299018839
15008,0.8884602015988877,0.17040483783830884,0.8295951621616912
15009,0.8885644768856448,0.17040483783830884,0.8295951621616912
15010,0.8885644768856448,0.17045711995259755,0.8295428800474025
15011,0.8886339937434828,0.17045711995259755,0.8295428800474025
15012,0.8886339937434828,0.17052682943831582,0.8294731705616842
15013,0.8886513729579423,0.17052682943831582,0.8294731705616842
15014,0.8886513729579423,0.17068367578118193,0.8293163242188181
15015,0.8886861313868614,0.17068367578118193,0.8293163242188181
15016,0.8886861313868614,0.17073595789547064,0.8292640421045294
15017,0.8887208898157803,0.17073595789547064,0.8292640421045294
15018,0.8887208898157803,0.1707533852669002,0.8292466147330998
15019,0.8887382690302398,0.1707533852669002,0.8292466147330998
15020,0.8887382690302398,0.17082309475261848,0.8291769052473815
15021,0.8888077858880779,0.17082309475261848,0.8291769052473815
15022,0.8888077858880779,0.17085794949547758,0.8291420505045224
15023,0.8888251651025374,0.17085794949547758,0.8291420505045224
15024,0.8888251651025374,0.17087537686690715,0.8291246231330929
15025,0.8888425443169968,0.17087537686690715,0.8291246231330929
15026,0.8888425443169968,0.17094508635262542,0.8290549136473746
15027,0.8888599235314564,0.17094508635262542,0.8290549136473746
15028,0.8888599235314564,0.17103222320977327,0.8289677767902267
15029,0.8888773027459159,0.17103222320977327,0.8289677767902267
15030,0.8888773027459159,0.17104965058120283,0.8289503494187972
15031,0.8888946819603754,0.17104965058120283,0.8289503494187972
15032,0.8888946819603754,0.17108450532406197,0.8289154946759381
15033,0.8889294403892944,0.17108450532406197,0.8289154946759381
15034,0.8889294403892944,0.1711716421812098,0.8288283578187902
15035,0.888981578032673,0.1711716421812098,0.8288283578187902
15036,0.888981578032673,0.17118906955263938,0.8288109304473606
15037,0.8889989572471324,0.17118906955263938,0.8288109304473606
15038,0.8889989572471324,0.17124135166692808,0.8287586483330719
15039,0.8890337156760515,0.17124135166692808,0.8287586483330719
15040,0.8890337156760515,0.17127620640978722,0.8287237935902128
15041,0.8890510948905109,0.17127620640978722,0.8287237935902128
15042,0.8890510948905109,0.17131106115264635,0.8286889388473536
15043,0.889120611748349,0.17131106115264635,0.8286889388473536
15044,0.889120611748349,0.1713981980097942,0.8286018019902058
15045,0.889155370177268,0.1713981980097942,0.8286018019902058
15046,0.889155370177268,0.17141562538122376,0.8285843746187762
15047,0.8891727493917275,0.17141562538122376,0.8285843746187762
15048,0.8891727493917275,0.17145048012408287,0.8285495198759172
15049,0.8892075078206465,0.17145048012408287,0.8285495198759172
15050,0.8892075078206465,0.17152018960980114,0.8284798103901989
15051,0.889259645464025,0.17152018960980114,0.8284798103901989
15052,0.889259645464025,0.1715376169812307,0.8284623830187693
15053,0.8892770246784846,0.1715376169812307,0.8284623830187693
15054,0.8892770246784846,0.17157247172408985,0.8284275282759102
15055,0.8893117831074036,0.17157247172408985,0.8284275282759102
15056,0.8893117831074036,0.17160732646694898,0.828392673533051
15057,0.8893465415363225,0.17160732646694898,0.828392673533051
15058,0.8893465415363225,0.17164218120980812,0.8283578187901919
15059,0.8893812999652416,0.17164218120980812,0.8283578187901919
15060,0.8893812999652416,0.17167703595266726,0.8283229640473327
15061,0.8894160583941606,0.17167703595266726,0.8283229640473327
15062,0.8894160583941606,0.1717118906955264,0.8282881093044736
15063,0.88943343760862,0.1717118906955264,0.8282881093044736
15064,0.88943343760862,0.17174674543838553,0.8282532545616145
15065,0.8894508168230796,0.17174674543838553,0.8282532545616145
15066,0.8894508168230796,0.17178160018124466,0.8282183998187553
15067,0.8894681960375391,0.17178160018124466,0.8282183998187553
15068,0.8894681960375391,0.1718164549241038,0.8281835450758962
15069,0.8895029544664581,0.1718164549241038,0.8281835450758962
15070,0.8895029544664581,0.17190359178125164,0.8280964082187483
15071,0.8895203336809177,0.17190359178125164,0.8280964082187483
15072,0.8895203336809177,0.17193844652411078,0.8280615534758893
15073,0.8895377128953771,0.17193844652411078,0.8280615534758893
15074,0.8895377128953771,0.17202558338125862,0.8279744166187414
15075,0.8895550921098366,0.17202558338125862,0.8279744166187414
15076,0.8895550921098366,0.1720778654955473,0.8279221345044527
15077,0.8896072297532152,0.1720778654955473,0.8279221345044527
15078,0.8896072297532152,0.17211272023840643,0.8278872797615936
15079,0.8896246089676747,0.17211272023840643,0.8278872797615936
15080,0.8896246089676747,0.17219985709555427,0.8278001429044457
15081,0.8896419881821341,0.17219985709555427,0.8278001429044457
15082,0.8896419881821341,0.17226956658127254,0.8277304334187274
15083,0.8896593673965937,0.17226956658127254,0.8277304334187274
15084,0.8896593673965937,0.1722869939527021,0.8277130060472979
15085,0.8896767466110532,0.1722869939527021,0.8277130060472979
15086,0.8896767466110532,0.17230442132413168,0.8276955786758683
15087,0.8896941258255127,0.17230442132413168,0.8276955786758683
15088,0.8896941258255127,0.17233927606699082,0.8276607239330092
15089,0.8897115050399722,0.17233927606699082,0.8276607239330092
15090,0.8897115050399722,0.17239155818127952,0.8276084418187205
15091,0.8897288842544318,0.17239155818127952,0.8276084418187205
15092,0.8897288842544318,0.1724089855527091,0.8275910144472909
15093,0.8897810218978102,0.1724089855527091,0.8275910144472909
15094,0.8897810218978102,0.1724612676669978,0.8275387323330022
15095,0.8898331595411887,0.1724612676669978,0.8275387323330022
15096,0.8898331595411887,0.17247869503842736,0.8275213049615726
15097,0.8898679179701078,0.17247869503842736,0.8275213049615726
15098,0.8898679179701078,0.17254840452414563,0.8274515954758543
15099,0.8899374348279457,0.17254840452414563,0.8274515954758543
15100,0.8899374348279457,0.1725658318955752,0.8274341681044248
15101,0.8899548140424053,0.1725658318955752,0.8274341681044248
15102,0.8899548140424053,0.1726181140098639,0.8273818859901361
15103,0.8899721932568648,0.1726181140098639,0.8273818859901361
15104,0.8899721932568648,0.17263554138129347,0.8273644586187066
15105,0.8900069516857838,0.17263554138129347,0.8273644586187066
15106,0.8900069516857838,0.17265296875272304,0.8273470312472769
15107,0.8900243309002434,0.17265296875272304,0.8273470312472769
15108,0.8900243309002434,0.17268782349558215,0.8273121765044178
15109,0.8900590893291623,0.17268782349558215,0.8273121765044178
15110,0.8900590893291623,0.17270525086701172,0.8272947491329883
15111,0.8900764685436219,0.17270525086701172,0.8272947491329883
15112,0.8900764685436219,0.17275753298130042,0.8272424670186995
15113,0.8901112269725409,0.17275753298130042,0.8272424670186995
15114,0.8901112269725409,0.17279238772415956,0.8272076122758405
15115,0.8901286061870003,0.17279238772415956,0.8272076122758405
15116,0.8901286061870003,0.1728795245813074,0.8271204754186926
15117,0.8901459854014598,0.1728795245813074,0.8271204754186926
15118,0.8901459854014598,0.17289695195273697,0.827103048047263
15119,0.8901807438303788,0.17289695195273697,0.827103048047263
15120,0.8901807438303788,0.17291437932416653,0.8270856206758335
15121,0.8902155022592979,0.17291437932416653,0.8270856206758335
15122,0.8902155022592979,0.1729318066955961,0.827068193304404
15123,0.8902328814737573,0.1729318066955961,0.827068193304404
15124,0.8902328814737573,0.1729840888098848,0.8270159111901152
15125,0.8902502606882169,0.1729840888098848,0.8270159111901152
15126,0.8902502606882169,0.1730363709241735,0.8269636290758264
15127,0.8902676399026764,0.1730363709241735,0.8269636290758264
15128,0.8902676399026764,0.17305379829560308,0.8269462017043969
15129,0.8902850191171359,0.17305379829560308,0.8269462017043969
15130,0.8902850191171359,0.17307122566703265,0.8269287743329674
15131,0.8903371567605144,0.17307122566703265,0.8269287743329674
15132,0.8903371567605144,0.17312350778132135,0.8268764922186786
15133,0.8903719151894335,0.17312350778132135,0.8268764922186786
15134,0.8903719151894335,0.17314093515275092,0.8268590648472491
15135,0.8904066736183525,0.17314093515275092,0.8268590648472491
15136,0.8904066736183525,0.17322807200989876,0.8267719279901012
15137,0.890424052832812,0.17322807200989876,0.8267719279901012
15138,0.890424052832812,0.17324549938132833,0.8267545006186716
15139,0.890458811261731,0.17324549938132833,0.8267545006186716
15140,0.890458811261731,0.17331520886704657,0.8266847911329535
15141,0.8904761904761904,0.17331520886704657,0.8266847911329535
15142,0.8904761904761904,0.17333263623847614,0.8266673637615238
15143,0.89049356969065,0.17333263623847614,0.8266673637615238
15144,0.89049356969065,0.1733500636099057,0.8266499363900943
15145,0.890528328119569,0.1733500636099057,0.8266499363900943
15146,0.890528328119569,0.17336749098133528,0.8266325090186647
15147,0.8905804657629475,0.17336749098133528,0.8266325090186647
15148,0.8905804657629475,0.17338491835276484,0.8266150816472352
15149,0.890597844977407,0.17338491835276484,0.8266150816472352
15150,0.890597844977407,0.1734023457241944,0.8265976542758056
15151,0.8906152241918666,0.1734023457241944,0.8265976542758056
15152,0.8906152241918666,0.17341977309562398,0.826580226904376
15153,0.8906499826207855,0.17341977309562398,0.826580226904376
15154,0.8906499826207855,0.17345462783848312,0.8265453721615169
15155,0.8907021202641641,0.17345462783848312,0.8265453721615169
15156,0.8907021202641641,0.17347205520991268,0.8265279447900873
15157,0.890736878693083,0.17347205520991268,0.8265279447900873
15158,0.890736878693083,0.17348948258134225,0.8265105174186578
15159,0.8907716371220021,0.17348948258134225,0.8265105174186578
15160,0.8907716371220021,0.17366375629563793,0.8263362437043621
15161,0.8908063955509211,0.17366375629563793,0.8263362437043621
15162,0.8908063955509211,0.17369861103849707,0.826301388961503
15163,0.8908237747653805,0.17369861103849707,0.826301388961503
15164,0.8908237747653805,0.17376832052421534,0.8262316794757847
15165,0.8908411539798401,0.17376832052421534,0.8262316794757847
15166,0.8908411539798401,0.1737857478956449,0.8262142521043551
15167,0.8908585331942996,0.1737857478956449,0.8262142521043551
15168,0.8908585331942996,0.17383803000993361,0.8261619699900664
15169,0.8908759124087591,0.17383803000993361,0.8261619699900664
15170,0.8908759124087591,0.17387288475279275,0.8261271152472073
15171,0.8908932916232186,0.17387288475279275,0.8261271152472073
15172,0.8908932916232186,0.1738903121242223,0.8261096878757777
15173,0.8909280500521376,0.1738903121242223,0.8261096878757777
15174,0.8909280500521376,0.17396002160994056,0.8260399783900594
15175,0.8909454292665971,0.17396002160994056,0.8260399783900594
15176,0.8909454292665971,0.1739948763527997,0.8260051236472004
15177,0.8909801876955161,0.1739948763527997,0.8260051236472004
15178,0.8909801876955161,0.17402973109565884,0.8259702689043411
15179,0.8909975669099757,0.17402973109565884,0.8259702689043411
15180,0.8909975669099757,0.1740471584670884,0.8259528415329116
15181,0.8910149461244352,0.1740471584670884,0.8259528415329116
15182,0.8910149461244352,0.1740994405813771,0.8259005594186228
15183,0.8911713590545708,0.1740994405813771,0.8259005594186228
15184,0.8911713590545708,0.17411686795280668,0.8258831320471933
15185,0.8912408759124087,0.17411686795280668,0.8258831320471933
15186,0.8912408759124087,0.17413429532423624,0.8258657046757638
15187,0.8912930135557873,0.17413429532423624,0.8258657046757638
15188,0.8912930135557873,0.17418657743852495,0.825813422561475
15189,0.8913103927702468,0.17418657743852495,0.825813422561475
15190,0.8913103927702468,0.17420400480995452,0.8257959951900455
15191,0.8913451511991658,0.17420400480995452,0.8257959951900455
15192,0.8913451511991658,0.17422143218138408,0.8257785678186159
15193,0.8913799096280848,0.17422143218138408,0.8257785678186159
15194,0.8913799096280848,0.17423885955281365,0.8257611404471863
15195,0.8913972888425443,0.17423885955281365,0.8257611404471863
15196,0.8913972888425443,0.17430856903853192,0.825691430961468
15197,0.8914494264859228,0.17430856903853192,0.825691430961468
15198,0.8914494264859228,0.1743259964099615,0.8256740035900385
15199,0.8914841849148418,0.1743259964099615,0.8256740035900385
15200,0.8914841849148418,0.17434342378139106,0.825656576218609
15201,0.8915189433437609,0.17434342378139106,0.825656576218609
15202,0.8915189433437609,0.1743782785242502,0.8256217214757497
15203,0.8915363225582204,0.1743782785242502,0.8256217214757497
15204,0.8915363225582204,0.17439570589567976,0.8256042941043202
15205,0.8915537017726799,0.17439570589567976,0.8256042941043202
15206,0.8915537017726799,0.1744305606385389,0.8255694393614611
15207,0.8915710809871393,0.1744305606385389,0.8255694393614611
15208,0.8915710809871393,0.17465711646712326,0.8253428835328768
15209,0.8915884602015989,0.17465711646712326,0.8253428835328768
15210,0.8915884602015989,0.1746919712099824,0.8253080287900176
15211,0.8916232186305179,0.1746919712099824,0.8253080287900176
15212,0.8916232186305179,0.17477910806713023,0.8252208919328697
15213,0.8916753562738964,0.17477910806713023,0.8252208919328697
15214,0.8916753562738964,0.17483139018141894,0.8251686098185811
15215,0.8917101147028155,0.17483139018141894,0.8251686098185811
15216,0.8917101147028155,0.17486624492427807,0.825133755075722
15217,0.891762252346194,0.17486624492427807,0.825133755075722
15218,0.891762252346194,0.17493595440999635,0.8250640455900037
15219,0.8917796315606534,0.17493595440999635,0.8250640455900037
15220,0.8917796315606534,0.17495338178142592,0.8250466182185741
15221,0.891797010775113,0.17495338178142592,0.8250466182185741
15222,0.891797010775113,0.17498823652428505,0.8250117634757149
15223,0.891866527632951,0.17498823652428505,0.8250117634757149
15224,0.891866527632951,0.17500566389571462,0.8249943361042854
15225,0.8918839068474105,0.17500566389571462,0.8249943361042854
15226,0.8918839068474105,0.17504051863857376,0.8249594813614263
15227,0.891970802919708,0.17504051863857376,0.8249594813614263
15228,0.891970802919708,0.1750753733814329,0.8249246266185671
15229,0.8920055613486271,0.1750753733814329,0.8249246266185671
15230,0.8920055613486271,0.17509280075286243,0.8249071992471375
15231,0.8920229405630865,0.17509280075286243,0.8249071992471375
15232,0.8920229405630865,0.175110228124292,0.824889771875708
15233,0.892040319777546,0.175110228124292,0.824889771875708
15234,0.892040319777546,0.1751625102385807,0.8248374897614192
15235,0.892075078206465,0.1751625102385807,0.8248374897614192
15236,0.892075078206465,0.17517993761001027,0.8248200623899897
15237,0.8921272158498436,0.17517993761001027,0.8248200623899897
15238,0.8921272158498436,0.17519736498143984,0.8248026350185602
15239,0.8921445950643031,0.17519736498143984,0.8248026350185602
15240,0.8921445950643031,0.1752147923528694,0.8247852076471306
15241,0.8921619742787626,0.1752147923528694,0.8247852076471306
15242,0.8921619742787626,0.17524964709572854,0.8247503529042715
15243,0.8922141119221412,0.17524964709572854,0.8247503529042715
15244,0.8922141119221412,0.1752670744671581,0.8247329255328419
15245,0.8922314911366006,0.1752670744671581,0.8247329255328419
15246,0.8922314911366006,0.17530192921001725,0.8246980707899827
15247,0.8922488703510602,0.17530192921001725,0.8246980707899827
15248,0.8922488703510602,0.17531935658144682,0.8246806434185532
15249,0.8922662495655196,0.17531935658144682,0.8246806434185532
15250,0.8922662495655196,0.17535421132430595,0.824645788675694
15251,0.8923183872088981,0.17535421132430595,0.824645788675694
15252,0.8923183872088981,0.17542392081002423,0.8245760791899758
15253,0.8923531456378172,0.17542392081002423,0.8245760791899758
15254,0.8923531456378172,0.1754413481814538,0.8245586518185462
15255,0.8923705248522766,0.1754413481814538,0.8245586518185462
15256,0.8923705248522766,0.1754936302957425,0.8245063697042575
15257,0.8923879040667362,0.1754936302957425,0.8245063697042575
15258,0.8923879040667362,0.17551105766717207,0.8244889423328279
15259,0.8924052832811957,0.17551105766717207,0.8244889423328279
15260,0.8924052832811957,0.17552848503860163,0.8244715149613984
15261,0.8924574209245743,0.17552848503860163,0.8244715149613984
15262,0.8924574209245743,0.1755459124100312,0.8244540875899689
15263,0.8924748001390337,0.1755459124100312,0.8244540875899689
15264,0.8924748001390337,0.17558076715289034,0.8244192328471096
15265,0.8924921793534932,0.17558076715289034,0.8244192328471096
15266,0.8924921793534932,0.17563304926717904,0.824366950732821
15267,0.8925790754257907,0.17563304926717904,0.824366950732821
15268,0.8925790754257907,0.17566790401003818,0.8243320959899618
15269,0.8925964546402503,0.17566790401003818,0.8243320959899618
15270,0.8925964546402503,0.1757027587528973,0.8242972412471027
15271,0.8926312130691693,0.1757027587528973,0.8242972412471027
15272,0.8926312130691693,0.175755040867186,0.824244959132814
15273,0.8926485922836288,0.175755040867186,0.824244959132814
15274,0.8926485922836288,0.17577246823861556,0.8242275317613844
15275,0.8926659714980882,0.17577246823861556,0.8242275317613844
15276,0.8926659714980882,0.17582475035290426,0.8241752496470958
15277,0.8926833507125478,0.17582475035290426,0.8241752496470958
15278,0.8926833507125478,0.1758596050957634,0.8241403949042366
15279,0.8927181091414668,0.1758596050957634,0.8241403949042366
15280,0.8927181091414668,0.17589445983862254,0.8241055401613775
15281,0.8927528675703859,0.17589445983862254,0.8241055401613775
15282,0.8927528675703859,0.17594674195291124,0.8240532580470887
15283,0.8927876259993048,0.17594674195291124,0.8240532580470887
15284,0.8927876259993048,0.17603387881005908,0.823966121189941
15285,0.8928223844282238,0.17603387881005908,0.823966121189941
15286,0.8928223844282238,0.17605130618148865,0.8239486938185113
15287,0.8928397636426834,0.17605130618148865,0.8239486938185113
15288,0.8928397636426834,0.17606873355291822,0.8239312664470818
15289,0.8928571428571429,0.17606873355291822,0.8239312664470818
15290,0.8928571428571429,0.17608616092434778,0.8239138390756522
15291,0.8928745220716023,0.17608616092434778,0.8239138390756522
15292,0.8928745220716023,0.17610358829577735,0.8238964117042227
15293,0.8929092805005214,0.17610358829577735,0.8238964117042227
15294,0.8929092805005214,0.17612101566720692,0.823878984332793
15295,0.8929440389294404,0.17612101566720692,0.823878984332793
15296,0.8929440389294404,0.1761384430386365,0.8238615569613635
15297,0.8929614181438998,0.1761384430386365,0.8238615569613635
15298,0.8929614181438998,0.17615587041006606,0.8238441295899339
15299,0.8929787973583594,0.17615587041006606,0.8238441295899339
15300,0.8929787973583594,0.1762430072672139,0.8237569927327861
15301,0.8929961765728189,0.1762430072672139,0.8237569927327861
15302,0.8929961765728189,0.17631271675293214,0.8236872832470679
15303,0.8930135557872784,0.17631271675293214,0.8236872832470679
15304,0.8930135557872784,0.17634757149579128,0.8236524285042087
15305,0.8930309350017379,0.17634757149579128,0.8236524285042087
15306,0.8930309350017379,0.17639985361007998,0.8236001463899201
15307,0.8931178310740354,0.17639985361007998,0.8236001463899201
15308,0.8931178310740354,0.17641728098150955,0.8235827190184905
15309,0.8931525895029545,0.17641728098150955,0.8235827190184905
15310,0.8931525895029545,0.17643470835293912,0.8235652916470608
15311,0.8931699687174139,0.17643470835293912,0.8235652916470608
15312,0.8931699687174139,0.17645213572436869,0.8235478642756313
15313,0.8932221063607925,0.17645213572436869,0.8235478642756313
15314,0.8932221063607925,0.17646956309579825,0.8235304369042018
15315,0.893274244004171,0.17646956309579825,0.8235304369042018
15316,0.893274244004171,0.17653927258151653,0.8234607274184835
15317,0.8932916232186305,0.17653927258151653,0.8234607274184835
15318,0.8932916232186305,0.1765566999529461,0.8234433000470539
15319,0.89330900243309,0.1765566999529461,0.8234433000470539
15320,0.89330900243309,0.1766089820672348,0.8233910179327653
15321,0.8933263816475495,0.1766089820672348,0.8233910179327653
15322,0.8933263816475495,0.17664383681009393,0.823356163189906
15323,0.893378519290928,0.17664383681009393,0.823356163189906
15324,0.893378519290928,0.17667869155295307,0.823321308447047
15325,0.8933958985053876,0.17667869155295307,0.823321308447047
15326,0.8933958985053876,0.1767135462958122,0.8232864537041877
15327,0.893413277719847,0.1767135462958122,0.8232864537041877
15328,0.893413277719847,0.17673097366724178,0.8232690263327582
15329,0.8934306569343066,0.17673097366724178,0.8232690263327582
15330,0.8934306569343066,0.17674840103867134,0.8232515989613287
15331,0.8935175530066041,0.17674840103867134,0.8232515989613287
15332,0.8935175530066041,0.1768878200101079,0.8231121799898922
15333,0.8935696906499826,0.1768878200101079,0.8231121799898922
15334,0.8935696906499826,0.17695752949582613,0.8230424705041739
15335,0.8935870698644421,0.17695752949582613,0.8230424705041739
15336,0.8935870698644421,0.1770272389815444,0.8229727610184556
15337,0.8936044490789017,0.1770272389815444,0.8229727610184556
15338,0.8936044490789017,0.1770795210958331,0.8229204789041669
15339,0.8936218282933611,0.1770795210958331,0.8229204789041669
15340,0.8936218282933611,0.17709694846726268,0.8229030515327374
15341,0.8936392075078207,0.17709694846726268,0.8229030515327374
15342,0.8936392075078207,0.17711437583869225,0.8228856241613077
15343,0.8936565867222801,0.17711437583869225,0.8228856241613077
15344,0.8936565867222801,0.17714923058155138,0.8228507694184486
15345,0.8936913451511992,0.17714923058155138,0.8228507694184486
15346,0.8936913451511992,0.17716665795298095,0.8228333420470191
15347,0.8937087243656586,0.17716665795298095,0.8228333420470191
15348,0.8937087243656586,0.17720151269584009,0.8227984873041599
15349,0.8937608620090371,0.17720151269584009,0.8227984873041599
15350,0.8937608620090371,0.17728864955298793,0.822711350447012
15351,0.8938998957247133,0.17728864955298793,0.822711350447012
15352,0.8938998957247133,0.1773060769244175,0.8226939230755825
15353,0.8939172749391727,0.1773060769244175,0.8226939230755825
15354,0.8939172749391727,0.1773583590387062,0.8226416409612938
15355,0.8939346541536323,0.1773583590387062,0.8226416409612938
15356,0.8939346541536323,0.1774106411529949,0.8225893588470051
15357,0.8939520333680918,0.1774106411529949,0.8225893588470051
15358,0.8939520333680918,0.17742806852442447,0.8225719314755755
15359,0.8940041710114702,0.17742806852442447,0.8225719314755755
15360,0.8940041710114702,0.17744549589585404,0.822554504104146
15361,0.8940215502259298,0.17744549589585404,0.822554504104146
15362,0.8940215502259298,0.1775152053815723,0.8224847946184277
15363,0.8940389294403893,0.1775152053815723,0.8224847946184277
15364,0.8940389294403893,0.17755006012443142,0.8224499398755686
15365,0.8941084462982273,0.17755006012443142,0.8224499398755686
15366,0.8941084462982273,0.1776197696101497,0.8223802303898503
15367,0.8941258255126868,0.1776197696101497,0.8223802303898503
15368,0.8941258255126868,0.17768947909586796,0.822310520904132
15369,0.8941432047271464,0.17768947909586796,0.822310520904132
15370,0.8941432047271464,0.17770690646729753,0.8222930935327024
15371,0.8941605839416058,0.17770690646729753,0.8222930935327024
15372,0.8941605839416058,0.1777243338387271,0.8222756661612729
15373,0.8941953423705249,0.1777243338387271,0.8222756661612729
15374,0.8941953423705249,0.17774176121015667,0.8222582387898434
15375,0.8942127215849843,0.17774176121015667,0.8222582387898434
15376,0.8942127215849843,0.1777766159530158,0.8222233840469841
15377,0.8942474800139034,0.1777766159530158,0.8222233840469841
15378,0.8942474800139034,0.17779404332444537,0.8222059566755546
15379,0.8942648592283629,0.17779404332444537,0.8222059566755546
15380,0.8942648592283629,0.1778288980673045,0.8221711019326955
15381,0.8942822384428224,0.1778288980673045,0.8221711019326955
15382,0.8942822384428224,0.17786375281016364,0.8221362471898364
15383,0.8942996176572819,0.17786375281016364,0.8221362471898364
15384,0.8942996176572819,0.17789860755302278,0.8221013924469772
15385,0.8943343760862009,0.17789860755302278,0.8221013924469772
15386,0.8943343760862009,0.17791603492445235,0.8220839650755476
15387,0.8943517553006604,0.17791603492445235,0.8220839650755476
15388,0.8943517553006604,0.17793346229588192,0.8220665377041181
15389,0.8943691345151199,0.17793346229588192,0.8220665377041181
15390,0.8943691345151199,0.17798574441017062,0.8220142555898293
15391,0.8943865137295794,0.17798574441017062,0.8220142555898293
15392,0.8943865137295794,0.1780031717816002,0.8219968282183998
15393,0.8944038929440389,0.1780031717816002,0.8219968282183998
15394,0.8944038929440389,0.17802059915302976,0.8219794008469703
15395,0.894438651372958,0.17802059915302976,0.8219794008469703
15396,0.894438651372958,0.1780554538958889,0.821944546104111
15397,0.8944560305874174,0.1780554538958889,0.821944546104111
15398,0.8944560305874174,0.17807288126731846,0.8219271187326815
15399,0.894473409801877,0.17807288126731846,0.8219271187326815
15400,0.894473409801877,0.1781077360101776,0.8218922639898224
15401,0.8945081682307959,0.1781077360101776,0.8218922639898224
15402,0.8945081682307959,0.17812516338160717,0.8218748366183928
15403,0.894542926659715,0.17812516338160717,0.8218748366183928
15404,0.894542926659715,0.1781425907530367,0.8218574092469633
15405,0.8945603058741745,0.1781425907530367,0.8218574092469633
15406,0.8945603058741745,0.17816001812446627,0.8218399818755338
15407,0.894577685088634,0.17816001812446627,0.8218399818755338
15408,0.894577685088634,0.1781948728673254,0.8218051271326746
15409,0.8945950643030935,0.1781948728673254,0.8218051271326746
15410,0.8945950643030935,0.17822972761018455,0.8217702723898155
15411,0.8946298227320125,0.17822972761018455,0.8217702723898155
15412,0.8946298227320125,0.17824715498161411,0.8217528450183859
15413,0.8946993395898505,0.17824715498161411,0.8217528450183859
15414,0.8946993395898505,0.17826458235304368,0.8217354176469563
15415,0.89471671880431,0.17826458235304368,0.8217354176469563
15416,0.89471671880431,0.17828200972447325,0.8217179902755267
15417,0.8947340980187696,0.17828200972447325,0.8217179902755267
15418,0.8947340980187696,0.17835171921019152,0.8216482807898084
15419,0.8947688564476886,0.17835171921019152,0.8216482807898084
15420,0.8947688564476886,0.1783691465816211,0.8216308534183789
15421,0.8947862356621481,0.1783691465816211,0.8216308534183789
15422,0.8947862356621481,0.17840400132448023,0.8215959986755198
15423,0.8948209940910671,0.17840400132448023,0.8215959986755198
15424,0.8948209940910671,0.17845628343876893,0.821543716561231
15425,0.8948731317344456,0.17845628343876893,0.821543716561231
15426,0.8948731317344456,0.1784737108101985,0.8215262891898015
15427,0.8949078901633646,0.1784737108101985,0.8215262891898015
15428,0.8949078901633646,0.17849113818162807,0.8215088618183719
15429,0.8949252693778241,0.17849113818162807,0.8215088618183719
15430,0.8949252693778241,0.17856084766734634,0.8214391523326536
15431,0.8949600278067431,0.17856084766734634,0.8214391523326536
15432,0.8949600278067431,0.1785782750387759,0.8214217249612241
15433,0.8949774070212027,0.1785782750387759,0.8214217249612241
15434,0.8949774070212027,0.17859570241020548,0.8214042975897945
15435,0.8950295446645812,0.17859570241020548,0.8214042975897945
15436,0.8950295446645812,0.17866541189592375,0.8213345881040762
15437,0.8950816823079597,0.17866541189592375,0.8213345881040762
15438,0.8950816823079597,0.17871769401021245,0.8212823059897876
15439,0.8950990615224191,0.17871769401021245,0.8212823059897876
15440,0.8950990615224191,0.17875254875307156,0.8212474512469284
15441,0.8951164407368787,0.17875254875307156,0.8212474512469284
15442,0.8951164407368787,0.17876997612450113,0.8212300238754988
15443,0.8953076120959332,0.17876997612450113,0.8212300238754988
15444,0.8953076120959332,0.17887454035307854,0.8211254596469215
15445,0.8953423705248523,0.17887454035307854,0.8211254596469215
15446,0.8953423705248523,0.17890939509593767,0.8210906049040623
15447,0.8953771289537713,0.17890939509593767,0.8210906049040623
15448,0.8953771289537713,0.17896167721022638,0.8210383227897736
15449,0.8954118873826903,0.17896167721022638,0.8210383227897736
15450,0.8954118873826903,0.17903138669594465,0.8209686133040554
15451,0.8954814042405284,0.17903138669594465,0.8209686133040554
15452,0.8954814042405284,0.17904881406737422,0.8209511859326257
15453,0.8954987834549878,0.17904881406737422,0.8209511859326257
15454,0.8954987834549878,0.17910109618166292,0.8208989038183371
15455,0.8955335418839069,0.17910109618166292,0.8208989038183371
15456,0.8955335418839069,0.17913595092452206,0.8208640490754779
15457,0.8955509210983663,0.17913595092452206,0.8208640490754779
15458,0.8955509210983663,0.17915337829595163,0.8208466217040484
15459,0.8955683003128259,0.17915337829595163,0.8208466217040484
15460,0.8955683003128259,0.17918823303881076,0.8208117669611892
15461,0.8956030587417448,0.17918823303881076,0.8208117669611892
15462,0.8956030587417448,0.17920566041024033,0.8207943395897597
15463,0.8956204379562044,0.17920566041024033,0.8207943395897597
15464,0.8956204379562044,0.1792230877816699,0.8207769122183302
15465,0.8956378171706639,0.1792230877816699,0.8207769122183302
15466,0.8956378171706639,0.17924051515309947,0.8207594848469005
15467,0.8956551963851234,0.17924051515309947,0.8207594848469005
15468,0.8956551963851234,0.17925794252452903,0.8207420574754709
15469,0.8956899548140425,0.17925794252452903,0.8207420574754709
15470,0.8956899548140425,0.17929279726738817,0.8207072027326119
15471,0.895742092457421,0.17929279726738817,0.8207072027326119
15472,0.895742092457421,0.1793276520102473,0.8206723479897526
15473,0.8958985053875564,0.1793276520102473,0.8206723479897526
15474,0.8958985053875564,0.17936250675310642,0.8206374932468936
15475,0.895915884602016,0.17936250675310642,0.8206374932468936
15476,0.895915884602016,0.17937993412453598,0.820620065875464
15477,0.8959332638164755,0.17937993412453598,0.820620065875464
15478,0.8959332638164755,0.1794322162388247,0.8205677837611753
15479,0.895950643030935,0.1794322162388247,0.8205677837611753
15480,0.895950643030935,0.1794844983531134,0.8205155016468866
15481,0.896020159888773,0.1794844983531134,0.8205155016468866
15482,0.896020159888773,0.17955420783883166,0.8204457921611683
15483,0.896054918317692,0.17955420783883166,0.8204457921611683
15484,0.896054918317692,0.1796413446959795,0.8203586553040205
15485,0.8961418143899895,0.1796413446959795,0.8203586553040205
15486,0.8961418143899895,0.17965877206740907,0.8203412279325909
15487,0.8961765728189086,0.17965877206740907,0.8203412279325909
15488,0.8961765728189086,0.17967619943883864,0.8203238005611614
15489,0.896193952033368,0.17967619943883864,0.8203238005611614
15490,0.896193952033368,0.1796936268102682,0.8203063731897318
15491,0.8962460896767466,0.1796936268102682,0.8203063731897318
15492,0.8962460896767466,0.17972848155312734,0.8202715184468726
15493,0.8962634688912061,0.17972848155312734,0.8202715184468726
15494,0.8962634688912061,0.1797459089245569,0.8202540910754431
15495,0.8962982273201251,0.1797459089245569,0.8202540910754431
15496,0.8962982273201251,0.17978076366741605,0.820219236332584
15497,0.8963156065345846,0.17978076366741605,0.820219236332584
15498,0.8963156065345846,0.17981561841027519,0.8201843815897248
15499,0.8963329857490442,0.17981561841027519,0.8201843815897248
15500,0.8963329857490442,0.17985047315313432,0.8201495268468657
15501,0.8963677441779632,0.17985047315313432,0.8201495268468657
15502,0.8963677441779632,0.17997246475314127,0.8200275352468587
15503,0.8963851233924227,0.17997246475314127,0.8200275352468587
15504,0.8963851233924227,0.18012931109600738,0.8198706889039926
15505,0.8964198818213417,0.18012931109600738,0.8198706889039926
15506,0.8964198818213417,0.18014673846743695,0.8198532615325631
15507,0.8964372610358012,0.18014673846743695,0.8198532615325631
15508,0.8964372610358012,0.1801815932102961,0.8198184067897039
15509,0.8964546402502607,0.1801815932102961,0.8198184067897039
15510,0.8964546402502607,0.18021644795315522,0.8197835520468448
15511,0.8964720194647202,0.18021644795315522,0.8197835520468448
15512,0.8964720194647202,0.18030358481030306,0.8196964151896969
15513,0.8964893986791796,0.18030358481030306,0.8196964151896969
15514,0.8964893986791796,0.18032101218173263,0.8196789878182673
15515,0.8965067778936392,0.18032101218173263,0.8196789878182673
15516,0.8965067778936392,0.1803384395531622,0.8196615604468378
15517,0.8966284323948558,0.1803384395531622,0.8196615604468378
15518,0.8966284323948558,0.18037329429602134,0.8196267057039787
15519,0.8966805700382343,0.18037329429602134,0.8196267057039787
15520,0.8966805700382343,0.18040814903888047,0.8195918509611195
15521,0.8967153284671533,0.18040814903888047,0.8195918509611195
15522,0.8967153284671533,0.18042557641031004,0.81957442358969
15523,0.8967500868960723,0.18042557641031004,0.81957442358969
15524,0.8967500868960723,0.1804430037817396,0.8195569962182604
15525,0.8967674661105318,0.1804430037817396,0.8195569962182604
15526,0.8967674661105318,0.18046043115316918,0.8195395688468308
15527,0.8968022245394508,0.18046043115316918,0.8195395688468308
15528,0.8968022245394508,0.18047785852459874,0.8195221414754013
15529,0.8968196037539103,0.18047785852459874,0.8195221414754013
15530,0.8968196037539103,0.1805998501246057,0.8194001498753943
15531,0.8968891206117483,0.1805998501246057,0.8194001498753943
15532,0.8968891206117483,0.18063470486746483,0.8193652951325352
15533,0.8969412582551268,0.18063470486746483,0.8193652951325352
15534,0.8969412582551268,0.18068698698175353,0.8193130130182464
15535,0.8970107751129649,0.18068698698175353,0.8193130130182464
15536,0.8970107751129649,0.1807044143531831,0.8192955856468169
15537,0.8970281543274244,0.1807044143531831,0.8192955856468169
15538,0.8970281543274244,0.18073926909604224,0.8192607309039578
15539,0.8970455335418839,0.18073926909604224,0.8192607309039578
15540,0.8970455335418839,0.18077412383890137,0.8192258761610987
15541,0.8970629127563434,0.18077412383890137,0.8192258761610987
15542,0.8970629127563434,0.18079155121033094,0.819208448789669
15543,0.8970976711852624,0.18079155121033094,0.819208448789669
15544,0.8970976711852624,0.18082640595319008,0.8191735940468099
15545,0.897115050399722,0.18082640595319008,0.8191735940468099
15546,0.897115050399722,0.18087868806747878,0.8191213119325212
15547,0.8971324296141815,0.18087868806747878,0.8191213119325212
15548,0.8971324296141815,0.18089611543890835,0.8191038845610916
15549,0.8971845672575599,0.18089611543890835,0.8191038845610916
15550,0.8971845672575599,0.18094839755319705,0.819051602446803
15551,0.8972019464720195,0.18094839755319705,0.819051602446803
15552,0.8972019464720195,0.18101810703891533,0.8189818929610847
15553,0.897219325686479,0.18101810703891533,0.8189818929610847
15554,0.897219325686479,0.18105296178177446,0.8189470382182256
15555,0.897254084115398,0.18105296178177446,0.8189470382182256
15556,0.897254084115398,0.18107038915320403,0.8189296108467959
15557,0.8972714633298575,0.18107038915320403,0.8189296108467959
15558,0.8972714633298575,0.18112267126749274,0.8188773287325073
15559,0.897288842544317,0.18112267126749274,0.8188773287325073
15560,0.897288842544317,0.1811400986389223,0.8188599013610777
15561,0.897323600973236,0.1811400986389223,0.8188599013610777
15562,0.897323600973236,0.18115752601035187,0.8188424739896482
15563,0.8973409801876955,0.18115752601035187,0.8188424739896482
15564,0.8973409801876955,0.1812969449817884,0.8187030550182116
15565,0.897358359402155,0.1812969449817884,0.8187030550182116
15566,0.897358359402155,0.18131437235321796,0.818685627646782
15567,0.8974452554744525,0.18131437235321796,0.818685627646782
15568,0.8974452554744525,0.18136665446750666,0.8186333455324933
15569,0.8974626346889121,0.18136665446750666,0.8186333455324933
15570,0.8974626346889121,0.18141893658179536,0.8185810634182047
15571,0.8974800139033716,0.18141893658179536,0.8185810634182047
15572,0.8974800139033716,0.1814537913246545,0.8185462086753454
15573,0.897497393117831,0.1814537913246545,0.8185462086753454
15574,0.897497393117831,0.18157578292466148,0.8184242170753385
15575,0.8975147723322906,0.18157578292466148,0.8184242170753385
15576,0.8975147723322906,0.18159321029609105,0.8184067897039089
15577,0.8975495307612096,0.18159321029609105,0.8184067897039089
15578,0.8975495307612096,0.18164549241037975,0.8183545075896203
15579,0.8975669099756691,0.18164549241037975,0.8183545075896203
15580,0.8975669099756691,0.18169777452466845,0.8183022254753316
15581,0.8975842891901286,0.18169777452466845,0.8183022254753316
15582,0.8975842891901286,0.18171520189609802,0.818284798103902
15583,0.8976016684045881,0.18171520189609802,0.818284798103902
15584,0.8976016684045881,0.1817326292675276,0.8182673707324724
15585,0.8976364268335071,0.1817326292675276,0.8182673707324724
15586,0.8976364268335071,0.18175005663895716,0.8182499433610428
15587,0.8976538060479666,0.18175005663895716,0.8182499433610428
15588,0.8976538060479666,0.18180233875324583,0.8181976612467542
15589,0.8976885644768856,0.18180233875324583,0.8181976612467542
15590,0.8976885644768856,0.1818197661246754,0.8181802338753246
15591,0.8977233229058047,0.1818197661246754,0.8181802338753246
15592,0.8977233229058047,0.18183719349610497,0.8181628065038951
15593,0.8977407021202641,0.18183719349610497,0.8181628065038951
15594,0.8977407021202641,0.1818720482389641,0.8181279517610359
15595,0.8977754605491832,0.1818720482389641,0.8181279517610359
15596,0.8977754605491832,0.18188947561039367,0.8181105243896063
15597,0.8977928397636427,0.18188947561039367,0.8181105243896063
15598,0.8977928397636427,0.18194175772468238,0.8180582422753176
15599,0.8978275981925617,0.18194175772468238,0.8180582422753176
15600,0.8978275981925617,0.18195918509611195,0.818040814903888
15601,0.8978623566214807,0.18195918509611195,0.818040814903888
15602,0.8978623566214807,0.18197661246754152,0.8180233875324585
15603,0.8978797358359402,0.18197661246754152,0.8180233875324585
15604,0.8978797358359402,0.18208117669611892,0.8179188233038811
15605,0.8979144942648593,0.18208117669611892,0.8179188233038811
15606,0.8979144942648593,0.1820986040675485,0.8179013959324515
15607,0.8979318734793187,0.1820986040675485,0.8179013959324515
15608,0.8979318734793187,0.1821508861818372,0.8178491138181628
15609,0.8980187695516163,0.1821508861818372,0.8178491138181628
15610,0.8980187695516163,0.1822031682961259,0.8177968317038741
15611,0.8980361487660757,0.1822031682961259,0.8177968317038741
15612,0.8980361487660757,0.1822554504104146,0.8177445495895854
15613,0.8980709071949948,0.1822554504104146,0.8177445495895854
15614,0.8980709071949948,0.18229030515327374,0.8177096948467263
15615,0.8981056656239138,0.18229030515327374,0.8177096948467263
15616,0.8981056656239138,0.1823077325247033,0.8176922674752967
15617,0.8981230448383734,0.1823077325247033,0.8176922674752967
15618,0.8981230448383734,0.18237744201042158,0.8176225579895784
15619,0.8981404240528328,0.18237744201042158,0.8176225579895784
15620,0.8981404240528328,0.18239486938185115,0.8176051306181489
15621,0.8981751824817519,0.18239486938185115,0.8176051306181489
15622,0.8981751824817519,0.1824122967532807,0.8175877032467194
15623,0.8982446993395898,0.1824122967532807,0.8175877032467194
15624,0.8982446993395898,0.18263885258186507,0.8173611474181349
15625,0.8982794577685088,0.18263885258186507,0.8173611474181349
15626,0.8982794577685088,0.18265627995329464,0.8173437200467053
15627,0.8983142161974279,0.18265627995329464,0.8173437200467053
15628,0.8983142161974279,0.18270856206758335,0.8172914379324167
15629,0.8983489746263469,0.18270856206758335,0.8172914379324167
15630,0.8983489746263469,0.18274341681044248,0.8172565831895575
15631,0.8984011122697254,0.18274341681044248,0.8172565831895575
15632,0.8984011122697254,0.1827956989247312,0.8172043010752688
15633,0.898418491484185,0.1827956989247312,0.8172043010752688
15634,0.898418491484185,0.18286540841044946,0.8171345915895505
15635,0.8984532499131039,0.18286540841044946,0.8171345915895505
15636,0.8984532499131039,0.18288283578187903,0.817117164218121
15637,0.8984706291275635,0.18288283578187903,0.817117164218121
15638,0.8984706291275635,0.1829002631533086,0.8170997368466915
15639,0.898522766770942,0.1829002631533086,0.8170997368466915
15640,0.898522766770942,0.18298740001045644,0.8170125999895436
15641,0.8985401459854014,0.18298740001045644,0.8170125999895436
15642,0.8985401459854014,0.18302225475331554,0.8169777452466844
15643,0.898557525199861,0.18302225475331554,0.8169777452466844
15644,0.898557525199861,0.18307453686760425,0.8169254631323958
15645,0.8985749044143204,0.18307453686760425,0.8169254631323958
15646,0.8985749044143204,0.1832139558390408,0.8167860441609592
15647,0.89859228362878,0.1832139558390408,0.8167860441609592
15648,0.89859228362878,0.1832662379533295,0.8167337620466705
15649,0.8986096628432395,0.1832662379533295,0.8167337620466705
15650,0.8986096628432395,0.18330109269618863,0.8166989073038113
15651,0.8986270420576989,0.18330109269618863,0.8166989073038113
15652,0.8986270420576989,0.18335337481047734,0.8166466251895227
15653,0.8986444212721585,0.18335337481047734,0.8166466251895227
15654,0.8986444212721585,0.1833708021819069,0.8166291978180931
15655,0.898661800486618,0.1833708021819069,0.8166291978180931
15656,0.898661800486618,0.18340565692476604,0.8165943430752339
15657,0.8986791797010775,0.18340565692476604,0.8165943430752339
15658,0.8986791797010775,0.1834230842961956,0.8165769157038044
15659,0.898696558915537,0.1834230842961956,0.8165769157038044
15660,0.898696558915537,0.18344051166762518,0.8165594883323748
15661,0.8987139381299966,0.18344051166762518,0.8165594883323748
15662,0.8987139381299966,0.18349279378191388,0.8165072062180861
15663,0.898731317344456,0.18349279378191388,0.8165072062180861
15664,0.898731317344456,0.1835973580104913,0.8164026419895087
15665,0.8987486965589155,0.18361478538192086,0.8163852146180791
15666,0.8987660757733751,0.18361478538192086,0.8163852146180791
15667,0.8987660757733751,0.18364964012477997,0.81635035987522
15668,0.898835592631213,0.18364964012477997,0.81635035987522
15669,0.898835592631213,0.18366706749620954,0.8163329325037905
15670,0.8988529718456726,0.18366706749620954,0.8163329325037905
15671,0.8988529718456726,0.18375420435335738,0.8162457956466427
15672,0.8988877302745916,0.18375420435335738,0.8162457956466427
15673,0.8988877302745916,0.18377163172478694,0.8162283682752131
15674,0.8989051094890511,0.18377163172478694,0.8162283682752131
15675,0.8989051094890511,0.18380648646764608,0.8161935135323539
15676,0.8989224887035105,0.18380648646764608,0.8161935135323539
15677,0.8989224887035105,0.18382391383907565,0.8161760861609244
15678,0.8989572471324296,0.18382391383907565,0.8161760861609244
15679,0.8989572471324296,0.18384134121050522,0.8161586587894948
15680,0.8989746263468891,0.18384134121050522,0.8161586587894948
15681,0.8989746263468891,0.18389362332479392,0.8161063766752061
15682,0.8989920055613486,0.18389362332479392,0.8161063766752061
15683,0.8989920055613486,0.1840678970390896,0.8159321029609103
15684,0.8990093847758082,0.1840678970390896,0.8159321029609103
15685,0.8990093847758082,0.18415503389623744,0.8158449661037626
15686,0.8990441432047271,0.18415503389623744,0.8158449661037626
15687,0.8990441432047271,0.18420731601052615,0.8157926839894738
15688,0.8990789016336461,0.18420731601052615,0.8157926839894738
15689,0.8990789016336461,0.1842247433819557,0.8157752566180443
15690,0.8991310392770246,0.1842247433819557,0.8157752566180443
15691,0.8991310392770246,0.18424217075338525,0.8157578292466148
15692,0.8991484184914842,0.18424217075338525,0.8157578292466148
15693,0.8991484184914842,0.1843293076105331,0.8156706923894669
15694,0.8991831769204032,0.1843293076105331,0.8156706923894669
15695,0.8991831769204032,0.18436416235339223,0.8156358376466077
15696,0.8992179353493223,0.18436416235339223,0.8156358376466077
15697,0.8992179353493223,0.18439901709625137,0.8156009829037486
15698,0.8992353145637817,0.18439901709625137,0.8156009829037486
15699,0.8992353145637817,0.18441644446768093,0.8155835555323191
15700,0.8993222106360792,0.18441644446768093,0.8155835555323191
15701,0.8993222106360792,0.18446872658196964,0.8155312734180303
15702,0.8993395898505387,0.18446872658196964,0.8155312734180303
15703,0.8993395898505387,0.18452100869625834,0.8154789913037417
15704,0.8993743482794577,0.18452100869625834,0.8154789913037417
15705,0.8993743482794577,0.18455586343911748,0.8154441365608825
15706,0.8994786235662148,0.18455586343911748,0.8154441365608825
15707,0.8994786235662148,0.18457329081054705,0.8154267091894529
15708,0.8994960027806743,0.18457329081054705,0.8154267091894529
15709,0.8994960027806743,0.18459071818197662,0.8154092818180234
15710,0.8995133819951339,0.18459071818197662,0.8154092818180234
15711,0.8995133819951339,0.18462557292483575,0.8153744270751643
15712,0.8995307612095933,0.18462557292483575,0.8153744270751643
15713,0.8995307612095933,0.18464300029626532,0.8153569997037347
15714,0.8995655196385124,0.18464300029626532,0.8153569997037347
15715,0.8995655196385124,0.1846604276676949,0.8153395723323051
15716,0.8996002780674314,0.1846604276676949,0.8153395723323051
15717,0.8996002780674314,0.1847127097819836,0.8152872902180164
15718,0.8996350364963503,0.1847127097819836,0.8152872902180164
15719,0.8996350364963503,0.18478241926770186,0.8152175807322981
15720,0.8996697949252693,0.18478241926770186,0.8152175807322981
15721,0.8996697949252693,0.184817274010561,0.815182725989439
15722,0.8996871741397289,0.184817274010561,0.815182725989439
15723,0.8996871741397289,0.1848521287534201,0.8151478712465798
15724,0.8997219325686479,0.1848521287534201,0.8151478712465798
15725,0.8997219325686479,0.1849044108677088,0.8150955891322912
15726,0.8997393117831074,0.1849044108677088,0.8150955891322912
15727,0.8997393117831074,0.18492183823913838,0.8150781617608616
15728,0.8997740702120264,0.18492183823913838,0.8150781617608616
15729,0.8997740702120264,0.18495669298199752,0.8150433070180025
15730,0.8998262078554049,0.18495669298199752,0.8150433070180025
15731,0.8998262078554049,0.18497412035342709,0.8150258796465729
15732,0.899860966284324,0.18497412035342709,0.8150258796465729
15733,0.899860966284324,0.18500897509628622,0.8149910249037138
15734,0.8998783454987834,0.18500897509628622,0.8149910249037138
15735,0.8998783454987834,0.1850786845820045,0.8149213154179955
15736,0.899895724713243,0.1850786845820045,0.8149213154179955
15737,0.899895724713243,0.18509611195343406,0.814903888046566
15738,0.8999131039277025,0.18509611195343406,0.814903888046566
15739,0.8999131039277025,0.18511353932486363,0.8148864606751364
15740,0.899930483142162,0.18511353932486363,0.8148864606751364
15741,0.899930483142162,0.18525295829630017,0.8147470417036998
15742,0.8999478623566215,0.18525295829630017,0.8147470417036998
15743,0.8999478623566215,0.1852878130391593,0.8147121869608407
15744,0.900034758428919,0.1852878130391593,0.8147121869608407
15745,0.900034758428919,0.18534009515344801,0.8146599048465519
15746,0.900069516857838,0.18534009515344801,0.8146599048465519
15747,0.900069516857838,0.1854098046391663,0.8145901953608337
15748,0.9001042752867571,0.1854098046391663,0.8145901953608337
15749,0.9001042752867571,0.1854446593820254,0.8145553406179746
15750,0.9001564129301356,0.1854446593820254,0.8145553406179746
15751,0.9001564129301356,0.18546208675345496,0.814537913246545
15752,0.900173792144595,0.18546208675345496,0.814537913246545
15753,0.900173792144595,0.18547951412488453,0.8145204858751155
15754,0.9001911713590546,0.18547951412488453,0.8145204858751155
15755,0.9001911713590546,0.18553179623917324,0.8144682037608267
15756,0.9002259297879736,0.18553179623917324,0.8144682037608267
15757,0.9002259297879736,0.1855492236106028,0.8144507763893972
15758,0.9002606882168926,0.1855492236106028,0.8144507763893972
15759,0.9002780674313521,0.1855492236106028,0.8144507763893972
15760,0.9002780674313521,0.18556665098203237,0.8144333490179676
15761,0.9002954466458116,0.18556665098203237,0.8144333490179676
15762,0.9002954466458116,0.18558407835346194,0.8144159216465381
15763,0.9003128258602712,0.18558407835346194,0.8144159216465381
15764,0.9003128258602712,0.18561893309632108,0.814381066903679
15765,0.9003823427181091,0.18561893309632108,0.814381066903679
15766,0.9003823427181091,0.1856537878391802,0.8143462121608198
15767,0.9004171011470281,0.1856537878391802,0.8143462121608198
15768,0.9004171011470281,0.18567121521060978,0.8143287847893902
15769,0.9004344803614877,0.18567121521060978,0.8143287847893902
15770,0.9004344803614877,0.18572349732489848,0.8142765026751015
15771,0.9004518595759472,0.18572349732489848,0.8142765026751015
15772,0.9004518595759472,0.1857757794391872,0.8142242205608128
15773,0.9005039972193257,0.1857757794391872,0.8142242205608128
15774,0.9005039972193257,0.1858280615534759,0.8141719384465241
15775,0.9005213764337852,0.1858280615534759,0.8141719384465241
15776,0.9005213764337852,0.1858803436677646,0.8141196563322354
15777,0.9005387556482447,0.1858803436677646,0.8141196563322354
15778,0.9005387556482447,0.18589777103919417,0.8141022289608059
15779,0.9005561348627042,0.18589777103919417,0.8141022289608059
15780,0.9005561348627042,0.1859326257820533,0.8140673742179467
15781,0.9005735140771637,0.1859326257820533,0.8140673742179467
15782,0.9005735140771637,0.18596748052491244,0.8140325194750876
15783,0.9005908932916232,0.18596748052491244,0.8140325194750876
15784,0.9005908932916232,0.18600233526777157,0.8139976647322285
15785,0.9006082725060828,0.18600233526777157,0.8139976647322285
15786,0.9006082725060828,0.18601976263920114,0.8139802373607988
15787,0.9006256517205422,0.18601976263920114,0.8139802373607988
15788,0.9006256517205422,0.18605461738206025,0.8139453826179397
15789,0.9006430309350018,0.18605461738206025,0.8139453826179397
15790,0.9006430309350018,0.18607204475348982,0.8139279552465102
15791,0.9006777893639207,0.18607204475348982,0.8139279552465102
15792,0.9006777893639207,0.1860894721249194,0.8139105278750807
15793,0.9007820646506778,0.1860894721249194,0.8139105278750807
15794,0.9007820646506778,0.18610689949634895,0.813893100503651
15795,0.9007994438651373,0.18610689949634895,0.813893100503651
15796,0.9007994438651373,0.1861417542392081,0.8138582457607919
15797,0.9008168230795968,0.1861417542392081,0.8138582457607919
15798,0.9008168230795968,0.18615918161063766,0.8138408183893624
15799,0.9008342022940563,0.18615918161063766,0.8138408183893624
15800,0.9008342022940563,0.1862463184677855,0.8137536815322145
15801,0.9008689607229753,0.1862463184677855,0.8137536815322145
15802,0.9008689607229753,0.18626374583921507,0.8137362541607849
15803,0.9008863399374348,0.18626374583921507,0.8137362541607849
15804,0.9008863399374348,0.18628117321064463,0.8137188267893554
15805,0.9009384775808134,0.18628117321064463,0.8137188267893554
15806,0.9009384775808134,0.1863508826963629,0.8136491173036371
15807,0.9010079944386514,0.1863508826963629,0.8136491173036371
15808,0.9010079944386514,0.18638573743922204,0.813614262560778
15809,0.9010427528675704,0.18638573743922204,0.813614262560778
15810,0.9010427528675704,0.18645544692494032,0.8135445530750597
15811,0.9010601320820298,0.18645544692494032,0.8135445530750597
15812,0.9010601320820298,0.18647287429636988,0.8135271257036301
15813,0.9010775112964894,0.18647287429636988,0.8135271257036301
15814,0.9010775112964894,0.18650772903922902,0.813492270960771
15815,0.9010948905109489,0.18650772903922902,0.813492270960771
15816,0.9010948905109489,0.18654258378208816,0.8134574162179118
15817,0.9011122697254084,0.18654258378208816,0.8134574162179118
15818,0.9011122697254084,0.18659486589637686,0.8134051341036231
15819,0.9011296489398679,0.18659486589637686,0.8134051341036231
15820,0.9011296489398679,0.18661229326780643,0.8133877067321935
15821,0.9011644073687869,0.18661229326780643,0.8133877067321935
15822,0.9011644073687869,0.1867691396106725,0.8132308603893275
15823,0.901199165797706,0.1867691396106725,0.8132308603893275
15824,0.901199165797706,0.18680399435353165,0.8131960056464683
15825,0.9012165450121654,0.18680399435353165,0.8131960056464683
15826,0.9012165450121654,0.18682142172496122,0.8131785782750388
15827,0.9012513034410845,0.18682142172496122,0.8131785782750388
15828,0.9012513034410845,0.18683884909639079,0.8131611509036092
15829,0.9012686826555439,0.18683884909639079,0.8131611509036092
15830,0.9012686826555439,0.18685627646782035,0.8131437235321797
15831,0.901372957942301,0.18685627646782035,0.8131437235321797
15832,0.901372957942301,0.18687370383924992,0.81312629616075
15833,0.9014250955856795,0.18687370383924992,0.81312629616075
15834,0.9014250955856795,0.18690855858210906,0.8130914414178909
15835,0.9014598540145985,0.18690855858210906,0.8130914414178909
15836,0.9014598540145985,0.1869434133249682,0.8130565866750318
15837,0.9014946124435176,0.1869434133249682,0.8130565866750318
15838,0.9014946124435176,0.18706540492497517,0.8129345950750249
15839,0.901511991657977,0.18706540492497517,0.8129345950750249
15840,0.901511991657977,0.18711768703926387,0.8128823129607361
15841,0.9015293708724366,0.18711768703926387,0.8128823129607361
15842,0.9015293708724366,0.18716996915355258,0.8128300308464474
15843,0.9015641293013555,0.18716996915355258,0.8128300308464474
15844,0.9015641293013555,0.18722225126784128,0.8127777487321587
15845,0.9015988877302746,0.18722225126784128,0.8127777487321587
15846,0.9015988877302746,0.18725710601070042,0.8127428939892996
15847,0.9016162669447341,0.18725710601070042,0.8127428939892996
15848,0.9016162669447341,0.18727453338212996,0.81272546661787
15849,0.9016336461591936,0.18727453338212996,0.81272546661787
15850,0.9016336461591936,0.18732681549641866,0.8126731845035813
15851,0.9016510253736532,0.18732681549641866,0.8126731845035813
15852,0.9016510253736532,0.18737909761070737,0.8126209023892926
15853,0.9016684045881126,0.18737909761070737,0.8126209023892926
15854,0.9016684045881126,0.1874139523535665,0.8125860476464335
15855,0.9016857838025721,0.1874139523535665,0.8125860476464335
15856,0.9016857838025721,0.18743137972499607,0.812568620275004
15857,0.9017031630170317,0.18743137972499607,0.812568620275004
15858,0.9017031630170317,0.18744880709642564,0.8125511929035744
15859,0.9017205422314911,0.18744880709642564,0.8125511929035744
15860,0.9017205422314911,0.1875185165821439,0.8124814834178561
15861,0.9017379214459507,0.1875185165821439,0.8124814834178561
15862,0.9017379214459507,0.18755337132500305,0.812446628674997
15863,0.9019464720194648,0.18755337132500305,0.812446628674997
15864,0.9019464720194648,0.18757079869643262,0.8124292013035674
15865,0.9019812304483837,0.18757079869643262,0.8124292013035674
15866,0.9019812304483837,0.18760565343929175,0.8123943465607082
15867,0.9020855057351408,0.18760565343929175,0.8123943465607082
15868,0.9020855057351408,0.18762308081072132,0.8123769191892787
15869,0.9021028849496002,0.18762308081072132,0.8123769191892787
15870,0.9021028849496002,0.1876927902964396,0.8123072097035604
15871,0.9021202641640598,0.1876927902964396,0.8123072097035604
15872,0.9021202641640598,0.18786706401073527,0.8121329359892647
15873,0.9021550225929788,0.18786706401073527,0.8121329359892647
15874,0.9021550225929788,0.1880587650964605,0.8119412349035395
15875,0.9021724018074383,0.1880587650964605,0.8119412349035395
15876,0.9021724018074383,0.18807619246789006,0.8119238075321099
15877,0.9022419186652764,0.18807619246789006,0.8119238075321099
15878,0.9022419186652764,0.1881110472107492,0.8118889527892508
15879,0.9022766770941953,0.1881110472107492,0.8118889527892508
15880,0.9022766770941953,0.1881633293250379,0.8118366706749621
15881,0.9022940563086549,0.1881633293250379,0.8118366706749621
15882,0.9022940563086549,0.18818075669646747,0.8118192433035325
15883,0.9023114355231143,0.18818075669646747,0.8118192433035325
15884,0.9023114355231143,0.18819818406789704,0.811801815932103
15885,0.9023288147375739,0.18819818406789704,0.811801815932103
15886,0.9023288147375739,0.1882156114393266,0.8117843885606734
15887,0.9023809523809524,0.1882156114393266,0.8117843885606734
15888,0.9023809523809524,0.18825046618218574,0.8117495338178142
15889,0.9023983315954119,0.18825046618218574,0.8117495338178142
15890,0.9023983315954119,0.18828532092504488,0.8117146790749551
15891,0.9024157108098714,0.18828532092504488,0.8117146790749551
15892,0.9024157108098714,0.18832017566790402,0.811679824332096
15893,0.9024330900243309,0.18832017566790402,0.811679824332096
15894,0.9024330900243309,0.18837245778219272,0.8116275422178073
15895,0.9024504692387904,0.18837245778219272,0.8116275422178073
15896,0.9024504692387904,0.18842473989648142,0.8115752601035185
15897,0.9024852276677094,0.18842473989648142,0.8115752601035185
15898,0.9024852276677094,0.18845959463934056,0.8115404053606594
15899,0.9025199860966284,0.18845959463934056,0.8115404053606594
15900,0.902537365311088,0.18847702201077013,0.8115229779892299
15901,0.902537365311088,0.1885293041250588,0.8114706958749411
15902,0.9025895029544665,0.1885293041250588,0.8114706958749411
15903,0.9025895029544665,0.18856415886791794,0.8114358411320821
15904,0.9026242613833855,0.18856415886791794,0.8114358411320821
15905,0.9026242613833855,0.1885815862393475,0.8114184137606525
15906,0.9026590198123045,0.1885815862393475,0.8114184137606525
15907,0.9026590198123045,0.18861644098220665,0.8113835590177934
15908,0.902676399026764,0.18861644098220665,0.8113835590177934
15909,0.902676399026764,0.18870357783935449,0.8112964221606456
15910,0.9026937782412235,0.18870357783935449,0.8112964221606456
15911,0.9026937782412235,0.18872100521078405,0.811278994789216
15912,0.902711157455683,0.18872100521078405,0.811278994789216
15913,0.902711157455683,0.1887558599536432,0.8112441400463568
15914,0.9027459158846021,0.1887558599536432,0.8112441400463568
15915,0.9027459158846021,0.18882556943936146,0.8111744305606385
15916,0.902780674313521,0.18882556943936146,0.8111744305606385
15917,0.902780674313521,0.18884299681079103,0.811157003189209
15918,0.9027980535279805,0.18884299681079103,0.811157003189209
15919,0.9027980535279805,0.1888604241822206,0.8111395758177794
15920,0.90281543274244,0.1888604241822206,0.8111395758177794
15921,0.90281543274244,0.188964988410798,0.811035011589202
15922,0.9028328119568996,0.188964988410798,0.811035011589202
15923,0.9028328119568996,0.18899984315365714,0.8110001568463429
15924,0.902850191171359,0.18899984315365714,0.8110001568463429
15925,0.902850191171359,0.1890172705250867,0.8109827294749132
15926,0.9028849496002781,0.1890172705250867,0.8109827294749132
15927,0.9028849496002781,0.18913926212509366,0.8108607378749063
15928,0.9029370872436566,0.18913926212509366,0.8108607378749063
15929,0.9029370872436566,0.18920897161081193,0.810791028389188
15930,0.9029544664581161,0.18920897161081193,0.810791028389188
15931,0.9029544664581161,0.18924382635367107,0.8107561736463289
15932,0.9029892248870351,0.18924382635367107,0.8107561736463289
15933,0.9029892248870351,0.18929610846795977,0.8107038915320403
15934,0.9030066041014946,0.18929610846795977,0.8107038915320403
15935,0.9030066041014946,0.18931353583938934,0.8106864641606106
15936,0.9030239833159541,0.18931353583938934,0.8106864641606106
15937,0.9030239833159541,0.1893309632108189,0.8106690367891811
15938,0.9031282586027112,0.1893309632108189,0.8106690367891811
15939,0.9031282586027112,0.18943552743939632,0.8105644725606037
15940,0.9031630170316302,0.18943552743939632,0.8105644725606037
15941,0.9031630170316302,0.18954009166797373,0.8104599083320263
15942,0.9031803962460897,0.18954009166797373,0.8104599083320263
15943,0.9031803962460897,0.1895575190394033,0.8104424809605967
15944,0.9031977754605491,0.1895575190394033,0.8104424809605967
15945,0.9031977754605491,0.18959237378226243,0.8104076262177375
15946,0.9032151546750087,0.18959237378226243,0.8104076262177375
15947,0.9032151546750087,0.189609801153692,0.810390198846308
15948,0.9032325338894682,0.189609801153692,0.810390198846308
15949,0.9032325338894682,0.18967951063941027,0.8103204893605898
15950,0.9033020507473062,0.18967951063941027,0.8103204893605898
15951,0.9033020507473062,0.18971436538226938,0.8102856346177306
15952,0.9033194299617657,0.18971436538226938,0.8102856346177306
15953,0.9033194299617657,0.18974922012512851,0.8102507798748715
15954,0.9033541883906847,0.18974922012512851,0.8102507798748715
15955,0.9033541883906847,0.18978407486798765,0.8102159251320123
15956,0.9034063260340632,0.18978407486798765,0.8102159251320123
15957,0.9034063260340632,0.1898189296108468,0.8101810703891532
15958,0.9034237052485228,0.1898189296108468,0.8101810703891532
15959,0.9034237052485228,0.1898712117251355,0.8101287882748645
15960,0.9034584636774418,0.1898712117251355,0.8101287882748645
15961,0.9034584636774418,0.18994092121085376,0.8100590787891462
15962,0.9034758428919013,0.18994092121085376,0.8100590787891462
15963,0.9034758428919013,0.18999320332514247,0.8100067966748575
15964,0.9035279805352798,0.18999320332514247,0.8100067966748575
15965,0.9035279805352798,0.19004548543943117,0.8099545145605689
15966,0.9035453597497393,0.19004548543943117,0.8099545145605689
15967,0.9035453597497393,0.19006291281086074,0.8099370871891393
15968,0.9036496350364963,0.19006291281086074,0.8099370871891393
15969,0.9036496350364963,0.1900803401822903,0.8099196598177096
15970,0.9037191518943344,0.1900803401822903,0.8099196598177096
15971,0.9037191518943344,0.19016747703943815,0.8098325229605619
15972,0.9037365311087939,0.19016747703943815,0.8098325229605619
15973,0.9037365311087939,0.19020233178229728,0.8097976682177027
15974,0.9037712895377129,0.19020233178229728,0.8097976682177027
15975,0.9037712895377129,0.19028946863944513,0.8097105313605548
15976,0.9037886687521725,0.19028946863944513,0.8097105313605548
15977,0.9037886687521725,0.19037660549659294,0.809623394503407
15978,0.9038234271810914,0.19037660549659294,0.809623394503407
15979,0.9038234271810914,0.19041146023945207,0.8095885397605479
15980,0.9038408063955509,0.19041146023945207,0.8095885397605479
15981,0.9038408063955509,0.19051602446802948,0.8094839755319705
15982,0.9038581856100104,0.19051602446802948,0.8094839755319705
15983,0.9038581856100104,0.19055087921088862,0.8094491207891114
15984,0.90387556482447,0.19055087921088862,0.8094491207891114
15985,0.90387556482447,0.19060316132517732,0.8093968386748227
15986,0.9039103232533889,0.19060316132517732,0.8093968386748227
15987,0.9039103232533889,0.1907251529251843,0.8092748470748157
15988,0.903979840111227,0.1907251529251843,0.8092748470748157
15989,0.903979840111227,0.19074258029661387,0.8092574197033862
15990,0.9040319777546055,0.19074258029661387,0.8092574197033862
15991,0.9040319777546055,0.19076000766804344,0.8092399923319565
15992,0.904049356969065,0.190777435039473,0.809222564960527
15993,0.904049356969065,0.19079486241090257,0.8092051375890974
15994,0.9040667361835245,0.19079486241090257,0.8092051375890974
15995,0.9040667361835245,0.19084714452519128,0.8091528554748088
15996,0.9041014946124435,0.19084714452519128,0.8091528554748088
15997,0.9041014946124435,0.19086457189662084,0.8091354281033791
15998,0.9041362530413626,0.19086457189662084,0.8091354281033791
15999,0.9041362530413626,0.1908819992680504,0.8091180007319496
16000,0.9041710114702816,0.1908819992680504,0.8091180007319496
16001,0.9041710114702816,0.19095170875376866,0.8090482912462313
16002,0.904188390684741,0.19095170875376866,0.8090482912462313
16003,0.904188390684741,0.19107370035377563,0.8089262996462243
16004,0.9042057698992005,0.19107370035377563,0.8089262996462243
16005,0.9042057698992005,0.19117826458235304,0.808821735417647
16006,0.9042231491136601,0.19117826458235304,0.808821735417647
16007,0.9042231491136601,0.1911956919537826,0.8088043080462174
16008,0.9042579075425791,0.1911956919537826,0.8088043080462174
16009,0.904292665971498,0.1911956919537826,0.8088043080462174
16010,0.904292665971498,0.19121311932521218,0.8087868806747878
16011,0.9043100451859576,0.19121311932521218,0.8087868806747878
16012,0.9043100451859576,0.19126540143950088,0.8087345985604991
16013,0.9043448036148766,0.19126540143950088,0.8087345985604991
16014,0.9043448036148766,0.19128282881093045,0.8087171711890695
16015,0.9043795620437957,0.19128282881093045,0.8087171711890695
16016,0.9043795620437957,0.19130025618236002,0.80869974381764
16017,0.9043969412582551,0.19130025618236002,0.80869974381764
16018,0.9043969412582551,0.19131768355378959,0.8086823164462105
16019,0.9044143204727146,0.19131768355378959,0.8086823164462105
16020,0.9044143204727146,0.19135253829664872,0.8086474617033512
16021,0.9044316996871742,0.19135253829664872,0.8086474617033512
16022,0.9044316996871742,0.1913699656680783,0.8086300343319217
16023,0.9044490789016336,0.1913699656680783,0.8086300343319217
16024,0.9044490789016336,0.19138739303950786,0.8086126069604922
16025,0.9044664581160932,0.19138739303950786,0.8086126069604922
16026,0.9044838373305527,0.19140482041093743,0.8085951795890626
16027,0.9045012165450121,0.19140482041093743,0.8085951795890626
16028,0.9045012165450121,0.19143967515379656,0.8085603248462034
16029,0.9045359749739311,0.19143967515379656,0.8085603248462034
16030,0.9045359749739311,0.19145710252522613,0.8085428974747739
16031,0.9045533541883907,0.19145710252522613,0.8085428974747739
16032,0.9045533541883907,0.1915268120109444,0.8084731879890557
16033,0.9045881126173096,0.1915268120109444,0.8084731879890557
16034,0.9045881126173096,0.19157909412523308,0.8084209058747669
16035,0.9046228710462287,0.19157909412523308,0.8084209058747669
16036,0.9046228710462287,0.19159652149666265,0.8084034785033374
16037,0.9046750086896073,0.19159652149666265,0.8084034785033374
16038,0.9046750086896073,0.19171851309666962,0.8082814869033303
16039,0.9046923879040667,0.19171851309666962,0.8082814869033303
16040,0.9046923879040667,0.1917359404680992,0.8082640595319008
16041,0.9047097671185262,0.1917359404680992,0.8082640595319008
16042,0.9047097671185262,0.19175336783952876,0.8082466321604712
16043,0.9047271463329858,0.19175336783952876,0.8082466321604712
16044,0.9047271463329858,0.19177079521095833,0.8082292047890417
16045,0.9047792839763643,0.19177079521095833,0.8082292047890417
16046,0.9047792839763643,0.1917882225823879,0.8082117774176121
16047,0.9048140424052833,0.1917882225823879,0.8082117774176121
16048,0.9048140424052833,0.19182307732524703,0.8081769226747529
16049,0.9048488008342023,0.19182307732524703,0.8081769226747529
16050,0.9048488008342023,0.1918405046966766,0.8081594953033234
16051,0.9049878345498783,0.1918405046966766,0.8081594953033234
16052,0.9049878345498783,0.19185793206810617,0.8081420679318938
16053,0.9050052137643378,0.19185793206810617,0.8081420679318938
16054,0.9050052137643378,0.19187535943953574,0.8081246405604643
16055,0.9050225929787974,0.19187535943953574,0.8081246405604643
16056,0.9050225929787974,0.1918927868109653,0.8081072131890347
16057,0.9050399721932568,0.1918927868109653,0.8081072131890347
16058,0.9050399721932568,0.19191021418239487,0.8080897858176052
16059,0.9050573514077164,0.19191021418239487,0.8080897858176052
16060,0.9050573514077164,0.19192764155382444,0.8080723584461755
16061,0.9050747306221759,0.19192764155382444,0.8080723584461755
16062,0.9050747306221759,0.191945068925254,0.808054931074746
16063,0.9050921098366354,0.191945068925254,0.808054931074746
16064,0.9050921098366354,0.19196249629668358,0.8080375037033164
16065,0.9051094890510949,0.19196249629668358,0.8080375037033164
16066,0.9051094890510949,0.19203220578240185,0.8079677942175981
16067,0.9051442474800139,0.19203220578240185,0.8079677942175981
16068,0.9051442474800139,0.19204963315383142,0.8079503668461686
16069,0.9051616266944734,0.19204963315383142,0.8079503668461686
16070,0.9051616266944734,0.19210191526812012,0.8078980847318799
16071,0.9052311435523115,0.19210191526812012,0.8078980847318799
16072,0.9052311435523115,0.19217162475383837,0.8078283752461617
16073,0.9052832811956899,0.19217162475383837,0.8078283752461617
16074,0.9052832811956899,0.1922587616109862,0.8077412383890138
16075,0.905318039624609,0.1922587616109862,0.8077412383890138
16076,0.905318039624609,0.1923110437252749,0.8076889562747251
16077,0.905352798053528,0.1923110437252749,0.8076889562747251
16078,0.905352798053528,0.19236332583956361,0.8076366741604364
16079,0.9054049356969065,0.19236332583956361,0.8076366741604364
16080,0.9054049356969065,0.19246789006814102,0.807532109931859
16081,0.9054396941258255,0.19246789006814102,0.807532109931859
16082,0.9054396941258255,0.1924853174395706,0.8075146825604294
16083,0.905457073340285,0.1924853174395706,0.8075146825604294
16084,0.905457073340285,0.19250274481100016,0.8074972551889998
16085,0.905491831769204,0.19250274481100016,0.8074972551889998
16086,0.905491831769204,0.19257245429671843,0.8074275457032816
16087,0.9055613486270421,0.19257245429671843,0.8074275457032816
16088,0.9055613486270421,0.192589881668148,0.8074101183318521
16089,0.9055787278415016,0.192589881668148,0.8074101183318521
16090,0.9055787278415016,0.1926421637824367,0.8073578362175633
16091,0.9056134862704206,0.1926421637824367,0.8073578362175633
16092,0.9056134862704206,0.19271187326815498,0.807288126731845
16093,0.90563086548488,0.19271187326815498,0.807288126731845
16094,0.90563086548488,0.19272930063958454,0.8072706993604155
16095,0.9056482446993396,0.19272930063958454,0.8072706993604155
16096,0.9056482446993396,0.19278158275387322,0.8072184172461268
16097,0.9057177615571776,0.19278158275387322,0.8072184172461268
16098,0.9057177615571776,0.19283386486816192,0.8071661351318381
16099,0.9057351407716371,0.19283386486816192,0.8071661351318381
16100,0.9057351407716371,0.1929035743538802,0.8070964256461198
16101,0.9057525199860966,0.1929035743538802,0.8070964256461198
16102,0.9057525199860966,0.19297328383959847,0.8070267161604016
16103,0.9057698992005562,0.19297328383959847,0.8070267161604016
16104,0.9057698992005562,0.19299071121102804,0.8070092887889719
16105,0.9058046576294752,0.19299071121102804,0.8070092887889719
16106,0.9058046576294752,0.1930081385824576,0.8069918614175424
16107,0.9058220368439347,0.1930081385824576,0.8069918614175424
16108,0.9058220368439347,0.1930604206967463,0.8069395793032537
16109,0.9058394160583941,0.1930604206967463,0.8069395793032537
16110,0.9058394160583941,0.19307784806817588,0.8069221519318241
16111,0.9058741744873132,0.19307784806817588,0.8069221519318241
16112,0.9058741744873132,0.19309527543960545,0.8069047245603945
16113,0.9058915537017727,0.19309527543960545,0.8069047245603945
16114,0.9058915537017727,0.19313013018246458,0.8068698698175354
16115,0.9060305874174487,0.19313013018246458,0.8068698698175354
16116,0.9060305874174487,0.19314755755389415,0.8068524424461059
16117,0.9060653458463678,0.19314755755389415,0.8068524424461059
16118,0.9060653458463678,0.19316498492532372,0.8068350150746763
16119,0.9061001042752868,0.19316498492532372,0.8068350150746763
16120,0.9061001042752868,0.19330440389676026,0.8066955961032397
16121,0.9061174834897463,0.19330440389676026,0.8066955961032397
16122,0.9061174834897463,0.19335668601104897,0.8066433139889511
16123,0.9061870003475843,0.19335668601104897,0.8066433139889511
16124,0.9061870003475843,0.19339154075390808,0.8066084592460919
16125,0.9062043795620438,0.19339154075390808,0.8066084592460919
16126,0.9062043795620438,0.19340896812533764,0.8065910318746623
16127,0.9062217587765033,0.19340896812533764,0.8065910318746623
16128,0.9062217587765033,0.19346125023962635,0.8065387497603737
16129,0.9062565172054223,0.19346125023962635,0.8065387497603737
16130,0.9062565172054223,0.19349610498248548,0.8065038950175145
16131,0.9062738964198819,0.19349610498248548,0.8065038950175145
16132,0.9062738964198819,0.19353095972534462,0.8064690402746554
16133,0.9062912756343413,0.19353095972534462,0.8064690402746554
16134,0.9062912756343413,0.19356581446820376,0.8064341855317962
16135,0.9063607924921794,0.19356581446820376,0.8064341855317962
16136,0.9063607924921794,0.19358324183963332,0.8064167581603667
16137,0.9063781717066388,0.19358324183963332,0.8064167581603667
16138,0.9063781717066388,0.1936006692110629,0.8063993307889371
16139,0.9063955509210984,0.1936006692110629,0.8063993307889371
16140,0.9063955509210984,0.1937052334396403,0.8062947665603597
16141,0.9064824469933959,0.1937052334396403,0.8062947665603597
16142,0.9064824469933959,0.19374008818249944,0.8062599118175006
16143,0.9065345846367744,0.19374008818249944,0.8062599118175006
16144,0.9065345846367744,0.193757515553929,0.8062424844460709
16145,0.9065519638512339,0.193757515553929,0.8062424844460709
16146,0.9065519638512339,0.19377494292535857,0.8062250570746414
16147,0.9065867222801529,0.19377494292535857,0.8062250570746414
16148,0.9065867222801529,0.19379237029678814,0.8062076297032119
16149,0.9066736183524504,0.19379237029678814,0.8062076297032119
16150,0.9066736183524504,0.19382722503964728,0.8061727749603527
16151,0.90669099756691,0.19382722503964728,0.8061727749603527
16152,0.90669099756691,0.19384465241107685,0.8061553475889232
16153,0.9067083767813695,0.19384465241107685,0.8061553475889232
16154,0.9067083767813695,0.1938620797825064,0.8061379202174936
16155,0.9067257559958289,0.1938620797825064,0.8061379202174936
16156,0.9067257559958289,0.19387950715393598,0.806120492846064
16157,0.9067431352102885,0.19387950715393598,0.806120492846064
16158,0.9067431352102885,0.19391436189679512,0.8060856381032049
16159,0.906795272853667,0.19391436189679512,0.8060856381032049
16160,0.906795272853667,0.19394921663965425,0.8060507833603457
16161,0.9068126520681266,0.19394921663965425,0.8060507833603457
16162,0.9068126520681266,0.19398407138251336,0.8060159286174866
16163,0.9068647897115051,0.19398407138251336,0.8060159286174866
16164,0.9068647897115051,0.19400149875394293,0.8059985012460571
16165,0.906934306569343,0.19400149875394293,0.8059985012460571
16166,0.906934306569343,0.1940189261253725,0.8059810738746275
16167,0.9069516857838026,0.1940189261253725,0.8059810738746275
16168,0.9069516857838026,0.19403635349680207,0.805963646503198
16169,0.9070212026416405,0.19403635349680207,0.805963646503198
16170,0.9070212026416405,0.1940712082396612,0.8059287917603388
16171,0.9070385818561001,0.1940712082396612,0.8059287917603388
16172,0.9070385818561001,0.1941234903539499,0.8058765096460501
16173,0.9070559610705596,0.1941234903539499,0.8058765096460501
16174,0.9070559610705596,0.19415834509680904,0.8058416549031909
16175,0.9070733402850191,0.19415834509680904,0.8058416549031909
16176,0.9070733402850191,0.1941757724682386,0.8058242275317614
16177,0.9071080987139382,0.1941757724682386,0.8058242275317614
16178,0.9071080987139382,0.19421062721109775,0.8057893727889023
16179,0.9071428571428571,0.19421062721109775,0.8057893727889023
16180,0.9071428571428571,0.19428033669681602,0.805719663303184
16181,0.9071602363573167,0.19428033669681602,0.805719663303184
16182,0.9071602363573167,0.19433261881110472,0.8056673811888952
16183,0.9071776155717761,0.19433261881110472,0.8056673811888952
16184,0.9071776155717761,0.1943500461825343,0.8056499538174657
16185,0.9072123740006952,0.1943500461825343,0.8056499538174657
16186,0.9072123740006952,0.19438490092539343,0.8056150990746066
16187,0.9072297532151546,0.19438490092539343,0.8056150990746066
16188,0.9072297532151546,0.19443718303968213,0.8055628169603178
16189,0.9072471324296142,0.19443718303968213,0.8055628169603178
16190,0.9072471324296142,0.19448946515397084,0.8055105348460292
16191,0.9072992700729927,0.19448946515397084,0.8055105348460292
16192,0.9072992700729927,0.1945068925254004,0.8054931074745996
16193,0.9073340285019117,0.1945068925254004,0.8054931074745996
16194,0.9073514077163712,0.1945068925254004,0.8054931074745996
16195,0.9073514077163712,0.19452431989682997,0.80547568010317
16196,0.9073687869308307,0.19452431989682997,0.80547568010317
16197,0.9073687869308307,0.19454174726825954,0.8054582527317404
16198,0.9074035453597498,0.19454174726825954,0.8054582527317404
16199,0.9074035453597498,0.1945591746396891,0.8054408253603109
16200,0.9074556830031283,0.1945591746396891,0.8054408253603109
16201,0.9074556830031283,0.19457660201111868,0.8054233979888813
16202,0.9074904414320473,0.19457660201111868,0.8054233979888813
16203,0.9074904414320473,0.19461145675397779,0.8053885432460222
16204,0.9075078206465068,0.19461145675397779,0.8053885432460222
16205,0.9075078206465068,0.19462888412540735,0.8053711158745926
16206,0.9075425790754258,0.19462888412540735,0.8053711158745926
16207,0.9075425790754258,0.1946637388682665,0.8053362611317335
16208,0.9075599582898853,0.1946637388682665,0.8053362611317335
16209,0.9075599582898853,0.19468116623969606,0.8053188337603039
16210,0.9075773375043448,0.19468116623969606,0.8053188337603039
16211,0.9075773375043448,0.1947160209825552,0.8052839790174449
16212,0.9075947167188043,0.1947160209825552,0.8052839790174449
16213,0.9075947167188043,0.19475087572541433,0.8052491242745856
16214,0.9076120959332639,0.19475087572541433,0.8052491242745856
16215,0.9076120959332639,0.19483801258256217,0.8051619874174378
16216,0.9076294751477233,0.19483801258256217,0.8051619874174378
16217,0.9076294751477233,0.19496000418256915,0.8050399958174308
16218,0.9076468543621828,0.19496000418256915,0.8050399958174308
16219,0.9076468543621828,0.19501228629685785,0.8049877137031421
16220,0.9076816127911018,0.19501228629685785,0.8049877137031421
16221,0.9076816127911018,0.19502971366828742,0.8049702863317125
16222,0.9076989920055614,0.19502971366828742,0.8049702863317125
16223,0.9076989920055614,0.195047141039717,0.804952858960283
16224,0.9077163712200208,0.195047141039717,0.804952858960283
16225,0.9077163712200208,0.19508199578257612,0.8049180042174239
16226,0.9077511296489399,0.19508199578257612,0.8049180042174239
16227,0.9077511296489399,0.19511685052543526,0.8048831494745647
16228,0.9078032672923184,0.19511685052543526,0.8048831494745647
16229,0.9078032672923184,0.19513427789686483,0.8048657221031352
16230,0.9078206465067779,0.19513427789686483,0.8048657221031352
16231,0.9078206465067779,0.19520398738258307,0.804796012617417
16232,0.9079075425790755,0.19520398738258307,0.804796012617417
16233,0.9079075425790755,0.19525626949687178,0.8047437305031282
16234,0.9079249217935349,0.19525626949687178,0.8047437305031282
16235,0.9079249217935349,0.1952911242397309,0.8047088757602691
16236,0.9079423010079944,0.1952911242397309,0.8047088757602691
16237,0.9079423010079944,0.19530855161116048,0.8046914483888395
16238,0.907994438651373,0.19530855161116048,0.8046914483888395
16239,0.907994438651373,0.19536083372544918,0.8046391662745508
16240,0.9080118178658325,0.19536083372544918,0.8046391662745508
16241,0.9080118178658325,0.19539568846830832,0.8046043115316917
16242,0.908029197080292,0.19539568846830832,0.8046043115316917
16243,0.908029197080292,0.19553510743974487,0.8044648925602551
16244,0.9080465762947515,0.19553510743974487,0.8044648925602551
16245,0.9080465762947515,0.19558738955403357,0.8044126104459665
16246,0.9080639555092109,0.19558738955403357,0.8044126104459665
16247,0.9080639555092109,0.19560481692546314,0.8043951830745368
16248,0.9080813347236705,0.19560481692546314,0.8043951830745368
16249,0.9080813347236705,0.19563967166832227,0.8043603283316777
16250,0.90809871393813,0.19563967166832227,0.8043603283316777
16251,0.90809871393813,0.19565709903975184,0.8043429009602482
16252,0.9081160931525895,0.19565709903975184,0.8043429009602482
16253,0.9081160931525895,0.19569195378261098,0.804308046217389
16254,0.908133472367049,0.19569195378261098,0.804308046217389
16255,0.908133472367049,0.19572680852547011,0.8042731914745299
16256,0.908168230795968,0.19572680852547011,0.8042731914745299
16257,0.908168230795968,0.19574423589689968,0.8042557641031003
16258,0.9081856100104275,0.19574423589689968,0.8042557641031003
16259,0.9081856100104275,0.19576166326832925,0.8042383367316708
16260,0.9082029892248871,0.19576166326832925,0.8042383367316708
16261,0.9082029892248871,0.1957965180111884,0.8042034819888116
16262,0.9082551268682656,0.1957965180111884,0.8042034819888116
16263,0.9082551268682656,0.1958313727540475,0.8041686272459525
16264,0.908272506082725,0.1958313727540475,0.8041686272459525
16265,0.908272506082725,0.19584880012547706,0.804151199874523
16266,0.9082898852971846,0.19584880012547706,0.804151199874523
16267,0.9082898852971846,0.1958836548683362,0.8041163451316637
16268,0.9083072645116441,0.1958836548683362,0.8041163451316637
16269,0.9083072645116441,0.19591850961119534,0.8040814903888047
16270,0.9083246437261036,0.19591850961119534,0.8040814903888047
16271,0.9083246437261036,0.19595336435405447,0.8040466356459455
16272,0.9083420229405631,0.19595336435405447,0.8040466356459455
16273,0.9083420229405631,0.1960405012112023,0.8039594987887977
16274,0.9083594021550226,0.1960405012112023,0.8039594987887977
16275,0.9083594021550226,0.19605792858263188,0.8039420714173682
16276,0.9083767813694821,0.19605792858263188,0.8039420714173682
16277,0.9083767813694821,0.19607535595406145,0.8039246440459386
16278,0.9084115397984011,0.19607535595406145,0.8039246440459386
16279,0.9084115397984011,0.19609278332549102,0.8039072166745089
16280,0.9084289190128606,0.19609278332549102,0.8039072166745089
16281,0.9084289190128606,0.19612763806835015,0.8038723619316499
16282,0.9084462982273201,0.19612763806835015,0.8038723619316499
16283,0.9084462982273201,0.1961624928112093,0.8038375071887907
16284,0.9084984358706987,0.1961624928112093,0.8038375071887907
16285,0.9084984358706987,0.19619734755406842,0.8038026524459316
16286,0.9085158150851581,0.19619734755406842,0.8038026524459316
16287,0.9085158150851581,0.196214774925498,0.803785225074502
16288,0.9085331942996177,0.196214774925498,0.803785225074502
16289,0.9085331942996177,0.19623220229692756,0.8037677977030724
16290,0.9085679527285366,0.19623220229692756,0.8037677977030724
16291,0.9085679527285366,0.19624962966835713,0.8037503703316429
16292,0.9085853319429962,0.19624962966835713,0.8037503703316429
16293,0.9085853319429962,0.19630191178264583,0.8036980882173541
16294,0.9086200903719152,0.19630191178264583,0.8036980882173541
16295,0.9086200903719152,0.1963716212683641,0.8036283787316358
16296,0.9086374695863747,0.1963716212683641,0.8036283787316358
16297,0.9086374695863747,0.19638904863979367,0.8036109513602063
16298,0.9086548488008342,0.19638904863979367,0.8036109513602063
16299,0.9086548488008342,0.19644133075408235,0.8035586692459177
16300,0.9086896072297532,0.19644133075408235,0.8035586692459177
16301,0.9086896072297532,0.19645875812551192,0.803541241874488
16302,0.9087069864442128,0.19645875812551192,0.803541241874488
16303,0.9087069864442128,0.1965284676112302,0.8034715323887698
16304,0.9087591240875912,0.1965284676112302,0.8034715323887698
16305,0.9087591240875912,0.19659817709694846,0.8034018229030515
16306,0.9087765033020507,0.19659817709694846,0.8034018229030515
16307,0.9087765033020507,0.19665045921123717,0.8033495407887629
16308,0.9087938825165103,0.19665045921123717,0.8033495407887629
16309,0.9087938825165103,0.1966853139540963,0.8033146860459037
16310,0.9088112617309697,0.1966853139540963,0.8033146860459037
16311,0.9088112617309697,0.19672016869695544,0.8032798313030446
16312,0.9088286409454293,0.19672016869695544,0.8032798313030446
16313,0.9088286409454293,0.19682473292553285,0.8031752670744672
16314,0.9088460201598888,0.19682473292553285,0.8031752670744672
16315,0.9088460201598888,0.19684216029696242,0.8031578397030376
16316,0.9089155370177268,0.19684216029696242,0.8031578397030376
16317,0.9089155370177268,0.19685958766839198,0.803140412331608
16318,0.9089502954466459,0.19685958766839198,0.803140412331608
16319,0.9089502954466459,0.19694672452553982,0.8030532754744601
16320,0.9090024330900244,0.19694672452553982,0.8030532754744601
16321,0.9090024330900244,0.1969641518969694,0.8030358481030306
16322,0.9090371915189434,0.1969641518969694,0.8030358481030306
16323,0.9090371915189434,0.19698157926839896,0.803018420731601
16324,0.9090545707334029,0.19698157926839896,0.803018420731601
16325,0.9090545707334029,0.19701643401125807,0.8029835659887419
16326,0.9091414668057004,0.19701643401125807,0.8029835659887419
16327,0.9091762252346194,0.19701643401125807,0.8029835659887419
16328,0.9091762252346194,0.19703386138268764,0.8029661386173124
16329,0.9091936044490789,0.19703386138268764,0.8029661386173124
16330,0.9091936044490789,0.1970512887541172,0.8029487112458829
16331,0.9092109836635384,0.1970512887541172,0.8029487112458829
16332,0.9092109836635384,0.19706871612554677,0.8029312838744532
16333,0.9092631213069169,0.19706871612554677,0.8029312838744532
16334,0.9092631213069169,0.19708614349697634,0.8029138565030236
16335,0.9092805005213764,0.19708614349697634,0.8029138565030236
16336,0.9092805005213764,0.19712099823983548,0.8028790017601646
16337,0.9093500173792145,0.19712099823983548,0.8028790017601646
16338,0.9093500173792145,0.19720813509698332,0.8027918649030167
16339,0.9093673965936739,0.19720813509698332,0.8027918649030167
16340,0.9093673965936739,0.19726041721127202,0.802739582788728
16341,0.9093847758081335,0.19726041721127202,0.802739582788728
16342,0.9093847758081335,0.19734755406841986,0.8026524459315801
16343,0.909402155022593,0.19734755406841986,0.8026524459315801
16344,0.909402155022593,0.19741726355413813,0.8025827364458619
16345,0.909436913451512,0.19741726355413813,0.8025827364458619
16346,0.909436913451512,0.1974346909255677,0.8025653090744322
16347,0.9094542926659716,0.1974346909255677,0.8025653090744322
16348,0.9094542926659716,0.1974869730398564,0.8025130269601436
16349,0.909471671880431,0.1974869730398564,0.8025130269601436
16350,0.909471671880431,0.19750440041128597,0.802495599588714
16351,0.9094890510948905,0.19750440041128597,0.802495599588714
16352,0.9094890510948905,0.19755668252557468,0.8024433174744253
16353,0.9095238095238095,0.19755668252557468,0.8024433174744253
16354,0.9095585679527285,0.19755668252557468,0.8024433174744253
16355,0.9095585679527285,0.19762639201129292,0.802373607988707
16356,0.909575947167188,0.19762639201129292,0.802373607988707
16357,0.909575947167188,0.19766124675415206,0.8023387532458479
16358,0.9095933263816476,0.19766124675415206,0.8023387532458479
16359,0.9095933263816476,0.1978006657255886,0.8021993342744114
16360,0.909610705596107,0.1978006657255886,0.8021993342744114
16361,0.909610705596107,0.19783552046844774,0.8021644795315522
16362,0.9096454640250261,0.19783552046844774,0.8021644795315522
16363,0.9096454640250261,0.19787037521130688,0.8021296247886931
16364,0.9096976016684046,0.19787037521130688,0.8021296247886931
16365,0.9096976016684046,0.19800979418274342,0.8019902058172566
16366,0.9097497393117832,0.19800979418274342,0.8019902058172566
16367,0.9097497393117832,0.19804464892560256,0.8019553510743974
16368,0.9098018769551617,0.19804464892560256,0.8019553510743974
16369,0.9098018769551617,0.19814921315417997,0.80185078684582
16370,0.9098192561696211,0.19814921315417997,0.80185078684582
16371,0.9098192561696211,0.19820149526846867,0.8017985047315314
16372,0.9098366353840807,0.19820149526846867,0.8017985047315314
16373,0.9098366353840807,0.1982712047541869,0.8017287952458131
16374,0.9098887730274592,0.1982712047541869,0.8017287952458131
16375,0.9098887730274592,0.19828863212561648,0.8017113678743835
16376,0.9099409106708377,0.19828863212561648,0.8017113678743835
16377,0.9099409106708377,0.19832348686847562,0.8016765131315244
16378,0.9099582898852971,0.19832348686847562,0.8016765131315244
16379,0.9099582898852971,0.19841062372562346,0.8015893762743765
16380,0.9099930483142162,0.19841062372562346,0.8015893762743765
16381,0.9099930483142162,0.19842805109705303,0.8015719489029469
16382,0.9100278067431352,0.19842805109705303,0.8015719489029469
16383,0.9100278067431352,0.1984454784684826,0.8015545215315174
16384,0.9100451859575948,0.1984454784684826,0.8015545215315174
16385,0.9100451859575948,0.19846290583991216,0.8015370941600879
16386,0.9100625651720542,0.19846290583991216,0.8015370941600879
16387,0.9100625651720542,0.19848033321134173,0.8015196667886583
16388,0.9100799443865137,0.19848033321134173,0.8015196667886583
16389,0.9100799443865137,0.19851518795420087,0.8014848120457991
16390,0.9100973236009733,0.19851518795420087,0.8014848120457991
16391,0.9100973236009733,0.19856747006848957,0.8014325299315104
16392,0.9101147028154327,0.19856747006848957,0.8014325299315104
16393,0.9101147028154327,0.19858489743991914,0.8014151025600809
16394,0.9101320820298923,0.19858489743991914,0.8014151025600809
16395,0.9101320820298923,0.1986023248113487,0.8013976751886513
16396,0.9101668404588112,0.1986023248113487,0.8013976751886513
16397,0.9101668404588112,0.19861975218277828,0.8013802478172217
16398,0.9102015988877302,0.19861975218277828,0.8013802478172217
16399,0.9102015988877302,0.19872431641135568,0.8012756835886443
16400,0.9102363573166493,0.19872431641135568,0.8012756835886443
16401,0.9102363573166493,0.19874174378278525,0.8012582562172148
16402,0.9102537365311087,0.19874174378278525,0.8012582562172148
16403,0.9102537365311087,0.1987765985256444,0.8012234014743556
16404,0.9102711157455683,0.1987765985256444,0.8012234014743556
16405,0.9102711157455683,0.19893344486851047,0.8010665551314895
16406,0.9103058741744873,0.19893344486851047,0.8010665551314895
16407,0.9103058741744873,0.1989682996113696,0.8010317003886304
16408,0.9103232533889468,0.1989682996113696,0.8010317003886304
16409,0.9103232533889468,0.19898572698279918,0.8010142730172009
16410,0.9103406326034064,0.19898572698279918,0.8010142730172009
16411,0.9103406326034064,0.19903800909708788,0.8009619909029121
16412,0.9104101494612443,0.19903800909708788,0.8009619909029121
16413,0.9104449078901634,0.19903800909708788,0.8009619909029121
16414,0.9105318039624609,0.19903800909708788,0.8009619909029121
16415,0.9105318039624609,0.19905543646851745,0.8009445635314826
16416,0.9105491831769204,0.19905543646851745,0.8009445635314826
16417,0.9105491831769204,0.19912514595423572,0.8008748540457643
16418,0.9105665623913799,0.19912514595423572,0.8008748540457643
16419,0.9105665623913799,0.19917742806852443,0.8008225719314755
16420,0.9105839416058394,0.19917742806852443,0.8008225719314755
16421,0.9105839416058394,0.19922971018281313,0.8007702898171869
16422,0.9106013208202989,0.19922971018281313,0.8007702898171869
16423,0.9106013208202989,0.1992471375542427,0.8007528624457573
16424,0.9106534584636774,0.1992471375542427,0.8007528624457573
16425,0.9106534584636774,0.19926456492567227,0.8007354350743278
16426,0.910670837678137,0.19926456492567227,0.8007354350743278
16427,0.910670837678137,0.19928199229710183,0.8007180077028981
16428,0.9106882168925965,0.19928199229710183,0.8007180077028981
16429,0.9106882168925965,0.1992994196685314,0.8007005803314686
16430,0.9107055961070559,0.1992994196685314,0.8007005803314686
16431,0.9107055961070559,0.19933427441139054,0.8006657255886095
16432,0.9107229753215155,0.19933427441139054,0.8006657255886095
16433,0.9107229753215155,0.19936912915424967,0.8006308708457504
16434,0.910740354535975,0.19936912915424967,0.8006308708457504
16435,0.910740354535975,0.19942141126853838,0.8005785887314616
16436,0.910775112964894,0.19942141126853838,0.8005785887314616
16437,0.910775112964894,0.19943883863996795,0.8005611613600321
16438,0.9107924921793535,0.19943883863996795,0.8005611613600321
16439,0.9107924921793535,0.1994562660113975,0.8005437339886026
16440,0.910809871393813,0.1994562660113975,0.8005437339886026
16441,0.910809871393813,0.19952597549711576,0.8004740245028843
16442,0.9108446298227321,0.19952597549711576,0.8004740245028843
16443,0.9108446298227321,0.1995608302399749,0.800439169760025
16444,0.9108620090371915,0.1995608302399749,0.800439169760025
16445,0.9108620090371915,0.19959568498283403,0.800404315017166
16446,0.910879388251651,0.19959568498283403,0.800404315017166
16447,0.910879388251651,0.1996131123542636,0.8003868876457364
16448,0.9108967674661105,0.1996131123542636,0.8003868876457364
16449,0.9108967674661105,0.19963053972569317,0.8003694602743068
16450,0.9109315258950296,0.19963053972569317,0.8003694602743068
16451,0.9109315258950296,0.1996653944685523,0.8003346055314478
16452,0.910948905109489,0.1996653944685523,0.8003346055314478
16453,0.910948905109489,0.1997699586971297,0.8002300413028702
16454,0.9109662843239485,0.1997699586971297,0.8002300413028702
16455,0.9109662843239485,0.19980481343998885,0.8001951865600112
16456,0.9110010427528675,0.19980481343998885,0.8001951865600112
16457,0.9110010427528675,0.19983966818284798,0.800160331817152
16458,0.9110184219673271,0.19983966818284798,0.800160331817152
16459,0.9110184219673271,0.19985709555427755,0.8001429044457224
16460,0.9110358011817866,0.19985709555427755,0.8001429044457224
16461,0.9110358011817866,0.19987452292570712,0.8001254770742929
16462,0.9110705596107056,0.19987452292570712,0.8001254770742929
16463,0.9110705596107056,0.1999442324114254,0.8000557675885747
16464,0.9110879388251651,0.1999442324114254,0.8000557675885747
16465,0.9110879388251651,0.19997908715428453,0.8000209128457154
16466,0.9111053180396246,0.19997908715428453,0.8000209128457154
16467,0.9111053180396246,0.20006622401143234,0.7999337759885676
16468,0.9111400764685437,0.20006622401143234,0.7999337759885676
16469,0.9111400764685437,0.20015336086858018,0.7998466391314198
16470,0.9111574556830031,0.20015336086858018,0.7998466391314198
16471,0.9111574556830031,0.20017078824000975,0.7998292117599902
16472,0.9111748348974626,0.20017078824000975,0.7998292117599902
16473,0.9111748348974626,0.20018821561143932,0.7998117843885607
16474,0.9111922141119222,0.20018821561143932,0.7998117843885607
16475,0.9111922141119222,0.20024049772572802,0.799759502274272
16476,0.9112269725408412,0.20024049772572802,0.799759502274272
16477,0.9112269725408412,0.20027535246858716,0.7997246475314128
16478,0.9112443517553006,0.20027535246858716,0.7997246475314128
16479,0.9112443517553006,0.20032763458287586,0.7996723654171242
16480,0.9112617309697602,0.20032763458287586,0.7996723654171242
16481,0.9112617309697602,0.20050190829717154,0.7994980917028285
16482,0.9112791101842197,0.20050190829717154,0.7994980917028285
16483,0.9112791101842197,0.2005193356686011,0.7994806643313989
16484,0.9113486270420577,0.2005193356686011,0.7994806643313989
16485,0.9113486270420577,0.20053676304003068,0.7994632369599693
16486,0.9113660062565172,0.20053676304003068,0.7994632369599693
16487,0.9113660062565172,0.20057161778288982,0.7994283822171102
16488,0.9113833854709767,0.20057161778288982,0.7994283822171102
16489,0.9113833854709767,0.20071103675432633,0.7992889632456737
16490,0.9114355231143553,0.20071103675432633,0.7992889632456737
16491,0.9114355231143553,0.20076331886861504,0.7992366811313849
16492,0.9114529023288147,0.20076331886861504,0.7992366811313849
16493,0.9114529023288147,0.2007807462400446,0.7992192537599554
16494,0.9114702815432743,0.2007807462400446,0.7992192537599554
16495,0.9114702815432743,0.20079817361147417,0.7992018263885259
16496,0.9114876607577338,0.20079817361147417,0.7992018263885259
16497,0.9114876607577338,0.20086788309719245,0.7991321169028076
16498,0.9115050399721932,0.20086788309719245,0.7991321169028076
16499,0.9115050399721932,0.20090273784005158,0.7990972621599484
16500,0.9115571776155718,0.20090273784005158,0.7990972621599484
16501,0.9115571776155718,0.20092016521148115,0.7990798347885189
16502,0.9115745568300313,0.20092016521148115,0.7990798347885189
16503,0.9115745568300313,0.20098987469719942,0.7990101253028006
16504,0.9116093152589503,0.20098987469719942,0.7990101253028006
16505,0.9116093152589503,0.201007302068629,0.7989926979313711
16506,0.9116440736878693,0.201007302068629,0.7989926979313711
16507,0.9116440736878693,0.20102472944005856,0.7989752705599414
16508,0.9116614529023288,0.20102472944005856,0.7989752705599414
16509,0.9116614529023288,0.20107701155434726,0.7989229884456528
16510,0.9116788321167884,0.20107701155434726,0.7989229884456528
16511,0.9116788321167884,0.20109443892577683,0.7989055610742232
16512,0.9117135905457073,0.20109443892577683,0.7989055610742232
16513,0.9117135905457073,0.2011641484114951,0.7988358515885049
16514,0.9117309697601669,0.2011641484114951,0.7988358515885049
16515,0.9117309697601669,0.2012164305257838,0.7987835694742162
16516,0.9117657281890859,0.2012164305257838,0.7987835694742162
16517,0.9117657281890859,0.20123385789721338,0.7987661421027866
16518,0.9117831074035454,0.20123385789721338,0.7987661421027866
16519,0.9117831074035454,0.2012687126400725,0.7987312873599275
16520,0.9118352450469239,0.2012687126400725,0.7987312873599275
16521,0.9118352450469239,0.20128614001150205,0.798713859988498
16522,0.9119047619047619,0.20128614001150205,0.798713859988498
16523,0.9119047619047619,0.20139070424007946,0.7986092957599206
16524,0.9119221411192214,0.20139070424007946,0.7986092957599206
16525,0.9119221411192214,0.2014778410972273,0.7985221589027727
16526,0.9119568995481404,0.2014778410972273,0.7985221589027727
16527,0.9119568995481404,0.20151269584008644,0.7984873041599135
16528,0.9119916579770594,0.20151269584008644,0.7984873041599135
16529,0.9119916579770594,0.201530123211516,0.798469876788484
16530,0.9120264164059785,0.201530123211516,0.798469876788484
16531,0.9120264164059785,0.20154755058294557,0.7984524494170544
16532,0.9120437956204379,0.20154755058294557,0.7984524494170544
16533,0.9120437956204379,0.20161726006866384,0.7983827399313361
16534,0.912078554049357,0.20161726006866384,0.7983827399313361
16535,0.912078554049357,0.2016346874400934,0.7983653125599066
16536,0.912113312478276,0.2016346874400934,0.7983653125599066
16537,0.912113312478276,0.20170439692581169,0.7982956030741883
16538,0.9121306916927355,0.20170439692581169,0.7982956030741883
16539,0.9121306916927355,0.2017566790401004,0.7982433209598996
16540,0.9121654501216545,0.2017566790401004,0.7982433209598996
16541,0.9121654501216545,0.2018612432686778,0.7981387567313222
16542,0.912217587765033,0.2018612432686778,0.7981387567313222
16543,0.912217587765033,0.2018960980115369,0.798103901988463
16544,0.912252346193952,0.2018960980115369,0.798103901988463
16545,0.912252346193952,0.20191352538296647,0.7980864746170335
16546,0.9122697254084116,0.20191352538296647,0.7980864746170335
16547,0.9122697254084116,0.20200066224011431,0.7979993377598857
16548,0.912287104622871,0.20200066224011431,0.7979993377598857
16549,0.912287104622871,0.20201808961154388,0.7979819103884561
16550,0.9123218630517901,0.20201808961154388,0.7979819103884561
16551,0.9123566214807091,0.20201808961154388,0.7979819103884561
16552,0.912391379909628,0.20201808961154388,0.7979819103884561
16553,0.912391379909628,0.20205294435440302,0.797947055645597
16554,0.9124087591240876,0.20205294435440302,0.797947055645597
16555,0.9124087591240876,0.20208779909726216,0.7979122009027378
16556,0.9124435175530066,0.20208779909726216,0.7979122009027378
16557,0.9124435175530066,0.2021226538401213,0.7978773461598787
16558,0.9124608967674661,0.2021226538401213,0.7978773461598787
16559,0.9124608967674661,0.20214008121155086,0.7978599187884492
16560,0.9124782759819257,0.20214008121155086,0.7978599187884492
16561,0.9124782759819257,0.20215750858298043,0.7978424914170196
16562,0.9124956551963851,0.20215750858298043,0.7978424914170196
16563,0.9124956551963851,0.2022272180686987,0.7977727819313013
16564,0.9125130344108446,0.2022272180686987,0.7977727819313013
16565,0.9125130344108446,0.20224464544012827,0.7977553545598717
16566,0.9125304136253042,0.20224464544012827,0.7977553545598717
16567,0.9125304136253042,0.20226207281155784,0.7977379271884422
16568,0.9125825512686827,0.20226207281155784,0.7977379271884422
16569,0.9125825512686827,0.20231435492584654,0.7976856450741534
16570,0.9126346889120611,0.20231435492584654,0.7976856450741534
16571,0.9126346889120611,0.2023317822972761,0.7976682177027239
16572,0.9126520681265207,0.2023317822972761,0.7976682177027239
16573,0.9126520681265207,0.20243634652585352,0.7975636534741465
16574,0.9126694473409802,0.20243634652585352,0.7975636534741465
16575,0.9126694473409802,0.20245377389728308,0.7975462261027169
16576,0.9127389641988182,0.20245377389728308,0.7975462261027169
16577,0.9127389641988182,0.20250605601157176,0.7974939439884282
16578,0.9127563434132777,0.20250605601157176,0.7974939439884282
16579,0.9127563434132777,0.20252348338300133,0.7974765166169987
16580,0.9128258602711158,0.20252348338300133,0.7974765166169987
16581,0.9128258602711158,0.20255833812586047,0.7974416618741396
16582,0.9128606187000348,0.20255833812586047,0.7974416618741396
16583,0.9128606187000348,0.20261062024014917,0.7973893797598508
16584,0.9128779979144943,0.20261062024014917,0.7973893797598508
16585,0.9128779979144943,0.202697757097297,0.797302242902703
16586,0.9128953771289537,0.202697757097297,0.797302242902703
16587,0.9128953771289537,0.20275003921158571,0.7972499607884143
16588,0.9129127563434133,0.20275003921158571,0.7972499607884143
16589,0.9129127563434133,0.20285460344016312,0.7971453965598368
16590,0.9129301355578728,0.20285460344016312,0.7971453965598368
16591,0.9129301355578728,0.20290688555445183,0.7970931144455482
16592,0.9129475147723323,0.20290688555445183,0.7970931144455482
16593,0.9129475147723323,0.20294174029731096,0.7970582597026891
16594,0.9129648939867918,0.20294174029731096,0.7970582597026891
16595,0.9129648939867918,0.2029765950401701,0.7970234049598299
16596,0.9129996524157108,0.2029765950401701,0.7970234049598299
16597,0.9129996524157108,0.20301144978302924,0.7969885502169708
16598,0.9130170316301703,0.20301144978302924,0.7969885502169708
16599,0.9130170316301703,0.20309858664017708,0.7969014133598229
16600,0.9130517900590893,0.20309858664017708,0.7969014133598229
16601,0.9130517900590893,0.20322057824018402,0.796779421759816
16602,0.9130865484880083,0.20322057824018402,0.796779421759816
16603,0.9130865484880083,0.20325543298304316,0.7967445670169568
16604,0.9131039277024678,0.20325543298304316,0.7967445670169568
16605,0.9131039277024678,0.20327286035447273,0.7967271396455273
16606,0.9131213069169274,0.20327286035447273,0.7967271396455273
16607,0.9131213069169274,0.2032902877259023,0.7967097122740977
16608,0.9131386861313868,0.2032902877259023,0.7967097122740977
16609,0.9131386861313868,0.203342569840191,0.796657430159809
16610,0.9131560653458464,0.203342569840191,0.796657430159809
16611,0.9131560653458464,0.20337742458305014,0.7966225754169498
16612,0.9131734445603059,0.20337742458305014,0.7966225754169498
16613,0.9131734445603059,0.20342970669733884,0.7965702933026612
16614,0.9131908237747653,0.20342970669733884,0.7965702933026612
16615,0.9131908237747653,0.20346456144019798,0.796535438559802
16616,0.9132082029892249,0.20346456144019798,0.796535438559802
16617,0.9132082029892249,0.20348198881162755,0.7965180111883725
16618,0.9132603406326034,0.20348198881162755,0.7965180111883725
16619,0.9132603406326034,0.20358655304020495,0.796413446959795
16620,0.913277719847063,0.20358655304020495,0.796413446959795
16621,0.913277719847063,0.20369111726878236,0.7963088827312177
16622,0.9132950990615224,0.20369111726878236,0.7963088827312177
16623,0.9132950990615224,0.20370854464021193,0.7962914553597881
16624,0.9133124782759819,0.20370854464021193,0.7962914553597881
16625,0.9133124782759819,0.20372597201164147,0.7962740279883586
16626,0.9133298574904414,0.20372597201164147,0.7962740279883586
16627,0.9133298574904414,0.20377825412593017,0.7962217458740698
16628,0.9133472367049009,0.20377825412593017,0.7962217458740698
16629,0.9133472367049009,0.2038131088687893,0.7961868911312107
16630,0.9133819951338199,0.2038131088687893,0.7961868911312107
16631,0.9133819951338199,0.20383053624021888,0.7961694637597811
16632,0.913416753562739,0.20383053624021888,0.7961694637597811
16633,0.913416753562739,0.20386539098307802,0.796134609016922
16634,0.9134341327771984,0.20386539098307802,0.796134609016922
16635,0.9134341327771984,0.20388281835450758,0.7961171816454924
16636,0.913486270420577,0.20388281835450758,0.7961171816454924
16637,0.913486270420577,0.2039351004687963,0.7960648995312037
16638,0.9135036496350365,0.2039351004687963,0.7960648995312037
16639,0.9135036496350365,0.20395252784022586,0.7960474721597741
16640,0.913521028849496,0.20395252784022586,0.7960474721597741
16641,0.913521028849496,0.20396995521165542,0.7960300447883446
16642,0.9135384080639555,0.20396995521165542,0.7960300447883446
16643,0.9135384080639555,0.203987382583085,0.796012617416915
16644,0.913555787278415,0.203987382583085,0.796012617416915
16645,0.913555787278415,0.20400480995451456,0.7959951900454855
16646,0.9135731664928746,0.20400480995451456,0.7959951900454855
16647,0.9135731664928746,0.20407451944023283,0.7959254805597672
16648,0.9136079249217935,0.20407451944023283,0.7959254805597672
16649,0.9136079249217935,0.20410937418309197,0.7958906258169081
16650,0.9136253041362531,0.20410937418309197,0.7958906258169081
16651,0.9136253041362531,0.2042487931545285,0.7957512068454715
16652,0.9136426833507125,0.2042487931545285,0.7957512068454715
16653,0.9136426833507125,0.20430107526881722,0.7956989247311828
16654,0.913694820994091,0.20430107526881722,0.7956989247311828
16655,0.913694820994091,0.2043533573831059,0.7956466426168941
16656,0.9137122002085506,0.2043533573831059,0.7956466426168941
16657,0.9137122002085506,0.20438821212596503,0.795611787874035
16658,0.9137469586374696,0.20438821212596503,0.795611787874035
16659,0.9137469586374696,0.2044056394973946,0.7955943605026055
16660,0.9137817170663886,0.2044056394973946,0.7955943605026055
16661,0.9137817170663886,0.20452763109740157,0.7954723689025984
16662,0.9137990962808481,0.20452763109740157,0.7954723689025984
16663,0.9137990962808481,0.20457991321169028,0.7954200867883097
16664,0.9139033715676051,0.20457991321169028,0.7954200867883097
16665,0.9139033715676051,0.20461476795454941,0.7953852320454506
16666,0.9139381299965241,0.20461476795454941,0.7953852320454506
16667,0.9139381299965241,0.20463219532597898,0.795367804674021
16668,0.9139555092109837,0.20463219532597898,0.795367804674021
16669,0.9139555092109837,0.20470190481169726,0.7952980951883027
16670,0.9140424052832812,0.20470190481169726,0.7952980951883027
16671,0.9140424052832812,0.20475418692598596,0.7952458130740141
16672,0.9140597844977407,0.20475418692598596,0.7952458130740141
16673,0.9140597844977407,0.2047890416688451,0.7952109583311548
16674,0.9140771637122002,0.2047890416688451,0.7952109583311548
16675,0.9140771637122002,0.20482389641170423,0.7951761035882958
16676,0.9140945429266597,0.20482389641170423,0.7951761035882958
16677,0.9140945429266597,0.20485875115456337,0.7951412488454366
16678,0.9141293013555787,0.20485875115456337,0.7951412488454366
16679,0.9141293013555787,0.20487617852599294,0.7951238214740071
16680,0.9141466805700382,0.20487617852599294,0.7951238214740071
16681,0.9141466805700382,0.20491103326885207,0.7950889667311479
16682,0.9141640597844978,0.20491103326885207,0.7950889667311479
16683,0.9141640597844978,0.20492846064028164,0.7950715393597183
16684,0.9141814389989572,0.20492846064028164,0.7950715393597183
16685,0.9141814389989572,0.20496331538314075,0.7950366846168593
16686,0.9141988182134168,0.20496331538314075,0.7950366846168593
16687,0.9141988182134168,0.20498074275457032,0.7950192572454297
16688,0.9142161974278763,0.20498074275457032,0.7950192572454297
16689,0.9142161974278763,0.20499817012599988,0.7950018298740001
16690,0.9142509558567953,0.20499817012599988,0.7950018298740001
16691,0.9142509558567953,0.20501559749742945,0.7949844025025705
16692,0.9142683350712548,0.20501559749742945,0.7949844025025705
16693,0.9142683350712548,0.20503302486885902,0.794966975131141
16694,0.9142857142857143,0.20503302486885902,0.794966975131141
16695,0.9142857142857143,0.20512016172600686,0.7948798382739931
16696,0.9143030935001738,0.20512016172600686,0.7948798382739931
16697,0.9143030935001738,0.205155016468866,0.794844983531134
16698,0.9143204727146333,0.205155016468866,0.794844983531134
16699,0.9143204727146333,0.20518987121172513,0.7948101287882748
16700,0.9143378519290928,0.20518987121172513,0.7948101287882748
16701,0.9143378519290928,0.20524215332601384,0.7947578466739862
16702,0.9143726103580119,0.20524215332601384,0.7947578466739862
16703,0.9143726103580119,0.20527700806887297,0.794722991931127
16704,0.9144073687869309,0.20527700806887297,0.794722991931127
16705,0.9144073687869309,0.20529443544030254,0.7947055645596974
16706,0.9144247480013903,0.20529443544030254,0.7947055645596974
16707,0.9144247480013903,0.20534671755459125,0.7946532824454088
16708,0.9144595064303094,0.20534671755459125,0.7946532824454088
16709,0.9144595064303094,0.20541642704030952,0.7945835729596905
16710,0.9144768856447688,0.20541642704030952,0.7945835729596905
16711,0.9144768856447688,0.2054338544117391,0.7945661455882609
16712,0.9145290232881473,0.2054338544117391,0.7945661455882609
16713,0.9145290232881473,0.20546870915459822,0.7945312908454017
16714,0.9145637817170664,0.20546870915459822,0.7945312908454017
16715,0.9145637817170664,0.2054861365260278,0.7945138634739722
16716,0.9145811609315259,0.2054861365260278,0.7945138634739722
16717,0.9145811609315259,0.20550356389745736,0.7944964361025426
16718,0.914615919360445,0.20550356389745736,0.7944964361025426
16719,0.914615919360445,0.20555584601174604,0.794444153988254
16720,0.9146332985749044,0.20555584601174604,0.794444153988254
16721,0.9146332985749044,0.20559070075460517,0.7944092992453948
16722,0.9146506777893639,0.20559070075460517,0.7944092992453948
16723,0.9146506777893639,0.20566041024032344,0.7943395897596766
16724,0.914720194647202,0.20566041024032344,0.7943395897596766
16725,0.914720194647202,0.20569526498318258,0.7943047350168174
16726,0.9147375738616614,0.20569526498318258,0.7943047350168174
16727,0.9147375738616614,0.20571269235461215,0.7942873076453878
16728,0.914754953076121,0.20571269235461215,0.7942873076453878
16729,0.914754953076121,0.20574754709747128,0.7942524529025288
16730,0.9147723322905804,0.20574754709747128,0.7942524529025288
16731,0.9147723322905804,0.20576497446890085,0.7942350255310991
16732,0.9148070907194995,0.20576497446890085,0.7942350255310991
16733,0.9148070907194995,0.20578240184033042,0.7942175981596695
16734,0.9148766075773375,0.20578240184033042,0.7942175981596695
16735,0.9148766075773375,0.20593924818319653,0.7940607518168035
16736,0.9149113660062566,0.20593924818319653,0.7940607518168035
16737,0.9149113660062566,0.20609609452606265,0.7939039054739374
16738,0.914928745220716,0.20609609452606265,0.7939039054739374
16739,0.914928745220716,0.2061658040117809,0.7938341959882191
16740,0.9149635036496351,0.2061658040117809,0.7938341959882191
16741,0.9149635036496351,0.20623551349749916,0.7937644865025009
16742,0.9149982620785541,0.20623551349749916,0.7937644865025009
16743,0.9149982620785541,0.20628779561178787,0.7937122043882121
16744,0.9150156412930136,0.20628779561178787,0.7937122043882121
16745,0.9150156412930136,0.206322650354647,0.793677349645353
16746,0.9150503997219326,0.206322650354647,0.793677349645353
16747,0.9150503997219326,0.20635750509750614,0.7936424949024938
16748,0.9150677789363921,0.20635750509750614,0.7936424949024938
16749,0.9150677789363921,0.20639235984036527,0.7936076401596347
16750,0.9150851581508516,0.20639235984036527,0.7936076401596347
16751,0.9150851581508516,0.20647949669751312,0.7935205033024869
16752,0.9151025373653111,0.20647949669751312,0.7935205033024869
16753,0.9151025373653111,0.20649692406894268,0.7935030759310573
16754,0.9151199165797705,0.20649692406894268,0.7935030759310573
16755,0.9151199165797705,0.20656663355466096,0.793433366445339
16756,0.9151546750086896,0.20656663355466096,0.793433366445339
16757,0.9151546750086896,0.20658406092609052,0.7934159390739095
16758,0.9151720542231491,0.20658406092609052,0.7934159390739095
16759,0.9151720542231491,0.20661891566894966,0.7933810843310504
16760,0.9152068126520682,0.20661891566894966,0.7933810843310504
16761,0.9152068126520682,0.20667119778323836,0.7933288022167616
16762,0.9152415710809871,0.20667119778323836,0.7933288022167616
16763,0.9152415710809871,0.20668862515466793,0.7933113748453321
16764,0.9152763295099061,0.20668862515466793,0.7933113748453321
16765,0.9152763295099061,0.20674090726895664,0.7932590927310433
16766,0.9152937087243657,0.20674090726895664,0.7932590927310433
16767,0.9152937087243657,0.20677576201181574,0.7932242379881842
16768,0.9153110879388252,0.20677576201181574,0.7932242379881842
16769,0.9153110879388252,0.2067931893832453,0.7932068106167547
16770,0.9153284671532846,0.2067931893832453,0.7932068106167547
16771,0.9153284671532846,0.20682804412610445,0.7931719558738956
16772,0.9153632255822037,0.20682804412610445,0.7931719558738956
16773,0.9153632255822037,0.2069151809832523,0.7930848190167477
16774,0.9154327424400417,0.2069151809832523,0.7930848190167477
16775,0.9154327424400417,0.20698489046897056,0.7930151095310294
16776,0.9154501216545012,0.20698489046897056,0.7930151095310294
16777,0.9154501216545012,0.20705459995468883,0.7929454000453111
16778,0.9154848800834202,0.20705459995468883,0.7929454000453111
16779,0.9154848800834202,0.20708945469754797,0.7929105453024521
16780,0.9155370177267987,0.20708945469754797,0.7929105453024521
16781,0.9155370177267987,0.20721144629755495,0.792788553702445
16782,0.9155717761557177,0.20721144629755495,0.792788553702445
16783,0.9155717761557177,0.20726372841184365,0.7927362715881563
16784,0.9155891553701773,0.20726372841184365,0.7927362715881563
16785,0.9155891553701773,0.20731601052613235,0.7926839894738676
16786,0.9156065345846368,0.20731601052613235,0.7926839894738676
16787,0.9156065345846368,0.20740314738328017,0.7925968526167199
16788,0.9156586722280153,0.20740314738328017,0.7925968526167199
16789,0.9156586722280153,0.20745542949756887,0.7925445705024311
16790,0.9156934306569343,0.20745542949756887,0.7925445705024311
16791,0.9156934306569343,0.207490284240428,0.792509715759572
16792,0.9157108098713939,0.207490284240428,0.792509715759572
16793,0.9157108098713939,0.20761227584043498,0.792387724159565
16794,0.9157281890858533,0.20761227584043498,0.792387724159565
16795,0.9157281890858533,0.20762970321186455,0.7923702967881354
16796,0.9157455683003128,0.20762970321186455,0.7923702967881354
16797,0.9157455683003128,0.20764713058329412,0.7923528694167059
16798,0.9157629475147724,0.20764713058329412,0.7923528694167059
16799,0.9157629475147724,0.2076645579547237,0.7923354420452763
16800,0.9157803267292318,0.2076645579547237,0.7923354420452763
16801,0.9157803267292318,0.2078214042975898,0.7921785957024102
16802,0.9158150851581508,0.2078214042975898,0.7921785957024102
16803,0.9158150851581508,0.2078736864118785,0.7921263135881215
16804,0.9158324643726103,0.2078736864118785,0.7921263135881215
16805,0.9158324643726103,0.20789111378330807,0.792108886216692
16806,0.9158846020159889,0.20789111378330807,0.792108886216692
16807,0.9158846020159889,0.20790854115473764,0.7920914588452623
16808,0.9159019812304484,0.20790854115473764,0.7920914588452623
16809,0.9159019812304484,0.20794339589759678,0.7920566041024032
16810,0.9159367396593674,0.20794339589759678,0.7920566041024032
16811,0.9159367396593674,0.20796082326902635,0.7920391767309737
16812,0.9159541188738269,0.20796082326902635,0.7920391767309737
16813,0.9159541188738269,0.20799567801188545,0.7920043219881145
16814,0.9159888773027459,0.20799567801188545,0.7920043219881145
16815,0.9159888773027459,0.20804796012617416,0.7919520398738258
16816,0.9160062565172055,0.20804796012617416,0.7919520398738258
16817,0.9160062565172055,0.20816995172618113,0.7918300482738189
16818,0.9160236357316649,0.20816995172618113,0.7918300482738189
16819,0.9160236357316649,0.2081873790976107,0.7918126209023892
16820,0.9160410149461244,0.2081873790976107,0.7918126209023892
16821,0.9160410149461244,0.2082396612118994,0.7917603387881006
16822,0.916058394160584,0.2082396612118994,0.7917603387881006
16823,0.916058394160584,0.20832679806904725,0.7916732019309527
16824,0.91619742787626,0.20832679806904725,0.7916732019309527
16825,0.91619742787626,0.20834422544047682,0.7916557745595232
16826,0.9162148070907195,0.20834422544047682,0.7916557745595232
16827,0.9162148070907195,0.20836165281190638,0.7916383471880937
16828,0.916232186305179,0.20836165281190638,0.7916383471880937
16829,0.916232186305179,0.20839650755476552,0.7916034924452344
16830,0.9162495655196385,0.20839650755476552,0.7916034924452344
16831,0.9162495655196385,0.2084139349261951,0.7915860650738049
16832,0.9162843239485575,0.2084139349261951,0.7915860650738049
16833,0.9162843239485575,0.20844878966905422,0.7915512103309458
16834,0.9163017031630171,0.20844878966905422,0.7915512103309458
16835,0.9163017031630171,0.20848364441191336,0.7915163555880866
16836,0.9163190823774765,0.20848364441191336,0.7915163555880866
16837,0.9163190823774765,0.20850107178334293,0.7914989282166571
16838,0.9163538408063956,0.20850107178334293,0.7914989282166571
16839,0.9163538408063956,0.20853592652620206,0.7914640734737979
16840,0.9163885992353146,0.20853592652620206,0.7914640734737979
16841,0.9163885992353146,0.20858820864049074,0.7914117913595092
16842,0.9164059784497741,0.20858820864049074,0.7914117913595092
16843,0.9164059784497741,0.2086056360119203,0.7913943639880797
16844,0.9164754953076121,0.2086056360119203,0.7913943639880797
16845,0.9164754953076121,0.20864049075477945,0.7913595092452206
16846,0.9164928745220716,0.20864049075477945,0.7913595092452206
16847,0.9164928745220716,0.20867534549763858,0.7913246545023614
16848,0.9165276329509906,0.20867534549763858,0.7913246545023614
16849,0.9165276329509906,0.20869277286906815,0.7913072271309318
16850,0.9165797705943691,0.20869277286906815,0.7913072271309318
16851,0.9165797705943691,0.20872762761192729,0.7912723723880727
16852,0.9165971498088287,0.20872762761192729,0.7912723723880727
16853,0.9165971498088287,0.20879733709764556,0.7912026629023544
16854,0.9166145290232881,0.20879733709764556,0.7912026629023544
16855,0.9166145290232881,0.20881476446907513,0.7911852355309249
16856,0.9166319082377477,0.20881476446907513,0.7911852355309249
16857,0.9166319082377477,0.2088321918405047,0.7911678081594953
16858,0.9166492874522072,0.2088321918405047,0.7911678081594953
16859,0.9166492874522072,0.20884961921193426,0.7911503807880658
16860,0.9166840458811262,0.20884961921193426,0.7911503807880658
16861,0.9166840458811262,0.20890190132622297,0.791098098673777
16862,0.9167014250955857,0.20890190132622297,0.791098098673777
16863,0.9167014250955857,0.20891932869765253,0.7910806713023475
16864,0.9167535627389642,0.20891932869765253,0.7910806713023475
16865,0.9167535627389642,0.20895418344051167,0.7910458165594884
16866,0.9167709419534237,0.20895418344051167,0.7910458165594884
16867,0.9167709419534237,0.2090413202976595,0.7909586797023405
16868,0.9167883211678832,0.2090413202976595,0.7909586797023405
16869,0.9167883211678832,0.20905874766908908,0.790941252330911
16870,0.9168057003823428,0.20905874766908908,0.790941252330911
16871,0.9168057003823428,0.20909360241194822,0.7909063975880518
16872,0.9168230795968022,0.20909360241194822,0.7909063975880518
16873,0.9168230795968022,0.20912845715480735,0.7908715428451927
16874,0.9168404588112617,0.20912845715480735,0.7908715428451927
16875,0.9168404588112617,0.2091633118976665,0.7908366881023335
16876,0.9168578380257212,0.2091633118976665,0.7908366881023335
16877,0.9168578380257212,0.2091981666405256,0.7908018333594744
16878,0.9168752172401807,0.2091981666405256,0.7908018333594744
16879,0.9168752172401807,0.20921559401195516,0.7907844059880449
16880,0.9169273548835593,0.20921559401195516,0.7907844059880449
16881,0.9169273548835593,0.20923302138338473,0.7907669786166153
16882,0.9169794925269378,0.20923302138338473,0.7907669786166153
16883,0.9169794925269378,0.209302730869103,0.790697269130897
16884,0.9170142509558568,0.209302730869103,0.790697269130897
16885,0.9170142509558568,0.20932015824053257,0.7906798417594674
16886,0.9170837678136948,0.20932015824053257,0.7906798417594674
16887,0.9170837678136948,0.20937244035482128,0.7906275596451787
16888,0.9171185262426138,0.20937244035482128,0.7906275596451787
16889,0.9171185262426138,0.20938986772625084,0.7906101322737491
16890,0.9171359054570734,0.20938986772625084,0.7906101322737491
16891,0.9171359054570734,0.2094072950976804,0.7905927049023196
16892,0.9171532846715329,0.2094072950976804,0.7905927049023196
16893,0.9171532846715329,0.20944214984053955,0.7905578501594605
16894,0.9171706638859923,0.20944214984053955,0.7905578501594605
16895,0.9171706638859923,0.20945957721196912,0.7905404227880308
16896,0.9171880431004519,0.20945957721196912,0.7905404227880308
16897,0.9171880431004519,0.20949443195482825,0.7905055680451718
16898,0.9172054223149113,0.20949443195482825,0.7905055680451718
16899,0.9172054223149113,0.2095815688119761,0.7904184311880239
16900,0.9172401807438304,0.2095815688119761,0.7904184311880239
16901,0.9172401807438304,0.2096338509262648,0.7903661490737353
16902,0.9172575599582898,0.2096338509262648,0.7903661490737353
16903,0.9172575599582898,0.20965127829769437,0.7903487217023056
16904,0.9172749391727494,0.20965127829769437,0.7903487217023056
16905,0.9172749391727494,0.20966870566912393,0.790331294330876
16906,0.9173096976016684,0.20966870566912393,0.790331294330876
16907,0.9173096976016684,0.20975584252627177,0.7902441574737282
16908,0.9173444560305875,0.20975584252627177,0.7902441574737282
16909,0.9173444560305875,0.2097906972691309,0.7902093027308691
16910,0.9173618352450469,0.2097906972691309,0.7902093027308691
16911,0.9173618352450469,0.20986040675484915,0.7901395932451508
16912,0.9173792144595064,0.20986040675484915,0.7901395932451508
16913,0.9173792144595064,0.20987783412627872,0.7901221658737213
16914,0.917396593673966,0.20987783412627872,0.7901221658737213
16915,0.917396593673966,0.2098952614977083,0.7901047385022917
16916,0.9174139728884254,0.2098952614977083,0.7901047385022917
16917,0.9174139728884254,0.20991268886913786,0.7900873111308622
16918,0.917431352102885,0.20991268886913786,0.7900873111308622
16919,0.917431352102885,0.21008696258343354,0.7899130374165665
16920,0.9174661105318039,0.21008696258343354,0.7899130374165665
16921,0.9174661105318039,0.21013924469772224,0.7898607553022777
16922,0.9174834897462635,0.21013924469772224,0.7898607553022777
16923,0.9174834897462635,0.2101566720691518,0.7898433279308482
16924,0.917500868960723,0.2101566720691518,0.7898433279308482
16925,0.917500868960723,0.21020895418344052,0.7897910458165595
16926,0.91760514424748,0.21020895418344052,0.7897910458165595
16927,0.91760514424748,0.21026123629772922,0.7897387637022708
16928,0.9176225234619395,0.21026123629772922,0.7897387637022708
16929,0.9176225234619395,0.21029609104058836,0.7897039089594117
16930,0.917639902676399,0.21029609104058836,0.7897039089594117
16931,0.917639902676399,0.21040065526916576,0.7895993447308343
16932,0.9176572818908585,0.21040065526916576,0.7895993447308343
16933,0.9176572818908585,0.21045293738345444,0.7895470626165455
16934,0.917674661105318,0.21045293738345444,0.7895470626165455
16935,0.917674661105318,0.21048779212631358,0.7895122078736865
16936,0.9176920403197776,0.21048779212631358,0.7895122078736865
16937,0.9176920403197776,0.21050521949774315,0.7894947805022569
16938,0.917709419534237,0.21050521949774315,0.7894947805022569
16939,0.917709419534237,0.2105226468691727,0.7894773531308272
16940,0.9177267987486966,0.2105226468691727,0.7894773531308272
16941,0.9177267987486966,0.21054007424060228,0.7894599257593977
16942,0.9177441779631561,0.21054007424060228,0.7894599257593977
16943,0.9177441779631561,0.21057492898346142,0.7894250710165386
16944,0.9177615571776155,0.21057492898346142,0.7894250710165386
16945,0.9177615571776155,0.21067949321203883,0.7893205067879612
16946,0.9177789363920751,0.21067949321203883,0.7893205067879612
16947,0.9177789363920751,0.21078405744061623,0.7892159425593838
16948,0.9177963156065346,0.21078405744061623,0.7892159425593838
16949,0.9177963156065346,0.2108014848120458,0.7891985151879541
16950,0.9178136948209941,0.2108014848120458,0.7891985151879541
16951,0.9178136948209941,0.21083633955490494,0.7891636604450951
16952,0.9178310740354536,0.21083633955490494,0.7891636604450951
16953,0.9178310740354536,0.21094090378348235,0.7890590962165176
16954,0.9178658324643726,0.21094090378348235,0.7890590962165176
16955,0.9178658324643726,0.21102804064063016,0.7889719593593698
16956,0.9178832116788321,0.21102804064063016,0.7889719593593698
16957,0.9178832116788321,0.21104546801205973,0.7889545319879403
16958,0.9179005908932916,0.21104546801205973,0.7889545319879403
16959,0.9179005908932916,0.21108032275491886,0.7889196772450812
16960,0.9179179701077511,0.21108032275491886,0.7889196772450812
16961,0.9179179701077511,0.211115177497778,0.788884822502222
16962,0.9179353493222107,0.211115177497778,0.788884822502222
16963,0.9179353493222107,0.2112197417263554,0.7887802582736446
16964,0.9179527285366701,0.2112197417263554,0.7887802582736446
16965,0.9179527285366701,0.21125459646921455,0.7887454035307855
16966,0.9179874869655892,0.21125459646921455,0.7887454035307855
16967,0.9179874869655892,0.21141144281208066,0.7885885571879193
16968,0.9180222453945082,0.21141144281208066,0.7885885571879193
16969,0.9180222453945082,0.21148115229779893,0.788518847702201
16970,0.9180396246089677,0.21148115229779893,0.788518847702201
16971,0.9180396246089677,0.2114985796692285,0.7885014203307715
16972,0.9180570038234271,0.2114985796692285,0.7885014203307715
16973,0.9180570038234271,0.2115508617835172,0.7884491382164828
16974,0.9180743830378867,0.2115508617835172,0.7884491382164828
16975,0.9180743830378867,0.2116031438978059,0.7883968561021941
16976,0.9180917622523462,0.2116031438978059,0.7883968561021941
16977,0.9180917622523462,0.21163799864066501,0.788362001359335
16978,0.9181091414668057,0.21163799864066501,0.788362001359335
16979,0.9181091414668057,0.21165542601209458,0.7883445739879054
16980,0.9181438998957248,0.21165542601209458,0.7883445739879054
16981,0.9181438998957248,0.21172513549781286,0.7882748645021871
16982,0.9181612791101842,0.21172513549781286,0.7882748645021871
16983,0.9181960375391033,0.21172513549781286,0.7882748645021871
16984,0.9181960375391033,0.21174256286924242,0.7882574371307576
16985,0.9182134167535627,0.21174256286924242,0.7882574371307576
16986,0.9182134167535627,0.2118122723549607,0.7881877276450393
16987,0.9182307959680223,0.2118122723549607,0.7881877276450393
16988,0.9182307959680223,0.2119691186978268,0.7880308813021732
16989,0.9182481751824818,0.2119691186978268,0.7880308813021732
16990,0.9182481751824818,0.21198654606925638,0.7880134539307436
16991,0.9182829336114008,0.21198654606925638,0.7880134539307436
16992,0.9182829336114008,0.21200397344068594,0.787996026559314
16993,0.9183003128258602,0.21200397344068594,0.787996026559314
16994,0.9183003128258602,0.2120214008121155,0.7879785991878845
16995,0.9183176920403198,0.2120214008121155,0.7879785991878845
16996,0.9183176920403198,0.21203882818354508,0.787961171816455
16997,0.9183698296836983,0.21203882818354508,0.787961171816455
16998,0.9183698296836983,0.21210853766926335,0.7878914623307367
16999,0.9183872088981578,0.21210853766926335,0.7878914623307367
17000,0.9183872088981578,0.21216081978355206,0.7878391802164479
17001,0.9184219673270768,0.21216081978355206,0.7878391802164479
17002,0.9184219673270768,0.21217824715498163,0.7878217528450184
17003,0.9184393465415364,0.21217824715498163,0.7878217528450184
17004,0.9184393465415364,0.21223052926927033,0.7877694707307297
17005,0.9184914841849149,0.21223052926927033,0.7877694707307297
17006,0.9184914841849149,0.212282811383559,0.787717188616441
17007,0.9185436218282934,0.212282811383559,0.787717188616441
17008,0.9185436218282934,0.21231766612641814,0.7876823338735819
17009,0.9185957594716719,0.21231766612641814,0.7876823338735819
17010,0.9185957594716719,0.2123350934978477,0.7876649065021523
17011,0.9186305179005909,0.2123350934978477,0.7876649065021523
17012,0.9186305179005909,0.21235252086927728,0.7876474791307227
17013,0.9186478971150503,0.21235252086927728,0.7876474791307227
17014,0.9186478971150503,0.21240480298356598,0.787595197016434
17015,0.9186652763295099,0.21240480298356598,0.787595197016434
17016,0.9186652763295099,0.21249193984071382,0.7875080601592862
17017,0.9186826555439694,0.21249193984071382,0.7875080601592862
17018,0.9186826555439694,0.21254422195500253,0.7874557780449974
17019,0.9187000347584289,0.21254422195500253,0.7874557780449974
17020,0.9187000347584289,0.2125616493264321,0.7874383506735679
17021,0.918734793187348,0.2125616493264321,0.7874383506735679
17022,0.918734793187348,0.21264878618357994,0.78735121381642
17023,0.9187521724018074,0.21264878618357994,0.78735121381642
17024,0.9187521724018074,0.21268364092643907,0.7873163590735609
17025,0.9187695516162669,0.21268364092643907,0.7873163590735609
17026,0.9187695516162669,0.21285791464073472,0.7871420853592652
17027,0.9187869308307265,0.21285791464073472,0.7871420853592652
17028,0.9187869308307265,0.2128753420121643,0.7871246579878357
17029,0.9188043100451859,0.2128753420121643,0.7871246579878357
17030,0.9188043100451859,0.21291019675502343,0.7870898032449766
17031,0.918839068474105,0.21291019675502343,0.7870898032449766
17032,0.918839068474105,0.212927624126453,0.787072375873547
17033,0.9188564476885644,0.212927624126453,0.787072375873547
17034,0.9188564476885644,0.2129799062407417,0.7870200937592583
17035,0.918873826903024,0.2129799062407417,0.7870200937592583
17036,0.918873826903024,0.2130321883550304,0.7869678116449697
17037,0.9188912061174835,0.2130321883550304,0.7869678116449697
17038,0.9188912061174835,0.21310189784074868,0.7868981021592514
17039,0.9189607229753215,0.21310189784074868,0.7868981021592514
17040,0.9189607229753215,0.21315417995503738,0.7868458200449626
17041,0.9189954814042405,0.21315417995503738,0.7868458200449626
17042,0.9189954814042405,0.21318903469789652,0.7868109653021035
17043,0.9190649982620785,0.21318903469789652,0.7868109653021035
17044,0.9190649982620785,0.2132587441836148,0.7867412558163852
17045,0.9190823774765381,0.2132587441836148,0.7867412558163852
17046,0.9190823774765381,0.21327617155504436,0.7867238284449556
17047,0.919151894334376,0.21327617155504436,0.7867238284449556
17048,0.919151894334376,0.21329359892647393,0.7867064010735261
17049,0.9191866527632951,0.21329359892647393,0.7867064010735261
17050,0.9191866527632951,0.21334588104076263,0.7866541189592373
17051,0.9192040319777546,0.21334588104076263,0.7866541189592373
17052,0.9192040319777546,0.21338073578362177,0.7866192642163783
17053,0.9192214111922141,0.21338073578362177,0.7866192642163783
17054,0.9192214111922141,0.21345044526934004,0.78654955473066
17055,0.9192387904066737,0.21345044526934004,0.78654955473066
17056,0.9192387904066737,0.21346787264076958,0.7865321273592304
17057,0.9192561696211331,0.21346787264076958,0.7865321273592304
17058,0.9192561696211331,0.21348530001219915,0.7865146999878009
17059,0.9192735488355926,0.21348530001219915,0.7865146999878009
17060,0.9192735488355926,0.21353758212648785,0.7864624178735121
17061,0.9193083072645116,0.21353758212648785,0.7864624178735121
17062,0.9193083072645116,0.21360729161220612,0.7863927083877938
17063,0.9193256864789712,0.21360729161220612,0.7863927083877938
17064,0.9193256864789712,0.2137292832122131,0.7862707167877869
17065,0.9193430656934306,0.2137292832122131,0.7862707167877869
17066,0.9193430656934306,0.21376413795507224,0.7862358620449278
17067,0.9193604449078902,0.21376413795507224,0.7862358620449278
17068,0.9193604449078902,0.2138338474407905,0.7861661525592095
17069,0.9193778241223497,0.2138338474407905,0.7861661525592095
17070,0.9193778241223497,0.21393841166936792,0.7860615883306321
17071,0.9193952033368091,0.21393841166936792,0.7860615883306321
17072,0.9193952033368091,0.21395583904079749,0.7860441609592025
17073,0.9194299617657282,0.21395583904079749,0.7860441609592025
17074,0.9194299617657282,0.21397326641222705,0.786026733587773
17075,0.9194473409801877,0.21397326641222705,0.786026733587773
17076,0.9194473409801877,0.21402554852651576,0.7859744514734842
17077,0.9194820994091067,0.21402554852651576,0.7859744514734842
17078,0.9194820994091067,0.21407783064080443,0.7859221693591956
17079,0.9195516162669447,0.21407783064080443,0.7859221693591956
17080,0.9195516162669447,0.2141475401265227,0.7858524598734773
17081,0.9195689954814042,0.2141475401265227,0.7858524598734773
17082,0.9195689954814042,0.21423467698367055,0.7857653230163295
17083,0.9196037539103232,0.21423467698367055,0.7857653230163295
17084,0.9196037539103232,0.2143218138408184,0.7856781861591816
17085,0.9196385123392423,0.2143218138408184,0.7856781861591816
17086,0.9196385123392423,0.21435666858367752,0.7856433314163225
17087,0.9196906499826207,0.21435666858367752,0.7856433314163225
17088,0.9196906499826207,0.2144263780693958,0.7855736219306042
17089,0.9197080291970803,0.2144263780693958,0.7855736219306042
17090,0.9197080291970803,0.21444380544082536,0.7855561945591747
17091,0.9197254084115398,0.21444380544082536,0.7855561945591747
17092,0.9197254084115398,0.21446123281225493,0.7855387671877451
17093,0.9197427876259993,0.21446123281225493,0.7855387671877451
17094,0.9197427876259993,0.2144786601836845,0.7855213398163154
17095,0.9197601668404588,0.2144786601836845,0.7855213398163154
17096,0.9197601668404588,0.21451351492654364,0.7854864850734564
17097,0.9197775460549183,0.21451351492654364,0.7854864850734564
17098,0.9197775460549183,0.21456579704083234,0.7854342029591677
17099,0.9197949252693778,0.21456579704083234,0.7854342029591677
17100,0.9197949252693778,0.21461807915512104,0.7853819208448789
17101,0.9198296836982969,0.21461807915512104,0.7853819208448789
17102,0.9198296836982969,0.21465293389798018,0.7853470661020199
17103,0.9198470629127563,0.21465293389798018,0.7853470661020199
17104,0.9198470629127563,0.21467036126940975,0.7853296387305903
17105,0.9198992005561348,0.21467036126940975,0.7853296387305903
17106,0.9198992005561348,0.21470521601226886,0.7852947839877311
17107,0.9199165797705944,0.21470521601226886,0.7852947839877311
17108,0.9199165797705944,0.21472264338369842,0.7852773566163016
17109,0.9199687174139729,0.21472264338369842,0.7852773566163016
17110,0.9199687174139729,0.2147923528694167,0.7852076471305833
17111,0.9199860966284324,0.2147923528694167,0.7852076471305833
17112,0.9199860966284324,0.21482720761227583,0.7851727923877242
17113,0.9200382342718109,0.21482720761227583,0.7851727923877242
17114,0.9200382342718109,0.2149491992122828,0.7850508007877172
17115,0.92007299270073,0.2149491992122828,0.7850508007877172
17116,0.92007299270073,0.21496662658371238,0.7850333734162876
17117,0.9200903719151894,0.21496662658371238,0.7850333734162876
17118,0.9200903719151894,0.21498405395514195,0.785015946044858
17119,0.9201077511296489,0.21498405395514195,0.785015946044858
17120,0.9201077511296489,0.21500148132657151,0.7849985186734285
17121,0.920177267987487,0.21500148132657151,0.7849985186734285
17122,0.920177267987487,0.21503633606943065,0.7849636639305694
17123,0.9201946472019464,0.21503633606943065,0.7849636639305694
17124,0.9201946472019464,0.21508861818371935,0.7849113818162806
17125,0.9202294056308655,0.21508861818371935,0.7849113818162806
17126,0.9202294056308655,0.21514090029800806,0.784859099701992
17127,0.9202641640597845,0.21514090029800806,0.784859099701992
17128,0.9202641640597845,0.21515832766943763,0.7848416723305623
17129,0.920316301703163,0.21515832766943763,0.7848416723305623
17130,0.920316301703163,0.2151757550408672,0.7848242449591328
17131,0.9203336809176226,0.2151757550408672,0.7848242449591328
17132,0.9203336809176226,0.21519318241229676,0.7848068175877032
17133,0.920351060132082,0.21519318241229676,0.7848068175877032
17134,0.920351060132082,0.2152280371551559,0.7847719628448441
17135,0.920385818561001,0.2152280371551559,0.7847719628448441
17136,0.920385818561001,0.21524546452658547,0.7847545354734146
17137,0.9204031977754605,0.21524546452658547,0.7847545354734146
17138,0.9204031977754605,0.21529774664087414,0.7847022533591259
17139,0.9204205769899201,0.21529774664087414,0.7847022533591259
17140,0.9204205769899201,0.21533260138373328,0.7846673986162667
17141,0.9204727146332986,0.21533260138373328,0.7846673986162667
17142,0.9204727146332986,0.21541973824088112,0.7845802617591189
17143,0.920490093847758,0.21541973824088112,0.7845802617591189
17144,0.920490093847758,0.21550687509802896,0.7844931249019711
17145,0.9205074730622176,0.21550687509802896,0.7844931249019711
17146,0.9205074730622176,0.21561143932660637,0.7843885606733936
17147,0.9205248522766771,0.21561143932660637,0.7843885606733936
17148,0.9205248522766771,0.2156462940694655,0.7843537059305346
17149,0.9205769899200557,0.2156462940694655,0.7843537059305346
17150,0.9205769899200557,0.21568114881232464,0.7843188511876753
17151,0.9206291275634342,0.21568114881232464,0.7843188511876753
17152,0.9206291275634342,0.21571600355518378,0.7842839964448163
17153,0.9206465067778936,0.21571600355518378,0.7842839964448163
17154,0.9206465067778936,0.21576828566947248,0.7842317143305275
17155,0.9206812652068127,0.21576828566947248,0.7842317143305275
17156,0.9206812652068127,0.21583799515519075,0.7841620048448092
17157,0.9206986444212721,0.21583799515519075,0.7841620048448092
17158,0.9206986444212721,0.2158728498980499,0.7841271501019501
17159,0.9207160236357317,0.2158728498980499,0.7841271501019501
17160,0.9207160236357317,0.21597741412662727,0.7840225858733727
17161,0.9207681612791102,0.21597741412662727,0.7840225858733727
17162,0.9207681612791102,0.2160645509837751,0.7839354490162249
17163,0.9207855404935696,0.2160645509837751,0.7839354490162249
17164,0.9207855404935696,0.21609940572663425,0.7839005942733658
17165,0.9208029197080292,0.21609940572663425,0.7839005942733658
17166,0.9208029197080292,0.21611683309806382,0.7838831669019362
17167,0.9208202989224887,0.21611683309806382,0.7838831669019362
17168,0.9208202989224887,0.21613426046949338,0.7838657395305066
17169,0.9208376781369482,0.21613426046949338,0.7838657395305066
17170,0.9208376781369482,0.21615168784092295,0.783848312159077
17171,0.9209071949947862,0.21615168784092295,0.783848312159077
17172,0.9209071949947862,0.2161865425837821,0.7838134574162179
17173,0.9209245742092458,0.2161865425837821,0.7838134574162179
17174,0.9209245742092458,0.21627367944092993,0.7837263205590701
17175,0.9209419534237052,0.21627367944092993,0.7837263205590701
17176,0.9209419534237052,0.21632596155521863,0.7836740384447813
17177,0.9209593326381648,0.21632596155521863,0.7836740384447813
17178,0.9209593326381648,0.2163433889266482,0.7836566110733518
17179,0.9209767118526243,0.2163433889266482,0.7836566110733518
17180,0.9209767118526243,0.21636081629807777,0.7836391837019222
17181,0.9209940910670837,0.21636081629807777,0.7836391837019222
17182,0.9209940910670837,0.2163956710409369,0.7836043289590631
17183,0.9210114702815433,0.2163956710409369,0.7836043289590631
17184,0.9210114702815433,0.21648280789808474,0.7835171921019153
17185,0.9210288494960028,0.21648280789808474,0.7835171921019153
17186,0.9210288494960028,0.21653509001237342,0.7834649099876265
17187,0.9210462287104623,0.21653509001237342,0.7834649099876265
17188,0.9210462287104623,0.2166570816123804,0.7833429183876196
17189,0.9210809871393812,0.2166570816123804,0.7833429183876196
17190,0.9210809871393812,0.21674421846952824,0.7832557815304717
17191,0.9211157455683003,0.21674421846952824,0.7832557815304717
17192,0.9211157455683003,0.21677907321238737,0.7832209267876127
17193,0.9211678832116789,0.21677907321238737,0.7832209267876127
17194,0.9211678832116789,0.21679650058381694,0.7832034994161831
17195,0.9211852624261383,0.21679650058381694,0.7832034994161831
17196,0.9211852624261383,0.21691849218382392,0.7830815078161761
17197,0.9212026416405978,0.21691849218382392,0.7830815078161761
17198,0.9212026416405978,0.21695334692668305,0.7830466530733169
17199,0.9212200208550574,0.21695334692668305,0.7830466530733169
17200,0.9212200208550574,0.21697077429811262,0.7830292257018874
17201,0.9212374000695168,0.21697077429811262,0.7830292257018874
17202,0.9212374000695168,0.2169882016695422,0.7830117983304579
17203,0.9212547792839764,0.2169882016695422,0.7830117983304579
17204,0.9212547792839764,0.2170404837838309,0.7829595162161691
17205,0.9212895377128953,0.2170404837838309,0.7829595162161691
17206,0.9212895377128953,0.21705791115526046,0.7829420888447396
17207,0.9213416753562739,0.21705791115526046,0.7829420888447396
17208,0.9213416753562739,0.21707533852669003,0.78292466147331
17209,0.9213590545707334,0.21707533852669003,0.78292466147331
17210,0.9213590545707334,0.21711019326954917,0.7828898067304508
17211,0.9214285714285714,0.21711019326954917,0.7828898067304508
17212,0.9214285714285714,0.21714504801240828,0.7828549519875917
17213,0.9214459506430309,0.21714504801240828,0.7828549519875917
17214,0.9214459506430309,0.21716247538383784,0.7828375246161622
17215,0.921515467500869,0.21716247538383784,0.7828375246161622
17216,0.921515467500869,0.21724961224098568,0.7827503877590143
17217,0.9215328467153284,0.21724961224098568,0.7827503877590143
17218,0.9215328467153284,0.21728446698384482,0.7827155330161552
17219,0.921550225929788,0.21728446698384482,0.7827155330161552
17220,0.921550225929788,0.2173018943552744,0.7826981056447256
17221,0.9215676051442475,0.2173018943552744,0.7826981056447256
17222,0.9215676051442475,0.21731932172670396,0.782680678273296
17223,0.9216023635731665,0.21731932172670396,0.782680678273296
17224,0.9216023635731665,0.21742388595528137,0.7825761140447186
17225,0.921619742787626,0.21742388595528137,0.7825761140447186
17226,0.921619742787626,0.21749359544099964,0.7825064045590003
17227,0.9216371220020855,0.21749359544099964,0.7825064045590003
17228,0.9216371220020855,0.21752845018385877,0.7824715498161412
17229,0.921654501216545,0.21752845018385877,0.7824715498161412
17230,0.921654501216545,0.2175633049267179,0.7824366950732821
17231,0.921689259645464,0.2175633049267179,0.7824366950732821
17232,0.921689259645464,0.21761558704100661,0.7823844129589934
17233,0.9217066388599235,0.21761558704100661,0.7823844129589934
17234,0.9217066388599235,0.21763301441243618,0.7823669855875638
17235,0.9217240180743831,0.21763301441243618,0.7823669855875638
17236,0.9217240180743831,0.21770272389815445,0.7822972761018455
17237,0.9217413972888425,0.21770272389815445,0.7822972761018455
17238,0.9217413972888425,0.21772015126958402,0.782279848730416
17239,0.9217587765033021,0.21772015126958402,0.782279848730416
17240,0.9217587765033021,0.2177724333838727,0.7822275666161274
17241,0.921793534932221,0.2177724333838727,0.7822275666161274
17242,0.921793534932221,0.21785957024102054,0.7821404297589795
17243,0.9218109141466806,0.21785957024102054,0.7821404297589795
17244,0.9218109141466806,0.21796413446959795,0.782035865530402
17245,0.92182829336114,0.21796413446959795,0.782035865530402
17246,0.92182829336114,0.21799898921245708,0.7820010107875429
17247,0.9218456725755996,0.21799898921245708,0.7820010107875429
17248,0.9218456725755996,0.2180512713267458,0.7819487286732543
17249,0.9218630517900591,0.2180512713267458,0.7819487286732543
17250,0.9218630517900591,0.21806869869817536,0.7819313013018246
17251,0.9218978102189781,0.21806869869817536,0.7819313013018246
17252,0.9218978102189781,0.2181035534410345,0.7818964465589655
17253,0.9219151894334376,0.2181035534410345,0.7818964465589655
17254,0.9219151894334376,0.2181558355553232,0.7818441644446767
17255,0.9219325686478971,0.2181558355553232,0.7818441644446767
17256,0.9219325686478971,0.21819069029818233,0.7818093097018177
17257,0.9219499478623566,0.21819069029818233,0.7818093097018177
17258,0.9219499478623566,0.2182603997839006,0.7817396002160995
17259,0.9219847062912756,0.2182603997839006,0.7817396002160995
17260,0.9219847062912756,0.21827782715533017,0.7817221728446698
17261,0.9220020855057351,0.21827782715533017,0.7817221728446698
17262,0.9220020855057351,0.2183126818981893,0.7816873181018107
17263,0.9220368439346541,0.2183126818981893,0.7816873181018107
17264,0.9220368439346541,0.21836496401247799,0.781635035987522
17265,0.9220889815780327,0.21836496401247799,0.781635035987522
17266,0.9220889815780327,0.21838239138390755,0.7816176086160924
17267,0.9221411192214112,0.21838239138390755,0.7816176086160924
17268,0.9221411192214112,0.21843467349819626,0.7815653265018038
17269,0.9221758776503302,0.21843467349819626,0.7815653265018038
17270,0.9221758776503302,0.21845210086962583,0.7815478991303741
17271,0.9222106360792492,0.21845210086962583,0.7815478991303741
17272,0.9222106360792492,0.21850438298391453,0.7814956170160855
17273,0.9222280152937087,0.21850438298391453,0.7814956170160855
17274,0.9222280152937087,0.2185740924696328,0.7814259075303672
17275,0.9222627737226278,0.2185740924696328,0.7814259075303672
17276,0.9222627737226278,0.21869608406963978,0.7813039159303602
17277,0.9222975321515468,0.21869608406963978,0.7813039159303602
17278,0.9222975321515468,0.21873093881249892,0.7812690611875011
17279,0.9223149113660063,0.21873093881249892,0.7812690611875011
17280,0.9223149113660063,0.21878322092678762,0.7812167790732124
17281,0.9223496697949253,0.21878322092678762,0.7812167790732124
17282,0.9223496697949253,0.2188529304125059,0.7811470695874941
17283,0.9223670490093848,0.2188529304125059,0.7811470695874941
17284,0.9223670490093848,0.21887035778393546,0.7811296422160645
17285,0.9223844282238443,0.21887035778393546,0.7811296422160645
17286,0.9223844282238443,0.21888778515536503,0.781112214844635
17287,0.9224018074383038,0.21888778515536503,0.781112214844635
17288,0.9224018074383038,0.21894006726965373,0.7810599327303462
17289,0.9224191866527633,0.21894006726965373,0.7810599327303462
17290,0.9224191866527633,0.21895749464108327,0.7810425053589167
17291,0.9224365658672228,0.21895749464108327,0.7810425053589167
17292,0.9224365658672228,0.21897492201251284,0.7810250779874872
17293,0.9224713242961418,0.21897492201251284,0.7810250779874872
17294,0.9224713242961418,0.2189923493839424,0.7810076506160576
17295,0.9224887035106013,0.2189923493839424,0.7810076506160576
17296,0.9224887035106013,0.2190446314982311,0.7809553685017689
17297,0.9225060827250608,0.2190446314982311,0.7809553685017689
17298,0.9225060827250608,0.21906205886966068,0.7809379411303393
17299,0.9225234619395203,0.21906205886966068,0.7809379411303393
17300,0.9225234619395203,0.21907948624109025,0.7809205137589097
17301,0.9225408411539798,0.21907948624109025,0.7809205137589097
17302,0.9225408411539798,0.21909691361251982,0.7809030863874802
17303,0.9225582203684394,0.21909691361251982,0.7809030863874802
17304,0.9225582203684394,0.21911434098394938,0.7808856590160507
17305,0.9225755995828988,0.21911434098394938,0.7808856590160507
17306,0.9225755995828988,0.21914919572680852,0.7808508042731914
17307,0.9226451164407369,0.21914919572680852,0.7808508042731914
17308,0.9226451164407369,0.2192189052125268,0.7807810947874732
17309,0.9226624956551964,0.2192189052125268,0.7807810947874732
17310,0.9226624956551964,0.21923633258395636,0.7807636674160436
17311,0.9226798748696559,0.21923633258395636,0.7807636674160436
17312,0.9226798748696559,0.2192711873268155,0.7807288126731845
17313,0.9226972540841154,0.2192711873268155,0.7807288126731845
17314,0.9226972540841154,0.21941060629825204,0.780589393701748
17315,0.9227493917274939,0.21941060629825204,0.780589393701748
17316,0.9227493917274939,0.21949774315539988,0.7805022568446001
17317,0.9227667709419535,0.21949774315539988,0.7805022568446001
17318,0.9227667709419535,0.21951517052682945,0.7804848294731705
17319,0.9228015293708725,0.21951517052682945,0.7804848294731705
17320,0.9228015293708725,0.21961973475540683,0.7803802652445931
17321,0.922818908585332,0.21961973475540683,0.7803802652445931
17322,0.922818908585332,0.2197417263554138,0.7802582736445862
17323,0.9228362877997914,0.2197417263554138,0.7802582736445862
17324,0.9228362877997914,0.21975915372684338,0.7802408462731566
17325,0.922853667014251,0.21975915372684338,0.7802408462731566
17326,0.922853667014251,0.21977658109827294,0.7802234189017271
17327,0.9228710462287104,0.21977658109827294,0.7802234189017271
17328,0.9228710462287104,0.21984629058399122,0.7801537094160088
17329,0.92288842544317,0.21984629058399122,0.7801537094160088
17330,0.92288842544317,0.21986371795542078,0.7801362820445792
17331,0.9229058046576295,0.21986371795542078,0.7801362820445792
17332,0.9229058046576295,0.2199682821839982,0.7800317178160018
17333,0.9229231838720889,0.2199682821839982,0.7800317178160018
17334,0.9229231838720889,0.22014255589829387,0.7798574441017061
17335,0.9229405630865485,0.22014255589829387,0.7798574441017061
17336,0.9229405630865485,0.22017741064115298,0.7798225893588471
17337,0.922957942301008,0.22017741064115298,0.7798225893588471
17338,0.922957942301008,0.22029940224115996,0.77970059775884
17339,0.9229753215154675,0.22029940224115996,0.77970059775884
17340,0.9229753215154675,0.2203342569840191,0.7796657430159809
17341,0.9230100799443866,0.2203342569840191,0.7796657430159809
17342,0.9230100799443866,0.22035168435544866,0.7796483156445513
17343,0.9230448383733055,0.22035168435544866,0.7796483156445513
17344,0.9230448383733055,0.22036911172687823,0.7796308882731218
17345,0.9230969760166841,0.22036911172687823,0.7796308882731218
17346,0.9230969760166841,0.22045624858402607,0.779543751415974
17347,0.9231143552311436,0.22045624858402607,0.779543751415974
17348,0.9231143552311436,0.22052595806974434,0.7794740419302557
17349,0.923131734445603,0.22052595806974434,0.7794740419302557
17350,0.923131734445603,0.22056081281260348,0.7794391871873965
17351,0.9231664928745221,0.22056081281260348,0.7794391871873965
17352,0.9231664928745221,0.22063052229832175,0.7793694777016782
17353,0.9231838720889816,0.22063052229832175,0.7793694777016782
17354,0.9231838720889816,0.22073508652689916,0.7792649134731009
17355,0.9232012513034411,0.22073508652689916,0.7792649134731009
17356,0.9232012513034411,0.22089193286976525,0.7791080671302347
17357,0.9232186305179005,0.22089193286976525,0.7791080671302347
17358,0.9232186305179005,0.22092678761262438,0.7790732123873756
17359,0.9232360097323601,0.22092678761262438,0.7790732123873756
17360,0.9232360097323601,0.22096164235548352,0.7790383576445165
17361,0.9232533889468196,0.22096164235548352,0.7790383576445165
17362,0.9232533889468196,0.22099649709834265,0.7790035029016573
17363,0.9232707681612791,0.22099649709834265,0.7790035029016573
17364,0.9232707681612791,0.22101392446977222,0.7789860755302278
17365,0.9233055265901982,0.22101392446977222,0.7789860755302278
17366,0.9233055265901982,0.2210836339554905,0.7789163660445095
17367,0.9233229058046576,0.2210836339554905,0.7789163660445095
17368,0.9233229058046576,0.22110106132692006,0.7788989386730799
17369,0.9233402850191171,0.22110106132692006,0.7788989386730799
17370,0.9233402850191171,0.22111848869834963,0.7788815113016504
17371,0.9233924226624957,0.22111848869834963,0.7788815113016504
17372,0.9233924226624957,0.22117077081263833,0.7788292291873616
17373,0.9234098018769552,0.22117077081263833,0.7788292291873616
17374,0.9234098018769552,0.2211881981840679,0.7788118018159321
17375,0.9234271810914146,0.2211881981840679,0.7788118018159321
17376,0.9234271810914146,0.2212404802983566,0.7787595197016434
17377,0.9234445603058742,0.2212404802983566,0.7787595197016434
17378,0.9234445603058742,0.22131018978407488,0.7786898102159251
17379,0.9234619395203337,0.22131018978407488,0.7786898102159251
17380,0.9234619395203337,0.22137989926979312,0.7786201007302069
17381,0.9234793187347932,0.22137989926979312,0.7786201007302069
17382,0.9234793187347932,0.22148446349837053,0.7785155365016294
17383,0.9235140771637123,0.22148446349837053,0.7785155365016294
17384,0.9235140771637123,0.2215541729840888,0.7784458270159111
17385,0.9235662148070907,0.2215541729840888,0.7784458270159111
17386,0.9235662148070907,0.22158902772694794,0.7784109722730521
17387,0.9236357316649287,0.22158902772694794,0.7784109722730521
17388,0.9236357316649287,0.22169359195552535,0.7783064080444746
17389,0.9236704900938477,0.22169359195552535,0.7783064080444746
17390,0.9236704900938477,0.22174587406981405,0.778254125930186
17391,0.9237400069516858,0.22174587406981405,0.778254125930186
17392,0.9237400069516858,0.2217807288126732,0.7782192711873268
17393,0.9237573861661453,0.2217807288126732,0.7782192711873268
17394,0.9237573861661453,0.22179815618410276,0.7782018438158973
17395,0.9237747653806048,0.22179815618410276,0.7782018438158973
17396,0.9237747653806048,0.22207699412697582,0.7779230058730242
17397,0.9237921445950643,0.22207699412697582,0.7779230058730242
17398,0.9237921445950643,0.22211184886983495,0.7778881511301651
17399,0.9238095238095239,0.22211184886983495,0.7778881511301651
17400,0.9238095238095239,0.2221467036126941,0.7778532963873059
17401,0.9238790406673618,0.2221467036126941,0.7778532963873059
17402,0.9238790406673618,0.22216413098412366,0.7778358690158763
17403,0.9239137990962808,0.22216413098412366,0.7778358690158763
17404,0.9239137990962808,0.2221989857269828,0.7778010142730172
17405,0.9239485575251999,0.2221989857269828,0.7778010142730172
17406,0.9239485575251999,0.2223035499555602,0.7776964500444398
17407,0.9239833159541189,0.2223035499555602,0.7776964500444398
17408,0.9239833159541189,0.2223558320698489,0.7776441679301511
17409,0.9240006951685784,0.2223558320698489,0.7776441679301511
17410,0.9240006951685784,0.22237325944127848,0.7776267405587215
17411,0.9240702120264164,0.22237325944127848,0.7776267405587215
17412,0.9240702120264164,0.22239068681270804,0.777609313187292
17413,0.9240875912408759,0.22239068681270804,0.777609313187292
17414,0.9240875912408759,0.22254753315557416,0.7774524668444258
17415,0.924157108098714,0.22254753315557416,0.7774524668444258
17416,0.924157108098714,0.2225823878984333,0.7774176121015667
17417,0.9241744873131734,0.2225823878984333,0.7774176121015667
17418,0.9241744873131734,0.2226172426412924,0.7773827573587075
17419,0.924191866527633,0.2226172426412924,0.7773827573587075
17420,0.924191866527633,0.2226695247555811,0.7773304752444189
17421,0.9242440041710115,0.2226695247555811,0.7773304752444189
17422,0.9242440041710115,0.2227218068698698,0.7772781931301302
17423,0.9242613833854709,0.2227218068698698,0.7772781931301302
17424,0.9242613833854709,0.22273923424129938,0.7772607657587006
17425,0.9242787625999305,0.22273923424129938,0.7772607657587006
17426,0.9242787625999305,0.22284379846987679,0.7771562015301232
17427,0.92429614181439,0.22284379846987679,0.7771562015301232
17428,0.92429614181439,0.2230006448127429,0.7769993551872572
17429,0.9243135210288494,0.2230006448127429,0.7769993551872572
17430,0.9243135210288494,0.22301807218417247,0.7769819278158275
17431,0.9243482794577685,0.22301807218417247,0.7769819278158275
17432,0.9243482794577685,0.22303549955560203,0.7769645004443979
17433,0.924365658672228,0.22303549955560203,0.7769645004443979
17434,0.924365658672228,0.22307035429846117,0.7769296457015389
17435,0.9243830378866875,0.22307035429846117,0.7769296457015389
17436,0.9243830378866875,0.22312263641274988,0.7768773635872501
17437,0.9244004171011471,0.22312263641274988,0.7768773635872501
17438,0.9244004171011471,0.22322720064132726,0.7767727993586727
17439,0.9244177963156065,0.22322720064132726,0.7767727993586727
17440,0.9244177963156065,0.22324462801275682,0.7767553719872432
17441,0.9244525547445256,0.22324462801275682,0.7767553719872432
17442,0.9244525547445256,0.2232620553841864,0.7767379446158136
17443,0.9245046923879041,0.2232620553841864,0.7767379446158136
17444,0.9245046923879041,0.22327948275561596,0.7767205172443841
17445,0.9245220716023635,0.22327948275561596,0.7767205172443841
17446,0.9245220716023635,0.22329691012704553,0.7767030898729544
17447,0.9245394508168231,0.22329691012704553,0.7767030898729544
17448,0.9245394508168231,0.22348861121277078,0.7765113887872293
17449,0.9245568300312826,0.22348861121277078,0.7765113887872293
17450,0.9245568300312826,0.22361060281277775,0.7763893971872222
17451,0.9245742092457421,0.22361060281277775,0.7763893971872222
17452,0.9245742092457421,0.22362803018420732,0.7763719698157927
17453,0.9245915884602016,0.22362803018420732,0.7763719698157927
17454,0.9245915884602016,0.2236454575556369,0.7763545424443631
17455,0.924608967674661,0.2236454575556369,0.7763545424443631
17456,0.924608967674661,0.22368031229849603,0.776319687701504
17457,0.9246437261035801,0.22368031229849603,0.776319687701504
17458,0.9246437261035801,0.2237500217842143,0.7762499782157857
17459,0.9246784845324991,0.2237500217842143,0.7762499782157857
17460,0.9246784845324991,0.22376744915564387,0.7762325508443562
17461,0.9247132429614181,0.22376744915564387,0.7762325508443562
17462,0.9247132429614181,0.22378487652707343,0.7762151234729265
17463,0.9247306221758776,0.22378487652707343,0.7762151234729265
17464,0.9247306221758776,0.223802303898503,0.776197696101497
17465,0.9247480013903372,0.223802303898503,0.776197696101497
17466,0.9247480013903372,0.22381973126993254,0.7761802687300674
17467,0.9247827598192562,0.22381973126993254,0.7761802687300674
17468,0.9247827598192562,0.2238371586413621,0.7761628413586379
17469,0.9248175182481752,0.2238371586413621,0.7761628413586379
17470,0.9248175182481752,0.22385458601279168,0.7761454139872084
17471,0.9248348974626347,0.22385458601279168,0.7761454139872084
17472,0.9248348974626347,0.22388944075565081,0.7761105592443491
17473,0.9248522766770942,0.22388944075565081,0.7761105592443491
17474,0.9248522766770942,0.22394172286993952,0.7760582771300605
17475,0.9248696558915537,0.22394172286993952,0.7760582771300605
17476,0.9248696558915537,0.22399400498422822,0.7760059950157718
17477,0.9249044143204728,0.22399400498422822,0.7760059950157718
17478,0.9249044143204728,0.22402885972708736,0.7759711402729126
17479,0.9249217935349322,0.22402885972708736,0.7759711402729126
17480,0.9249217935349322,0.22409856921280563,0.7759014307871943
17481,0.9249391727493917,0.22409856921280563,0.7759014307871943
17482,0.9249391727493917,0.2241159965842352,0.7758840034157648
17483,0.9249565519638512,0.2241159965842352,0.7758840034157648
17484,0.9249565519638512,0.22413342395566477,0.7758665760443353
17485,0.9249739311783107,0.22413342395566477,0.7758665760443353
17486,0.9249739311783107,0.22435997978424915,0.7756400202157508
17487,0.9250086896072297,0.22435997978424915,0.7756400202157508
17488,0.9250086896072297,0.22437740715567872,0.7756225928443212
17489,0.9250260688216893,0.22437740715567872,0.7756225928443212
17490,0.9250260688216893,0.2243948345271083,0.7756051654728917
17491,0.9250434480361488,0.2243948345271083,0.7756051654728917
17492,0.9250434480361488,0.2244819713842561,0.7755180286157439
17493,0.9250608272506082,0.2244819713842561,0.7755180286157439
17494,0.9250608272506082,0.22455168086997437,0.7754483191300257
17495,0.9250782064650678,0.22455168086997437,0.7754483191300257
17496,0.9250782064650678,0.22460396298426308,0.7753960370157369
17497,0.9250955856795273,0.22460396298426308,0.7753960370157369
17498,0.9250955856795273,0.22469109984141092,0.7753089001585891
17499,0.9251129648939868,0.22469109984141092,0.7753089001585891
17500,0.9251129648939868,0.22474338195569962,0.7752566180443003
17501,0.9251824817518248,0.22474338195569962,0.7752566180443003
17502,0.9251824817518248,0.2247608093271292,0.7752391906728708
17503,0.9251998609662844,0.2247608093271292,0.7752391906728708
17504,0.9251998609662844,0.22477823669855876,0.7752217633014412
17505,0.9252172401807438,0.22477823669855876,0.7752217633014412
17506,0.9252172401807438,0.2248130914414179,0.7751869085585821
17507,0.9252346193952034,0.2248130914414179,0.7751869085585821
17508,0.9252346193952034,0.22483051881284746,0.7751694811871526
17509,0.9252693778241223,0.22483051881284746,0.7751694811871526
17510,0.9252693778241223,0.2248653735557066,0.7751346264442934
17511,0.9252867570385819,0.2248653735557066,0.7751346264442934
17512,0.9252867570385819,0.22490022829856574,0.7750997717014343
17513,0.9253041362530413,0.22490022829856574,0.7750997717014343
17514,0.9253041362530413,0.2249176556699953,0.7750823443300047
17515,0.9253388946819604,0.2249176556699953,0.7750823443300047
17516,0.9253388946819604,0.22498736515571358,0.7750126348442864
17517,0.9253910323253389,0.22498736515571358,0.7750126348442864
17518,0.9253910323253389,0.22503964727000225,0.7749603527299977
17519,0.9254084115397984,0.22503964727000225,0.7749603527299977
17520,0.9254084115397984,0.22505707464143182,0.7749429253585682
17521,0.9254431699687174,0.22505707464143182,0.7749429253585682
17522,0.9254431699687174,0.2250745020128614,0.7749254979871386
17523,0.9254779283976364,0.2250745020128614,0.7749254979871386
17524,0.9254779283976364,0.22514421149857966,0.7748557885014203
17525,0.925495307612096,0.22514421149857966,0.7748557885014203
17526,0.925495307612096,0.2251790662414388,0.7748209337585612
17527,0.9255126868265554,0.2251790662414388,0.7748209337585612
17528,0.9255126868265554,0.22526620309858664,0.7747337969014134
17529,0.925530066041015,0.22526620309858664,0.7747337969014134
17530,0.925530066041015,0.2253359125843049,0.7746640874156951
17531,0.9255474452554745,0.2253359125843049,0.7746640874156951
17532,0.9255474452554745,0.2253881946985936,0.7746118053014064
17533,0.9255822036843935,0.2253881946985936,0.7746118053014064
17534,0.9256169621133125,0.2253881946985936,0.7746118053014064
17535,0.9256864789711505,0.2253881946985936,0.7746118053014064
17536,0.9256864789711505,0.22545790418431189,0.7745420958156881
17537,0.9257212374000695,0.22545790418431189,0.7745420958156881
17538,0.9257212374000695,0.22549275892717102,0.774507241072829
17539,0.925738616614529,0.22549275892717102,0.774507241072829
17540,0.925738616614529,0.2255101862986006,0.7744898137013994
17541,0.9257559958289885,0.2255101862986006,0.7744898137013994
17542,0.9257559958289885,0.225614750527178,0.7743852494728221
17543,0.9257907542579076,0.225614750527178,0.7743852494728221
17544,0.9257907542579076,0.22568446001289624,0.7743155399871038
17545,0.9259124087591241,0.22568446001289624,0.7743155399871038
17546,0.9259124087591241,0.22573674212718495,0.774263257872815
17547,0.9259297879735836,0.22573674212718495,0.774263257872815
17548,0.9259297879735836,0.22575416949861452,0.7742458305013855
17549,0.9259471671880432,0.22575416949861452,0.7742458305013855
17550,0.9259471671880432,0.22584130635576236,0.7741586936442376
17551,0.9259645464025026,0.22584130635576236,0.7741586936442376
17552,0.9259645464025026,0.2258761610986215,0.7741238389013785
17553,0.9259993048314216,0.2258761610986215,0.7741238389013785
17554,0.9259993048314216,0.2259807253271989,0.7740192746728011
17555,0.9260340632603407,0.2259807253271989,0.7740192746728011
17556,0.9260340632603407,0.22599815269862847,0.7740018473013716
17557,0.9260514424748001,0.22599815269862847,0.7740018473013716
17558,0.9260514424748001,0.22601558007005804,0.7739844199299419
17559,0.9260862009037192,0.22601558007005804,0.7739844199299419
17560,0.9260862009037192,0.22610271692720588,0.7738972830727942
17561,0.9261035801181786,0.22610271692720588,0.7738972830727942
17562,0.9261035801181786,0.22612014429863544,0.7738798557013645
17563,0.9261209593326382,0.22612014429863544,0.7738798557013645
17564,0.9261209593326382,0.22615499904149458,0.7738450009585054
17565,0.9261383385470977,0.22615499904149458,0.7738450009585054
17566,0.9261383385470977,0.22622470852721285,0.7737752914727871
17567,0.9261557177615571,0.22622470852721285,0.7737752914727871
17568,0.9261557177615571,0.22632927275579023,0.7736707272442098
17569,0.9261730969760167,0.22632927275579023,0.7736707272442098
17570,0.9261730969760167,0.2263467001272198,0.7736532998727802
17571,0.9261904761904762,0.2263467001272198,0.7736532998727802
17572,0.9261904761904762,0.22641640961293807,0.7735835903870619
17573,0.9262252346193952,0.22641640961293807,0.7735835903870619
17574,0.9262252346193952,0.22643383698436764,0.7735661630156323
17575,0.9262426138338548,0.22643383698436764,0.7735661630156323
17576,0.9262426138338548,0.2264512643557972,0.7735487356442028
17577,0.9262599930483142,0.2264512643557972,0.7735487356442028
17578,0.9262599930483142,0.22646869172722678,0.7735313082727733
17579,0.9262773722627737,0.22646869172722678,0.7735313082727733
17580,0.9262773722627737,0.22655582858437462,0.7734441714156254
17581,0.9263121306916927,0.22655582858437462,0.7734441714156254
17582,0.9263121306916927,0.22660811069866332,0.7733918893013367
17583,0.9263295099061523,0.22660811069866332,0.7733918893013367
17584,0.9263295099061523,0.22671267492724073,0.7732873250727592
17585,0.9263468891206117,0.22671267492724073,0.7732873250727592
17586,0.9263468891206117,0.22674752967009987,0.7732524703299002
17587,0.9263816475495308,0.22674752967009987,0.7732524703299002
17588,0.9263816475495308,0.22676495704152944,0.7732350429584706
17589,0.9263990267639902,0.22676495704152944,0.7732350429584706
17590,0.9263990267639902,0.226782384412959,0.7732176155870409
17591,0.9264164059784498,0.226782384412959,0.7732176155870409
17592,0.9264164059784498,0.22681723915581814,0.7731827608441819
17593,0.9264685436218283,0.22681723915581814,0.7731827608441819
17594,0.9264685436218283,0.22685209389867728,0.7731479061013227
17595,0.9264859228362878,0.22685209389867728,0.7731479061013227
17596,0.9264859228362878,0.22686952127010682,0.7731304787298932
17597,0.9265033020507473,0.22686952127010682,0.7731304787298932
17598,0.9265033020507473,0.22690437601296595,0.773095623987034
17599,0.9265206812652068,0.22690437601296595,0.773095623987034
17600,0.9265206812652068,0.22695665812725466,0.7730433418727454
17601,0.9265554396941258,0.22695665812725466,0.7730433418727454
17602,0.9265554396941258,0.2269915128701138,0.7730084871298862
17603,0.9265728189085853,0.2269915128701138,0.7730084871298862
17604,0.9265728189085853,0.2270437949844025,0.7729562050155975
17605,0.9265901981230449,0.2270437949844025,0.7729562050155975
17606,0.9265901981230449,0.22706122235583207,0.772938777644168
17607,0.9266075773375043,0.22706122235583207,0.772938777644168
17608,0.9266075773375043,0.2270960770986912,0.7729039229013088
17609,0.9266249565519639,0.2270960770986912,0.7729039229013088
17610,0.9266249565519639,0.22711350447012077,0.7728864955298792
17611,0.9266423357664234,0.22711350447012077,0.7728864955298792
17612,0.9266423357664234,0.22728777818441645,0.7727122218155835
17613,0.9266770941953424,0.22728777818441645,0.7727122218155835
17614,0.9266770941953424,0.22730520555584602,0.772694794444154
17615,0.9267118526242614,0.22730520555584602,0.772694794444154
17616,0.9267118526242614,0.22735748767013472,0.7726425123298652
17617,0.9267466110531803,0.22735748767013472,0.7726425123298652
17618,0.9267466110531803,0.2273749150415643,0.7726250849584357
17619,0.9267639902676399,0.2273749150415643,0.7726250849584357
17620,0.9267639902676399,0.22740976978442343,0.7725902302155766
17621,0.9267813694820994,0.22740976978442343,0.7725902302155766
17622,0.9267813694820994,0.22754918875585994,0.7724508112441401
17623,0.9267987486965589,0.22754918875585994,0.7724508112441401
17624,0.9267987486965589,0.22758404349871908,0.7724159565012809
17625,0.9268161279110184,0.22758404349871908,0.7724159565012809
17626,0.9268161279110184,0.22760147087014865,0.7723985291298514
17627,0.926833507125478,0.22760147087014865,0.7723985291298514
17628,0.926833507125478,0.22763632561300778,0.7723636743869922
17629,0.9268682655543969,0.22763632561300778,0.7723636743869922
17630,0.9268682655543969,0.22765375298443735,0.7723462470155626
17631,0.9269030239833159,0.22765375298443735,0.7723462470155626
17632,0.9269030239833159,0.22772346247015562,0.7722765375298444
17633,0.9269204031977755,0.22772346247015562,0.7722765375298444
17634,0.9269204031977755,0.2277408898415852,0.7722591101584149
17635,0.926937782412235,0.2277408898415852,0.7722591101584149
17636,0.926937782412235,0.22777574458444433,0.7722242554155556
17637,0.9269551616266944,0.22777574458444433,0.7722242554155556
17638,0.9269551616266944,0.2277931719558739,0.7722068280441261
17639,0.926972540841154,0.2277931719558739,0.7722068280441261
17640,0.926972540841154,0.22781059932730346,0.7721894006726966
17641,0.927007299270073,0.22781059932730346,0.7721894006726966
17642,0.927007299270073,0.2278454540701626,0.7721545459298373
17643,0.9270246784845325,0.2278454540701626,0.7721545459298373
17644,0.9270246784845325,0.22786288144159217,0.7721371185584078
17645,0.927042057698992,0.22786288144159217,0.7721371185584078
17646,0.927042057698992,0.22791516355588087,0.7720848364441191
17647,0.927076816127911,0.22791516355588087,0.7720848364441191
17648,0.927076816127911,0.22793259092731044,0.7720674090726896
17649,0.92711157455683,0.22793259092731044,0.7720674090726896
17650,0.92711157455683,0.22798487304159915,0.7720151269584008
17651,0.927146332985749,0.22798487304159915,0.7720151269584008
17652,0.927146332985749,0.2280023004130287,0.7719976995869713
17653,0.9271637122002085,0.2280023004130287,0.7719976995869713
17654,0.9271637122002085,0.22807200989874699,0.771927990101253
17655,0.9271810914146681,0.22807200989874699,0.771927990101253
17656,0.9271810914146681,0.22808943727017653,0.7719105627298235
17657,0.9271984706291275,0.22808943727017653,0.7719105627298235
17658,0.9271984706291275,0.2281068646416061,0.7718931353583939
17659,0.9272332290580466,0.2281068646416061,0.7718931353583939
17660,0.9272332290580466,0.2281591467558948,0.7718408532441052
17661,0.927250608272506,0.2281591467558948,0.7718408532441052
17662,0.927250608272506,0.2282114288701835,0.7717885711298165
17663,0.9272679874869656,0.2282114288701835,0.7717885711298165
17664,0.9272679874869656,0.22824628361304264,0.7717537163869573
17665,0.9272853667014251,0.22824628361304264,0.7717537163869573
17666,0.9272853667014251,0.2283159930987609,0.7716840069012391
17667,0.9273027459158846,0.2283159930987609,0.7716840069012391
17668,0.9273027459158846,0.22835084784162005,0.7716491521583799
17669,0.9273201251303441,0.22835084784162005,0.7716491521583799
17670,0.9273201251303441,0.2284379846987679,0.7715620153012321
17671,0.9273375043448037,0.2284379846987679,0.7715620153012321
17672,0.9273375043448037,0.22845541207019746,0.7715445879298025
17673,0.9273548835592631,0.22845541207019746,0.7715445879298025
17674,0.9273548835592631,0.22847283944162702,0.771527160558373
17675,0.9273896419881822,0.22847283944162702,0.771527160558373
17676,0.9273896419881822,0.22850769418448616,0.7714923058155139
17677,0.9274070212026416,0.22850769418448616,0.7714923058155139
17678,0.9274070212026416,0.22852512155591573,0.7714748784440842
17679,0.9274417796315606,0.22852512155591573,0.7714748784440842
17680,0.9274417796315606,0.22861225841306357,0.7713877415869365
17681,0.9274591588460201,0.22861225841306357,0.7713877415869365
17682,0.9274591588460201,0.22876910475592965,0.7712308952440703
17683,0.9274765380604797,0.22876910475592965,0.7712308952440703
17684,0.9274765380604797,0.2288039594987888,0.7711960405012113
17685,0.9275286757038582,0.2288039594987888,0.7711960405012113
17686,0.9275286757038582,0.22882138687021836,0.7711786131297816
17687,0.9275460549183177,0.22882138687021836,0.7711786131297816
17688,0.9275460549183177,0.22889109635593663,0.7711089036440634
17689,0.9275634341327772,0.22889109635593663,0.7711089036440634
17690,0.9275634341327772,0.22908279744166188,0.7709172025583382
17691,0.9275808133472367,0.22908279744166188,0.7709172025583382
17692,0.9275808133472367,0.22910022481309145,0.7708997751869086
17693,0.9276155717761557,0.22910022481309145,0.7708997751869086
17694,0.9276155717761557,0.22911765218452101,0.7708823478154789
17695,0.9276329509906153,0.22911765218452101,0.7708823478154789
17696,0.9276329509906153,0.22915250692738015,0.7708474930726199
17697,0.9276503302050747,0.22915250692738015,0.7708474930726199
17698,0.9276503302050747,0.2291873616702393,0.7708126383297607
17699,0.9276850886339938,0.2291873616702393,0.7708126383297607
17700,0.9276850886339938,0.22922221641309842,0.7707777835869016
17701,0.9277372262773723,0.22922221641309842,0.7707777835869016
17702,0.9277372262773723,0.229239643784528,0.770760356215472
17703,0.9278067431352103,0.229239643784528,0.770760356215472
17704,0.9278067431352103,0.2293790627559645,0.7706209372440355
17705,0.9278241223496698,0.2293790627559645,0.7706209372440355
17706,0.9278241223496698,0.2294313448702532,0.7705686551297468
17707,0.9278415015641293,0.2294313448702532,0.7705686551297468
17708,0.9278415015641293,0.2296056185845489,0.7703943814154511
17709,0.9278588807785888,0.2296056185845489,0.7703943814154511
17710,0.9278588807785888,0.22964047332740803,0.770359526672592
17711,0.9278762599930483,0.22964047332740803,0.770359526672592
17712,0.9278762599930483,0.2297101828131263,0.7702898171868737
17713,0.9278936392075078,0.2297101828131263,0.7702898171868737
17714,0.9278936392075078,0.22972761018455587,0.7702723898154441
17715,0.9279283976364269,0.22972761018455587,0.7702723898154441
17716,0.9279283976364269,0.229762464927415,0.770237535072585
17717,0.9279631560653459,0.229762464927415,0.770237535072585
17718,0.9279631560653459,0.2298147470417037,0.7701852529582963
17719,0.9279805352798054,0.2298147470417037,0.7701852529582963
17720,0.9279805352798054,0.22983217441313328,0.7701678255868667
17721,0.9279979144942648,0.22983217441313328,0.7701678255868667
17722,0.9279979144942648,0.22986702915599241,0.7701329708440076
17723,0.9280152937087244,0.22986702915599241,0.7701329708440076
17724,0.9280152937087244,0.22988445652742198,0.770115543472578
17725,0.9280326729231839,0.22988445652742198,0.770115543472578
17726,0.9280326729231839,0.22990188389885155,0.7700981161011484
17727,0.9280500521376434,0.22990188389885155,0.7700981161011484
17728,0.9280500521376434,0.22995416601314023,0.7700458339868598
17729,0.9280674313521029,0.22995416601314023,0.7700458339868598
17730,0.9280674313521029,0.2300238754988585,0.7699761245011415
17731,0.9280848105665624,0.2300238754988585,0.7699761245011415
17732,0.9280848105665624,0.2301284397274359,0.7698715602725641
17733,0.9281021897810219,0.2301284397274359,0.7698715602725641
17734,0.9281021897810219,0.2303027134417316,0.7696972865582684
17735,0.9281369482099409,0.2303027134417316,0.7696972865582684
17736,0.9281369482099409,0.23033756818459072,0.7696624318154093
17737,0.9281543274244004,0.23033756818459072,0.7696624318154093
17738,0.9281543274244004,0.23038985029887943,0.7696101497011205
17739,0.92817170663886,0.23038985029887943,0.7696101497011205
17740,0.92817170663886,0.23042470504173856,0.7695752949582615
17741,0.9282064650677789,0.23042470504173856,0.7695752949582615
17742,0.9282064650677789,0.23044213241316813,0.7695578675868319
17743,0.9282412234966979,0.23044213241316813,0.7695578675868319
17744,0.9282412234966979,0.2304595597845977,0.7695404402154022
17745,0.9282586027111575,0.2304595597845977,0.7695404402154022
17746,0.9282586027111575,0.23051184189888638,0.7694881581011136
17747,0.9282933611400764,0.23051184189888638,0.7694881581011136
17748,0.9282933611400764,0.23052926927031595,0.7694707307296841
17749,0.9283281195689955,0.23052926927031595,0.7694707307296841
17750,0.9283281195689955,0.2305466966417455,0.7694533033582545
17751,0.9283628779979145,0.2305466966417455,0.7694533033582545
17752,0.9283628779979145,0.23058155138460465,0.7694184486153953
17753,0.928380257212374,0.23058155138460465,0.7694184486153953
17754,0.928380257212374,0.23068611561318206,0.7693138843868179
17755,0.9283976364268335,0.23068611561318206,0.7693138843868179
17756,0.9283976364268335,0.23075582509890033,0.7692441749010996
17757,0.928415015641293,0.23075582509890033,0.7692441749010996
17758,0.928415015641293,0.2307732524703299,0.7692267475296701
17759,0.9284323948557526,0.2307732524703299,0.7692267475296701
17760,0.9284323948557526,0.23084296195604817,0.7691570380439519
17761,0.928449774070212,0.23084296195604817,0.7691570380439519
17762,0.928449774070212,0.2308778166989073,0.7691221833010927
17763,0.9284671532846716,0.2308778166989073,0.7691221833010927
17764,0.9284671532846716,0.230930098813196,0.769069901186804
17765,0.9285192909280501,0.230930098813196,0.769069901186804
17766,0.9285192909280501,0.23094752618462558,0.7690524738153744
17767,0.9285366701425095,0.23094752618462558,0.7690524738153744
17768,0.9285366701425095,0.2311043725274917,0.7688956274725083
17769,0.9285714285714286,0.2311043725274917,0.7688956274725083
17770,0.9285714285714286,0.2311915093846395,0.7688084906153605
17771,0.928588807785888,0.2311915093846395,0.7688084906153605
17772,0.928588807785888,0.23126121887035778,0.7687387811296422
17773,0.9286235662148071,0.23126121887035778,0.7687387811296422
17774,0.9286235662148071,0.23131350098464648,0.7686864990153535
17775,0.9286409454292666,0.23131350098464648,0.7686864990153535
17776,0.9286409454292666,0.23140063784179432,0.7685993621582057
17777,0.9286757038581857,0.23140063784179432,0.7685993621582057
17778,0.9286757038581857,0.2314703473275126,0.7685296526724874
17779,0.9286930830726451,0.2314703473275126,0.7685296526724874
17780,0.9286930830726451,0.2315226294418013,0.7684773705581986
17781,0.9287104622871046,0.2315226294418013,0.7684773705581986
17782,0.9287104622871046,0.23166204841323784,0.7683379515867621
17783,0.9287278415015642,0.23166204841323784,0.7683379515867621
17784,0.9287278415015642,0.2316794757846674,0.7683205242153326
17785,0.9287452207160236,0.2316794757846674,0.7683205242153326
17786,0.9287452207160236,0.23169690315609698,0.7683030968439031
17787,0.9287625999304832,0.23169690315609698,0.7683030968439031
17788,0.9287625999304832,0.2317317578989561,0.7682682421010439
17789,0.9287799791449427,0.2317317578989561,0.7682682421010439
17790,0.9287799791449427,0.23174918527038565,0.7682508147296143
17791,0.9287973583594021,0.23174918527038565,0.7682508147296143
17792,0.9287973583594021,0.2318363221275335,0.7681636778724665
17793,0.9288147375738617,0.2318363221275335,0.7681636778724665
17794,0.9288147375738617,0.2318886042418222,0.7681113957581778
17795,0.9288494960027807,0.2318886042418222,0.7681113957581778
17796,0.9288494960027807,0.23190603161325177,0.7680939683867483
17797,0.9288668752172402,0.23190603161325177,0.7680939683867483
17798,0.9288668752172402,0.23192345898468134,0.7680765410153186
17799,0.9288842544316996,0.23192345898468134,0.7680765410153186
17800,0.9288842544316996,0.23195831372754047,0.7680416862724595
17801,0.9289016336461592,0.23195831372754047,0.7680416862724595
17802,0.9289016336461592,0.23197574109897004,0.76802425890103
17803,0.9289190128606187,0.23197574109897004,0.76802425890103
17804,0.9289190128606187,0.23202802321325874,0.7679719767867412
17805,0.9289885297184567,0.23202802321325874,0.7679719767867412
17806,0.9289885297184567,0.2320454505846883,0.7679545494153117
17807,0.9290059089329162,0.2320454505846883,0.7679545494153117
17808,0.9290059089329162,0.23206287795611788,0.7679371220438821
17809,0.9290232881473758,0.23206287795611788,0.7679371220438821
17810,0.9290232881473758,0.23211516007040658,0.7678848399295934
17811,0.9290406673618352,0.23211516007040658,0.7678848399295934
17812,0.9290406673618352,0.23215001481326572,0.7678499851867343
17813,0.9290580465762948,0.23215001481326572,0.7678499851867343
17814,0.9290580465762948,0.23230686115613183,0.7676931388438681
17815,0.9290754257907543,0.23230686115613183,0.7676931388438681
17816,0.9290754257907543,0.2323242885275614,0.7676757114724386
17817,0.9290928050052137,0.2323242885275614,0.7676757114724386
17818,0.9290928050052137,0.23237657064185008,0.7676234293581499
17819,0.9291101842196733,0.23237657064185008,0.7676234293581499
17820,0.9291101842196733,0.23256827172757533,0.7674317282724247
17821,0.9291275634341328,0.23256827172757533,0.7674317282724247
17822,0.9291275634341328,0.2325856990990049,0.767414300900995
17823,0.9291449426485923,0.2325856990990049,0.767414300900995
17824,0.9291449426485923,0.2326379812132936,0.7673620187867064
17825,0.9291623218630518,0.2326379812132936,0.7673620187867064
17826,0.9291623218630518,0.23265540858472317,0.7673445914152768
17827,0.9291797010775112,0.23265540858472317,0.7673445914152768
17828,0.9291797010775112,0.23277740018473014,0.7672225998152699
17829,0.9291970802919708,0.23277740018473014,0.7672225998152699
17830,0.9291970802919708,0.23281225492758928,0.7671877450724107
17831,0.9292144595064303,0.23281225492758928,0.7671877450724107
17832,0.9292144595064303,0.2329168191561667,0.7670831808438333
17833,0.9292318387208898,0.2329168191561667,0.7670831808438333
17834,0.9292318387208898,0.23293424652759626,0.7670657534724037
17835,0.9292492179353493,0.23293424652759626,0.7670657534724037
17836,0.9292492179353493,0.23296910127045536,0.7670308987295447
17837,0.9292665971498089,0.23296910127045536,0.7670308987295447
17838,0.9292665971498089,0.2330562381276032,0.7669437618723968
17839,0.9292839763642683,0.2330562381276032,0.7669437618723968
17840,0.9292839763642683,0.23307366549903277,0.7669263345009673
17841,0.9293187347931874,0.23307366549903277,0.7669263345009673
17842,0.9293187347931874,0.23309109287046234,0.7669089071295376
17843,0.9293361140076468,0.23309109287046234,0.7669089071295376
17844,0.9293361140076468,0.23312594761332148,0.7668740523866785
17845,0.9293708724365659,0.23312594761332148,0.7668740523866785
17846,0.9293708724365659,0.2331608023561806,0.7668391976438194
17847,0.9293882516510253,0.2331608023561806,0.7668391976438194
17848,0.9293882516510253,0.23317822972761018,0.7668217702723898
17849,0.9294056308654849,0.23317822972761018,0.7668217702723898
17850,0.9294056308654849,0.23319565709903975,0.7668043429009602
17851,0.9294577685088634,0.23319565709903975,0.7668043429009602
17852,0.9294577685088634,0.23324793921332845,0.7667520607866716
17853,0.929475147723323,0.23324793921332845,0.7667520607866716
17854,0.929475147723323,0.23340478555619457,0.7665952144438054
17855,0.9295272853667014,0.23340478555619457,0.7665952144438054
17856,0.9295272853667014,0.23342221292762413,0.7665777870723759
17857,0.9295446645811609,0.23342221292762413,0.7665777870723759
17858,0.9295446645811609,0.2334396402990537,0.7665603597009463
17859,0.9295620437956205,0.2334396402990537,0.7665603597009463
17860,0.9295620437956205,0.2334919224133424,0.7665080775866576
17861,0.9295794230100799,0.2334919224133424,0.7665080775866576
17862,0.9295794230100799,0.2335442045276311,0.7664557954723689
17863,0.9295968022245394,0.2335442045276311,0.7664557954723689
17864,0.9295968022245394,0.23366619612763806,0.7663338038723619
17865,0.929614181438999,0.23366619612763806,0.7663338038723619
17866,0.929614181438999,0.23368362349906763,0.7663163765009324
17867,0.929648939867918,0.23368362349906763,0.7663163765009324
17868,0.929648939867918,0.2337010508704972,0.7662989491295028
17869,0.9296663190823775,0.2337010508704972,0.7662989491295028
17870,0.9296663190823775,0.23371847824192676,0.7662815217580732
17871,0.929683698296837,0.23371847824192676,0.7662815217580732
17872,0.929683698296837,0.23377076035621547,0.7662292396437845
17873,0.9297010775112965,0.23377076035621547,0.7662292396437845
17874,0.9297010775112965,0.23384046984193374,0.7661595301580663
17875,0.929718456725756,0.23384046984193374,0.7661595301580663
17876,0.929718456725756,0.2338578972133633,0.7661421027866366
17877,0.9297358359402155,0.2338578972133633,0.7661421027866366
17878,0.9297358359402155,0.23387532458479288,0.7661246754152071
17879,0.9297705943691346,0.23387532458479288,0.7661246754152071
17880,0.9297705943691346,0.23397988881337028,0.7660201111866297
17881,0.929787973583594,0.23397988881337028,0.7660201111866297
17882,0.929787973583594,0.23406702567051813,0.7659329743294818
17883,0.9298053527980535,0.23406702567051813,0.7659329743294818
17884,0.9298053527980535,0.2341715898990955,0.7658284101009045
17885,0.9298227320125131,0.2341715898990955,0.7658284101009045
17886,0.9298227320125131,0.23424129938481378,0.7657587006151862
17887,0.9298401112269725,0.23424129938481378,0.7657587006151862
17888,0.9298401112269725,0.23431100887053205,0.765688991129468
17889,0.9298574904414321,0.23431100887053205,0.765688991129468
17890,0.9298574904414321,0.2343458636133912,0.7656541363866088
17891,0.9298748696558915,0.2343458636133912,0.7656541363866088
17892,0.9298748696558915,0.23436329098482075,0.7656367090151792
17893,0.929892248870351,0.23436329098482075,0.7656367090151792
17894,0.929892248870351,0.23438071835625032,0.7656192816437497
17895,0.9299617657281891,0.23438071835625032,0.7656192816437497
17896,0.9299617657281891,0.2344504278419686,0.7655495721580314
17897,0.9299965241571081,0.2344504278419686,0.7655495721580314
17898,0.9299965241571081,0.23452013732768687,0.7654798626723132
17899,0.9300139033715676,0.23452013732768687,0.7654798626723132
17900,0.9300139033715676,0.23457241944197557,0.7654275805580244
17901,0.9300486618004866,0.23457241944197557,0.7654275805580244
17902,0.9300486618004866,0.23458984681340514,0.7654101531865949
17903,0.9300660410149462,0.23458984681340514,0.7654101531865949
17904,0.9300660410149462,0.2346072741848347,0.7653927258151653
17905,0.9301181786583247,0.2346072741848347,0.7653927258151653
17906,0.9301181786583247,0.2346595562991234,0.7653404437008766
17907,0.9301355578727841,0.2346595562991234,0.7653404437008766
17908,0.9301355578727841,0.23472926578484168,0.7652707342151583
17909,0.9301703163017032,0.23472926578484168,0.7652707342151583
17910,0.9301703163017032,0.23474669315627125,0.7652533068437287
17911,0.9301876955161626,0.23474669315627125,0.7652533068437287
17912,0.9301876955161626,0.23478154789913036,0.7652184521008696
17913,0.9302050747306222,0.23478154789913036,0.7652184521008696
17914,0.9302050747306222,0.2348686847562782,0.7651313152437218
17915,0.9302224539450816,0.2348686847562782,0.7651313152437218
17916,0.9302224539450816,0.23490353949913734,0.7650964605008627
17917,0.9302572123740007,0.23490353949913734,0.7650964605008627
17918,0.9302572123740007,0.2349209668705669,0.765079033129433
17919,0.9302745915884602,0.2349209668705669,0.765079033129433
17920,0.9302745915884602,0.23495582161342604,0.765044178386574
17921,0.9302919708029197,0.23495582161342604,0.765044178386574
17922,0.9302919708029197,0.23499067635628518,0.7650093236437148
17923,0.9303093500173792,0.23499067635628518,0.7650093236437148
17924,0.9303093500173792,0.23500810372771475,0.7649918962722853
17925,0.9303441084462982,0.23500810372771475,0.7649918962722853
17926,0.9303441084462982,0.23507781321343302,0.764922186786567
17927,0.9303614876607578,0.23507781321343302,0.764922186786567
17928,0.9303614876607578,0.23513009532772172,0.7648699046722782
17929,0.9303788668752172,0.23513009532772172,0.7648699046722782
17930,0.9303788668752172,0.2351475226991513,0.7648524773008487
17931,0.9303962460896767,0.2351475226991513,0.7648524773008487
17932,0.9303962460896767,0.23516495007058086,0.7648350499294192
17933,0.9304310045185957,0.23516495007058086,0.7648350499294192
17934,0.9304310045185957,0.2352520869277287,0.7647479130722713
17935,0.9304657629475148,0.2352520869277287,0.7647479130722713
17936,0.9304657629475148,0.23532179641344697,0.764678203586553
17937,0.9304831421619743,0.23532179641344697,0.764678203586553
17938,0.9304831421619743,0.23533922378487654,0.7646607762151234
17939,0.9305352798053528,0.23533922378487654,0.7646607762151234
17940,0.9305352798053528,0.23537407852773568,0.7646259214722644
17941,0.9305526590198123,0.23537407852773568,0.7646259214722644
17942,0.9305526590198123,0.23549607012774262,0.7645039298722573
17943,0.9305700382342718,0.23549607012774262,0.7645039298722573
17944,0.9305700382342718,0.23553092487060176,0.7644690751293982
17945,0.9305874174487313,0.23553092487060176,0.7644690751293982
17946,0.9305874174487313,0.23554835224203133,0.7644516477579687
17947,0.9306047966631908,0.23554835224203133,0.7644516477579687
17948,0.9306047966631908,0.23568777121346787,0.7643122287865322
17949,0.9306221758776503,0.23568777121346787,0.7643122287865322
17950,0.9306221758776503,0.23584461755633399,0.764155382443666
17951,0.9306395550921098,0.23584461755633399,0.764155382443666
17952,0.9306395550921098,0.23591432704205226,0.7640856729579477
17953,0.9306569343065694,0.23591432704205226,0.7640856729579477
17954,0.9306569343065694,0.23593175441348183,0.7640682455865182
17955,0.9306743135210288,0.23593175441348183,0.7640682455865182
17956,0.9306743135210288,0.2359491817849114,0.7640508182150886
17957,0.9306916927354884,0.2359491817849114,0.7640508182150886
17958,0.9306916927354884,0.23596660915634096,0.7640333908436591
17959,0.9307785888077859,0.23596660915634096,0.7640333908436591
17960,0.9307785888077859,0.23598403652777053,0.7640159634722294
17961,0.9307959680222454,0.23598403652777053,0.7640159634722294
17962,0.9307959680222454,0.23601889127062964,0.7639811087293704
17963,0.9308481056656239,0.23601889127062964,0.7639811087293704
17964,0.9308481056656239,0.2360363186420592,0.7639636813579408
17965,0.9309176225234619,0.2360363186420592,0.7639636813579408
17966,0.9309176225234619,0.23605374601348877,0.7639462539865112
17967,0.9309697601668404,0.23605374601348877,0.7639462539865112
17968,0.9309697601668404,0.23610602812777748,0.7638939718722225
17969,0.9309871393813,0.23610602812777748,0.7638939718722225
17970,0.9309871393813,0.23614088287063661,0.7638591171293634
17971,0.9310392770246785,0.23614088287063661,0.7638591171293634
17972,0.9310392770246785,0.23619316498492532,0.7638068350150746
17973,0.931056656239138,0.23619316498492532,0.7638068350150746
17974,0.931056656239138,0.23624544709921402,0.763754552900786
17975,0.9310740354535975,0.23624544709921402,0.763754552900786
17976,0.9310740354535975,0.23629772921350273,0.7637022707864973
17977,0.931126173096976,0.23629772921350273,0.7637022707864973
17978,0.931126173096976,0.23635001132779143,0.7636499886722086
17979,0.9311435523114355,0.23635001132779143,0.7636499886722086
17980,0.9311435523114355,0.23638486607065057,0.7636151339293494
17981,0.9311609315258951,0.23638486607065057,0.7636151339293494
17982,0.9311609315258951,0.23640229344208014,0.7635977065579198
17983,0.9311783107403545,0.23640229344208014,0.7635977065579198
17984,0.9311783107403545,0.2364197208135097,0.7635802791864903
17985,0.931195689954814,0.2364197208135097,0.7635802791864903
17986,0.931195689954814,0.23645457555636884,0.7635454244436312
17987,0.9312130691692736,0.23645457555636884,0.7635454244436312
17988,0.9312130691692736,0.23657656715637582,0.7634234328436242
17989,0.931230448383733,0.23657656715637582,0.7634234328436242
17990,0.931230448383733,0.23669855875638277,0.7633014412436172
17991,0.9312478275981926,0.23669855875638277,0.7633014412436172
17992,0.9312478275981926,0.2367334134992419,0.7632665865007581
17993,0.931265206812652,0.2367334134992419,0.7632665865007581
17994,0.931265206812652,0.23675084087067147,0.7632491591293286
17995,0.9312825860271116,0.23675084087067147,0.7632491591293286
17996,0.9312825860271116,0.23689025984210801,0.763109740157892
17997,0.9313173444560305,0.23689025984210801,0.763109740157892
17998,0.9313173444560305,0.23697739669925585,0.7630226033007441
17999,0.9313347236704901,0.23697739669925585,0.7630226033007441
18000,0.9313347236704901,0.237012251442115,0.762987748557885
18001,0.9313521028849496,0.237012251442115,0.762987748557885
18002,0.9313521028849496,0.2370645335564037,0.7629354664435963
18003,0.9313694820994091,0.2370645335564037,0.7629354664435963
18004,0.9313694820994091,0.23708196092783326,0.7629180390721667
18005,0.9313868613138686,0.23708196092783326,0.7629180390721667
18006,0.9313868613138686,0.23709938829926283,0.7629006117007372
18007,0.9314042405283282,0.23709938829926283,0.7629006117007372
18008,0.9314042405283282,0.2371690977849811,0.7628309022150189
18009,0.9314216197427876,0.2371690977849811,0.7628309022150189
18010,0.9314216197427876,0.23727366201355848,0.7627263379864415
18011,0.9314389989572471,0.23727366201355848,0.7627263379864415
18012,0.9314389989572471,0.23729108938498805,0.762708910615012
18013,0.9314563781717067,0.23729108938498805,0.762708910615012
18014,0.9314563781717067,0.23736079887070632,0.7626392011292937
18015,0.9315085158150852,0.23736079887070632,0.7626392011292937
18016,0.9315085158150852,0.23739565361356546,0.7626043463864345
18017,0.9315780326729232,0.23739565361356546,0.7626043463864345
18018,0.9315780326729232,0.23750021784214287,0.7624997821578572
18019,0.9316127911018421,0.23750021784214287,0.7624997821578572
18020,0.9316127911018421,0.237535072585002,0.7624649274149979
18021,0.9316301703163017,0.237535072585002,0.7624649274149979
18022,0.9316301703163017,0.23755249995643157,0.7624475000435684
18023,0.9316475495307612,0.23755249995643157,0.7624475000435684
18024,0.9316475495307612,0.23762220944214985,0.7623777905578502
18025,0.9316649287452207,0.23762220944214985,0.7623777905578502
18026,0.9316649287452207,0.2376396368135794,0.7623603631864206
18027,0.9316996871741398,0.2376396368135794,0.7623603631864206
18028,0.9316996871741398,0.23770934629929769,0.7622906537007024
18029,0.9317170663885992,0.23770934629929769,0.7622906537007024
18030,0.9317170663885992,0.23772677367072725,0.7622732263292727
18031,0.9317518248175183,0.23772677367072725,0.7622732263292727
18032,0.9317518248175183,0.23777905578501596,0.7622209442149841
18033,0.9317865832464373,0.23777905578501596,0.7622209442149841
18034,0.9317865832464373,0.23779648315644553,0.7622035168435545
18035,0.9318039624608968,0.23779648315644553,0.7622035168435545
18036,0.9318039624608968,0.23791847475645247,0.7620815252435476
18037,0.9318387208898158,0.23791847475645247,0.7620815252435476
18038,0.9318387208898158,0.23793590212788204,0.7620640978721179
18039,0.9318908585331943,0.23793590212788204,0.7620640978721179
18040,0.9318908585331943,0.2379533294993116,0.7620466705006884
18041,0.9319082377476539,0.2379533294993116,0.7620466705006884
18042,0.9319082377476539,0.23797075687074118,0.7620292431292588
18043,0.9319603753910324,0.23797075687074118,0.7620292431292588
18044,0.9319603753910324,0.23802303898502988,0.7619769610149701
18045,0.9320298922488703,0.23802303898502988,0.7619769610149701
18046,0.9320298922488703,0.23805789372788902,0.761942106272111
18047,0.9320472714633299,0.23805789372788902,0.761942106272111
18048,0.9320472714633299,0.23809274847074816,0.7619072515292519
18049,0.9320646506777893,0.23809274847074816,0.7619072515292519
18050,0.9320646506777893,0.23824959481361427,0.7617504051863857
18051,0.9320820298922489,0.23824959481361427,0.7617504051863857
18052,0.9320820298922489,0.23826702218504384,0.7617329778149562
18053,0.9321167883211678,0.23826702218504384,0.7617329778149562
18054,0.9321167883211678,0.23830187692790297,0.761698123072097
18055,0.9321515467500869,0.23830187692790297,0.761698123072097
18056,0.9321515467500869,0.2383367316707621,0.7616632683292379
18057,0.9321689259645464,0.2383367316707621,0.7616632683292379
18058,0.9321689259645464,0.2383890137850508,0.7616109862149492
18059,0.9321863051790059,0.2383890137850508,0.7616109862149492
18060,0.9321863051790059,0.2384412958993395,0.7615587041006605
18061,0.9322036843934655,0.2384412958993395,0.7615587041006605
18062,0.9322036843934655,0.23845872327076906,0.7615412767292309
18063,0.9322210636079249,0.23845872327076906,0.7615412767292309
18064,0.9322210636079249,0.23852843275648733,0.7614715672435126
18065,0.9322384428223844,0.23852843275648733,0.7614715672435126
18066,0.9322384428223844,0.2385981422422056,0.7614018577577943
18067,0.932255822036844,0.2385981422422056,0.7614018577577943
18068,0.932255822036844,0.23861556961363517,0.7613844303863648
18069,0.9322732012513034,0.23861556961363517,0.7613844303863648
18070,0.9322732012513034,0.23868527909935344,0.7613147209006466
18071,0.932290580465763,0.23868527909935344,0.7613147209006466
18072,0.932290580465763,0.238702706470783,0.761297293529217
18073,0.9323079596802225,0.238702706470783,0.761297293529217
18074,0.9323079596802225,0.23873756121364215,0.7612624387863578
18075,0.9323253388946819,0.23873756121364215,0.7612624387863578
18076,0.9323253388946819,0.2388769801850787,0.7611230198149213
18077,0.9323427181091415,0.2388769801850787,0.7611230198149213
18078,0.9323427181091415,0.23891183492793783,0.7610881650720622
18079,0.9323600973236009,0.23891183492793783,0.7610881650720622
18080,0.9323600973236009,0.2389292622993674,0.7610707377006326
18081,0.9323774765380605,0.2389292622993674,0.7610707377006326
18082,0.9323774765380605,0.2389815444136561,0.761018455586344
18083,0.9324122349669794,0.2389815444136561,0.761018455586344
18084,0.9324122349669794,0.23899897178508567,0.7610010282149143
18085,0.932429614181439,0.23899897178508567,0.7610010282149143
18086,0.932429614181439,0.23901639915651524,0.7609836008434847
18087,0.9324469933958985,0.23901639915651524,0.7609836008434847
18088,0.9324469933958985,0.23905125389937434,0.7609487461006257
18089,0.932464372610358,0.23905125389937434,0.7609487461006257
18090,0.932464372610358,0.2390686812708039,0.7609313187291961
18091,0.9324817518248175,0.2390686812708039,0.7609313187291961
18092,0.9324817518248175,0.23927780972795873,0.7607221902720412
18093,0.9324991310392771,0.23927780972795873,0.7607221902720412
18094,0.9324991310392771,0.23933009184224743,0.7606699081577526
18095,0.9325165102537365,0.23933009184224743,0.7606699081577526
18096,0.9325165102537365,0.23936494658510657,0.7606350534148935
18097,0.932568647897115,0.23936494658510657,0.7606350534148935
18098,0.932568647897115,0.23938237395653614,0.7606176260434638
18099,0.9325860271115746,0.23938237395653614,0.7606176260434638
18100,0.9325860271115746,0.2393998013279657,0.7606001986720343
18101,0.9326034063260341,0.23941722869939527,0.7605827713006047
18102,0.9326034063260341,0.23950436555654311,0.7604956344434569
18103,0.9326555439694126,0.23950436555654311,0.7604956344434569
18104,0.9326555439694126,0.23952179292797268,0.7604782070720273
18105,0.9326729231838721,0.23952179292797268,0.7604782070720273
18106,0.9326729231838721,0.23953922029940225,0.7604607797005978
18107,0.9326903023983316,0.23953922029940225,0.7604607797005978
18108,0.9326903023983316,0.2395740750422614,0.7604259249577386
18109,0.932707681612791,0.2395740750422614,0.7604259249577386
18110,0.932707681612791,0.23964378452797966,0.7603562154720204
18111,0.9327250608272506,0.23964378452797966,0.7603562154720204
18112,0.9327250608272506,0.23978320349941618,0.7602167965005838
18113,0.9327424400417101,0.23978320349941618,0.7602167965005838
18114,0.9327424400417101,0.23987034035656402,0.7601296596434359
18115,0.9327598192561696,0.23987034035656402,0.7601296596434359
18116,0.9327598192561696,0.23992262247085272,0.7600773775291473
18117,0.9327771984706291,0.23992262247085272,0.7600773775291473
18118,0.9327771984706291,0.239992331956571,0.760007668043429
18119,0.9327945776850887,0.239992331956571,0.760007668043429
18120,0.9327945776850887,0.24007946881371883,0.7599205311862811
18121,0.9328119568995481,0.24007946881371883,0.7599205311862811
18122,0.9328119568995481,0.24013175092800754,0.7598682490719925
18123,0.9328814737573862,0.24013175092800754,0.7598682490719925
18124,0.9328988529718457,0.2401491782994371,0.7598508217005628
18125,0.9328988529718457,0.24021888778515538,0.7597811122148446
18126,0.9329162321863051,0.24021888778515538,0.7597811122148446
18127,0.9329162321863051,0.2403060246423032,0.7596939753576968
18128,0.9329336114007647,0.2403060246423032,0.7596939753576968
18129,0.9329336114007647,0.2403583067565919,0.7596416932434081
18130,0.9329509906152242,0.2403583067565919,0.7596416932434081
18131,0.9329509906152242,0.24042801624231017,0.7595719837576899
18132,0.9329857490441432,0.24042801624231017,0.7595719837576899
18133,0.9329857490441432,0.24044544361373973,0.7595545563862602
18134,0.9330031282586028,0.24044544361373973,0.7595545563862602
18135,0.9330031282586028,0.24048029835659887,0.7595197016434011
18136,0.9330205074730622,0.24048029835659887,0.7595197016434011
18137,0.9330205074730622,0.24053258047088757,0.7594674195291125
18138,0.9330900243309003,0.24053258047088757,0.7594674195291125
18139,0.9330900243309003,0.24058486258517628,0.7594151374148237
18140,0.9331074035453597,0.24058486258517628,0.7594151374148237
18141,0.9331074035453597,0.24060228995660585,0.7593977100433942
18142,0.9331595411887382,0.24060228995660585,0.7593977100433942
18143,0.9331595411887382,0.24063714469946498,0.759362855300535
18144,0.9331942996176573,0.24063714469946498,0.759362855300535
18145,0.9331942996176573,0.2406894268137537,0.7593105731862463
18146,0.9332116788321168,0.2406894268137537,0.7593105731862463
18147,0.9332116788321168,0.24072428155661282,0.7592757184433871
18148,0.9332290580465763,0.24072428155661282,0.7592757184433871
18149,0.9332290580465763,0.24075913629947196,0.759240863700528
18150,0.9332464372610358,0.24075913629947196,0.759240863700528
18151,0.9332464372610358,0.24077656367090153,0.7592234363290985
18152,0.9332638164754953,0.24077656367090153,0.7592234363290985
18153,0.9332638164754953,0.24082884578519023,0.7591711542148097
18154,0.9332811956899548,0.24082884578519023,0.7591711542148097
18155,0.9332811956899548,0.24086370052804937,0.7591362994719506
18156,0.9332985749044144,0.24086370052804937,0.7591362994719506
18157,0.9332985749044144,0.2408811278994789,0.7591188721005211
18158,0.9333333333333333,0.2408811278994789,0.7591188721005211
18159,0.9333333333333333,0.24091598264233804,0.759084017357662
18160,0.9333507125477929,0.24091598264233804,0.759084017357662
18161,0.9333507125477929,0.24102054687091545,0.7589794531290845
18162,0.9333680917622523,0.24102054687091545,0.7589794531290845
18163,0.9333680917622523,0.24103797424234502,0.758962025757655
18164,0.9333854709767119,0.24103797424234502,0.758962025757655
18165,0.9333854709767119,0.24107282898520416,0.7589271710147958
18166,0.9334202294056309,0.24107282898520416,0.7589271710147958
18167,0.9334202294056309,0.241159965842352,0.758840034157648
18168,0.9334376086200904,0.241159965842352,0.758840034157648
18169,0.9334376086200904,0.24136909429950681,0.7586309057004932
18170,0.9334549878345498,0.24136909429950681,0.7586309057004932
18171,0.9334549878345498,0.24138652167093638,0.7586134783290637
18172,0.9334723670490094,0.24138652167093638,0.7586134783290637
18173,0.9334723670490094,0.24140394904236595,0.758596050957634
18174,0.9334897462634689,0.24140394904236595,0.758596050957634
18175,0.9334897462634689,0.24142137641379552,0.7585786235862044
18176,0.9335071254779284,0.24142137641379552,0.7585786235862044
18177,0.9335071254779284,0.24147365852808422,0.7585263414719158
18178,0.9335245046923879,0.24147365852808422,0.7585263414719158
18179,0.9335245046923879,0.24149108589951376,0.7585089141004863
18180,0.9335418839068474,0.24149108589951376,0.7585089141004863
18181,0.9335418839068474,0.2415259406423729,0.7584740593576271
18182,0.9335592631213069,0.2415259406423729,0.7584740593576271
18183,0.9335592631213069,0.24156079538523204,0.758439204614768
18184,0.933594021550226,0.24156079538523204,0.758439204614768
18185,0.933594021550226,0.2416305048709503,0.7583694951290497
18186,0.9336114007646854,0.2416305048709503,0.7583694951290497
18187,0.9336114007646854,0.24166535961380944,0.7583346403861906
18188,0.933628779979145,0.24166535961380944,0.7583346403861906
18189,0.933628779979145,0.24171764172809815,0.7582823582719018
18190,0.9336461591936045,0.24171764172809815,0.7582823582719018
18191,0.9336461591936045,0.24182220595667556,0.7581777940433244
18192,0.9336809176225235,0.24182220595667556,0.7581777940433244
18193,0.9336809176225235,0.24183963332810512,0.7581603666718949
18194,0.933698296836983,0.24183963332810512,0.7581603666718949
18195,0.933698296836983,0.24187448807096426,0.7581255119290358
18196,0.933733055265902,0.24187448807096426,0.7581255119290358
18197,0.933733055265902,0.2419616249281121,0.7580383750718879
18198,0.9337504344803614,0.2419616249281121,0.7580383750718879
18199,0.9337504344803614,0.2420139070424008,0.7579860929575992
18200,0.933767813694821,0.2420139070424008,0.7579860929575992
18201,0.933767813694821,0.2420661891566895,0.7579338108433105
18202,0.9337851929092805,0.2420661891566895,0.7579338108433105
18203,0.9337851929092805,0.24213589864240775,0.7578641013575922
18204,0.93380257212374,0.24213589864240775,0.7578641013575922
18205,0.93380257212374,0.24218818075669646,0.7578118192433035
18206,0.9338199513381995,0.24218818075669646,0.7578118192433035
18207,0.9338199513381995,0.24225789024241473,0.7577421097575853
18208,0.9338547097671185,0.24225789024241473,0.7577421097575853
18209,0.9338547097671185,0.24229274498527387,0.7577072550147261
18210,0.933872088981578,0.24229274498527387,0.7577072550147261
18211,0.933872088981578,0.24241473658528084,0.7575852634147191
18212,0.9338894681960376,0.24241473658528084,0.7575852634147191
18213,0.9338894681960376,0.24246701869956955,0.7575329813004305
18214,0.933906847410497,0.24246701869956955,0.7575329813004305
18215,0.933906847410497,0.24258901029957652,0.7574109897004235
18216,0.9339242266249566,0.24258901029957652,0.7574109897004235
18217,0.9339242266249566,0.2426587197852948,0.7573412802147053
18218,0.9339589850538755,0.2426587197852948,0.7573412802147053
18219,0.9339589850538755,0.24267614715672436,0.7573238528432756
18220,0.9339937434827946,0.24267614715672436,0.7573238528432756
18221,0.9339937434827946,0.24271100189958347,0.7572889981004165
18222,0.9340285019117136,0.24271100189958347,0.7572889981004165
18223,0.9340285019117136,0.24272842927101304,0.757271570728987
18224,0.9340632603406326,0.24272842927101304,0.757271570728987
18225,0.9340632603406326,0.24276328401387218,0.7572367159861279
18226,0.9340806395550921,0.24276328401387218,0.7572367159861279
18227,0.9340806395550921,0.24278071138530175,0.7572192886146982
18228,0.9340980187695516,0.24278071138530175,0.7572192886146982
18229,0.9340980187695516,0.24283299349959045,0.7571670065004096
18230,0.9341153979840111,0.24283299349959045,0.7571670065004096
18231,0.9341153979840111,0.24300726721388613,0.7569927327861139
18232,0.9341327771984707,0.24300726721388613,0.7569927327861139
18233,0.9341327771984707,0.24309440407103397,0.756905595928966
18234,0.9341501564129301,0.24309440407103397,0.756905595928966
18235,0.9341501564129301,0.24323382304247051,0.7567661769575295
18236,0.9341675356273896,0.24323382304247051,0.7567661769575295
18237,0.9341675356273896,0.24325125041390008,0.7567487495861
18238,0.9341849148418492,0.24325125041390008,0.7567487495861
18239,0.9341849148418492,0.24326867778532965,0.7567313222146703
18240,0.9342022940563086,0.24326867778532965,0.7567313222146703
18241,0.9342022940563086,0.24332095989961833,0.7566790401003817
18242,0.9342196732707682,0.24332095989961833,0.7566790401003817
18243,0.9342196732707682,0.2433383872710479,0.756661612728952
18244,0.9342370524852277,0.2433383872710479,0.756661612728952
18245,0.9342370524852277,0.24337324201390703,0.756626757986093
18246,0.9342544316996871,0.24337324201390703,0.756626757986093
18247,0.9342544316996871,0.24340809675676617,0.7565919032432338
18248,0.9342718109141467,0.24340809675676617,0.7565919032432338
18249,0.9342718109141467,0.2434429514996253,0.7565570485003748
18250,0.9342891901286062,0.2434429514996253,0.7565570485003748
18251,0.9342891901286062,0.24346037887105487,0.7565396211289451
18252,0.9343065693430657,0.24346037887105487,0.7565396211289451
18253,0.9343065693430657,0.24347780624248444,0.7565221937575155
18254,0.9343239485575252,0.24347780624248444,0.7565221937575155
18255,0.9343239485575252,0.24351266098534358,0.7564873390146565
18256,0.9343587069864442,0.24351266098534358,0.7564873390146565
18257,0.9343587069864442,0.24353008835677314,0.7564699116432269
18258,0.9344282238442823,0.24353008835677314,0.7564699116432269
18259,0.9344282238442823,0.24359979784249142,0.7564002021575086
18260,0.9344456030587417,0.24359979784249142,0.7564002021575086
18261,0.9344456030587417,0.2437217894424984,0.7562782105575017
18262,0.9344977407021202,0.2437217894424984,0.7562782105575017
18263,0.9344977407021202,0.24380892629964623,0.7561910737003538
18264,0.9345151199165798,0.24380892629964623,0.7561910737003538
18265,0.9345151199165798,0.2438263536710758,0.7561736463289241
18266,0.9345846367744178,0.2438263536710758,0.7561736463289241
18267,0.9345846367744178,0.24401805475680102,0.755981945243199
18268,0.9346020159888773,0.24401805475680102,0.755981945243199
18269,0.9346020159888773,0.2440354821282306,0.7559645178717694
18270,0.9346367744177964,0.2440354821282306,0.7559645178717694
18271,0.9346367744177964,0.24410519161394886,0.7558948083860512
18272,0.9346715328467153,0.24410519161394886,0.7558948083860512
18273,0.9346715328467153,0.24415747372823757,0.7558425262717624
18274,0.9346889120611749,0.24415747372823757,0.7558425262717624
18275,0.9346889120611749,0.2442446105853854,0.7557553894146146
18276,0.9347410497045534,0.2442446105853854,0.7557553894146146
18277,0.9347410497045534,0.24434917481396282,0.7556508251860372
18278,0.9347584289190128,0.24434917481396282,0.7556508251860372
18279,0.9347931873479318,0.24434917481396282,0.7556508251860372
18280,0.9347931873479318,0.2444188842996811,0.7555811157003189
18281,0.9348105665623914,0.2444188842996811,0.7555811157003189
18282,0.9348105665623914,0.24443631167111066,0.7555636883288893
18283,0.9348279457768509,0.24443631167111066,0.7555636883288893
18284,0.9348279457768509,0.24448859378539936,0.7555114062146007
18285,0.9348627042057699,0.24448859378539936,0.7555114062146007
18286,0.9348627042057699,0.2445583032711176,0.7554416967288824
18287,0.9348974626346889,0.2445583032711176,0.7554416967288824
18288,0.9348974626346889,0.2446105853854063,0.7553894146145936
18289,0.9349148418491484,0.2446105853854063,0.7553894146145936
18290,0.9349148418491484,0.24468029487112458,0.7553197051288754
18291,0.934932221063608,0.24468029487112458,0.7553197051288754
18292,0.934932221063608,0.24471514961398372,0.7552848503860163
18293,0.9349669794925269,0.24471514961398372,0.7552848503860163
18294,0.9349669794925269,0.24475000435684285,0.7552499956431571
18295,0.9350017379214459,0.24475000435684285,0.7552499956431571
18296,0.9350017379214459,0.244784859099702,0.7552151409002981
18297,0.9350191171359055,0.244784859099702,0.7552151409002981
18298,0.9350191171359055,0.24480228647113156,0.7551977135288684
18299,0.9350538755648244,0.24480228647113156,0.7551977135288684
18300,0.9350538755648244,0.24487199595684983,0.7551280040431502
18301,0.9350886339937435,0.24487199595684983,0.7551280040431502
18302,0.9350886339937435,0.24495913281399767,0.7550408671860023
18303,0.935106013208203,0.24495913281399767,0.7550408671860023
18304,0.935106013208203,0.2449939875568568,0.7550060124431432
18305,0.935140771637122,0.2449939875568568,0.7550060124431432
18306,0.935140771637122,0.24501141492828638,0.7549885850717136
18307,0.9351581508515815,0.24501141492828638,0.7549885850717136
18308,0.9351581508515815,0.24502884229971594,0.754971157700284
18309,0.935175530066041,0.24502884229971594,0.754971157700284
18310,0.935175530066041,0.24506369704257508,0.754936302957425
18311,0.9351929092805005,0.24506369704257508,0.754936302957425
18312,0.9351929092805005,0.24511597915686378,0.7548840208431362
18313,0.93521028849496,0.24511597915686378,0.7548840208431362
18314,0.93521028849496,0.24513340652829332,0.7548665934717067
18315,0.9352276677094196,0.24513340652829332,0.7548665934717067
18316,0.9352276677094196,0.24529025287115944,0.7547097471288405
18317,0.935245046923879,0.24529025287115944,0.7547097471288405
18318,0.935245046923879,0.24534253498544814,0.7546574650145519
18319,0.9352624261383385,0.24534253498544814,0.7546574650145519
18320,0.9352624261383385,0.24537738972830728,0.7546226102716928
18321,0.9352798053527981,0.24537738972830728,0.7546226102716928
18322,0.9352798053527981,0.24539481709973684,0.7546051829002631
18323,0.9352971845672575,0.24539481709973684,0.7546051829002631
18324,0.9352971845672575,0.24542967184259598,0.754570328157404
18325,0.9353145637817171,0.24542967184259598,0.754570328157404
18326,0.9353145637817171,0.24549938132831425,0.7545006186716857
18327,0.9353319429961766,0.24549938132831425,0.7545006186716857
18328,0.9353319429961766,0.24556909081403253,0.7544309091859674
18329,0.935349322210636,0.24556909081403253,0.7544309091859674
18330,0.935349322210636,0.2455865181854621,0.7544134818145379
18331,0.9353667014250956,0.2455865181854621,0.7544134818145379
18332,0.9353667014250956,0.24560394555689166,0.7543960544431083
18333,0.9353840806395551,0.24560394555689166,0.7543960544431083
18334,0.9353840806395551,0.2456388002997508,0.7543611997002492
18335,0.9354014598540146,0.2456388002997508,0.7543611997002492
18336,0.9354014598540146,0.24567365504260993,0.75432634495739
18337,0.9354362182829337,0.24567365504260993,0.75432634495739
18338,0.9354362182829337,0.2456910824140395,0.7543089175859605
18339,0.9354535974973931,0.2456910824140395,0.7543089175859605
18340,0.9354535974973931,0.24570850978546907,0.7542914902145309
18341,0.9354709767118526,0.24570850978546907,0.7542914902145309
18342,0.9354709767118526,0.24572593715689864,0.7542740628431014
18343,0.9354883559263121,0.24572593715689864,0.7542740628431014
18344,0.9354883559263121,0.24591763824262386,0.7540823617573762
18345,0.9355057351407716,0.24591763824262386,0.7540823617573762
18346,0.9355057351407716,0.24598734772834213,0.7540126522716579
18347,0.9355231143552312,0.24598734772834213,0.7540126522716579
18348,0.9355231143552312,0.24602220247120127,0.7539777975287987
18349,0.9355404935696906,0.24602220247120127,0.7539777975287987
18350,0.9355404935696906,0.2461616214426378,0.7538383785573621
18351,0.9355578727841501,0.2461616214426378,0.7538383785573621
18352,0.9355578727841501,0.24619647618549695,0.7538035238145031
18353,0.9355752519986097,0.24619647618549695,0.7538035238145031
18354,0.9355752519986097,0.24621390355692652,0.7537860964430735
18355,0.9355926312130691,0.24621390355692652,0.7537860964430735
18356,0.9355926312130691,0.24623133092835608,0.7537686690716439
18357,0.9356100104275287,0.24623133092835608,0.7537686690716439
18358,0.9356100104275287,0.24624875829978565,0.7537512417002143
18359,0.9356273896419882,0.24624875829978565,0.7537512417002143
18360,0.9356273896419882,0.2463358951569335,0.7536641048430666
18361,0.9356447688564477,0.2463358951569335,0.7536641048430666
18362,0.9356447688564477,0.24635332252836303,0.7536466774716369
18363,0.9356621480709072,0.24635332252836303,0.7536466774716369
18364,0.9356621480709072,0.24638817727122217,0.7536118227287778
18365,0.9356795272853667,0.24638817727122217,0.7536118227287778
18366,0.9356795272853667,0.24645788675694044,0.7535421132430595
18367,0.9357142857142857,0.24645788675694044,0.7535421132430595
18368,0.9357142857142857,0.24649274149979958,0.7535072585002004
18369,0.9357316649287453,0.24649274149979958,0.7535072585002004
18370,0.9357316649287453,0.24657987835694742,0.7534201216430526
18371,0.9357490441432047,0.24657987835694742,0.7534201216430526
18372,0.9357490441432047,0.246597305728377,0.753402694271623
18373,0.9357664233576642,0.246597305728377,0.753402694271623
18374,0.9357664233576642,0.2466495878426657,0.7533504121573343
18375,0.9357838025721238,0.2466495878426657,0.7533504121573343
18376,0.9357838025721238,0.24666701521409526,0.7533329847859047
18377,0.9358011817865832,0.24666701521409526,0.7533329847859047
18378,0.9358011817865832,0.24673672469981353,0.7532632753001864
18379,0.9358185610010428,0.24673672469981353,0.7532632753001864
18380,0.9358185610010428,0.2468064341855318,0.7531935658144682
18381,0.9358533194299617,0.2468064341855318,0.7531935658144682
18382,0.9358533194299617,0.2469109984141092,0.7530890015858908
18383,0.9358880778588807,0.2469109984141092,0.7530890015858908
18384,0.9358880778588807,0.24694585315696835,0.7530541468430316
18385,0.9359054570733403,0.24694585315696835,0.7530541468430316
18386,0.9359054570733403,0.2469632805283979,0.7530367194716021
18387,0.9359575947167188,0.2469632805283979,0.7530367194716021
18388,0.9359575947167188,0.24710269949983443,0.7528973005001656
18389,0.9359749739311783,0.24710269949983443,0.7528973005001656
18390,0.9359749739311783,0.247120126871264,0.752879873128736
18391,0.9359923531456378,0.247120126871264,0.752879873128736
18392,0.9359923531456378,0.24715498161412314,0.7528450183858768
18393,0.9360097323600973,0.24715498161412314,0.7528450183858768
18394,0.9360097323600973,0.24718983635698227,0.7528101636430178
18395,0.9360271115745569,0.24718983635698227,0.7528101636430178
18396,0.9360271115745569,0.24720726372841184,0.7527927362715882
18397,0.9360444907890163,0.24720726372841184,0.7527927362715882
18398,0.9360444907890163,0.24725954584270055,0.7527404541572995
18399,0.9360618700034758,0.24725954584270055,0.7527404541572995
18400,0.9360618700034758,0.24734668269984839,0.7526533173001516
18401,0.9360792492179354,0.24734668269984839,0.7526533173001516
18402,0.9360792492179354,0.2473989648141371,0.752601035185863
18403,0.9360966284323948,0.2473989648141371,0.752601035185863
18404,0.9360966284323948,0.24741639218556666,0.7525836078144333
18405,0.9361140076468544,0.24741639218556666,0.7525836078144333
18406,0.9361140076468544,0.24743381955699623,0.7525661804430037
18407,0.9361313868613139,0.24743381955699623,0.7525661804430037
18408,0.9361313868613139,0.24746867429985536,0.7525313257001447
18409,0.9361487660757734,0.24746867429985536,0.7525313257001447
18410,0.9361487660757734,0.2475906658998623,0.7524093341001377
18411,0.9361661452902329,0.2475906658998623,0.7524093341001377
18412,0.9361661452902329,0.24762552064272145,0.7523744793572785
18413,0.9362009037191519,0.24762552064272145,0.7523744793572785
18414,0.9362009037191519,0.24767780275701015,0.7523221972429899
18415,0.9362182829336114,0.24767780275701015,0.7523221972429899
18416,0.9362182829336114,0.24769523012843972,0.7523047698715603
18417,0.9362530413625304,0.24769523012843972,0.7523047698715603
18418,0.9362530413625304,0.24773008487129886,0.7522699151287011
18419,0.9362877997914494,0.24773008487129886,0.7522699151287011
18420,0.9362877997914494,0.247764939614158,0.752235060385842
18421,0.9363051790059089,0.247764939614158,0.752235060385842
18422,0.9363051790059089,0.24783464909987626,0.7521653509001237
18423,0.9363225582203685,0.24783464909987626,0.7521653509001237
18424,0.9363225582203685,0.2478695038427354,0.7521304961572646
18425,0.9363399374348279,0.2478695038427354,0.7521304961572646
18426,0.9363399374348279,0.24788693121416497,0.7521130687858351
18427,0.9363573166492875,0.24788693121416497,0.7521130687858351
18428,0.9363573166492875,0.24795664069988324,0.7520433593001168
18429,0.9364268335071255,0.24795664069988324,0.7520433593001168
18430,0.9364268335071255,0.24806120492846065,0.7519387950715394
18431,0.936444212721585,0.24806120492846065,0.7519387950715394
18432,0.936444212721585,0.24811348704274935,0.7518865129572506
18433,0.9364615919360445,0.24811348704274935,0.7518865129572506
18434,0.9364615919360445,0.24821805127132673,0.7517819487286732
18435,0.936478971150504,0.24821805127132673,0.7517819487286732
18436,0.936478971150504,0.24830518812847457,0.7516948118715254
18437,0.9364963503649635,0.24830518812847457,0.7516948118715254
18438,0.9364963503649635,0.24832261549990414,0.7516773845000959
18439,0.936513729579423,0.24832261549990414,0.7516773845000959
18440,0.936513729579423,0.24835747024276328,0.7516425297572367
18441,0.936548488008342,0.24835747024276328,0.7516425297572367
18442,0.936548488008342,0.24839232498562241,0.7516076750143776
18443,0.936583246437261,0.24839232498562241,0.7516076750143776
18444,0.936583246437261,0.24840975235705198,0.751590247642948
18445,0.9366006256517205,0.24840975235705198,0.751590247642948
18446,0.9366006256517205,0.2486711629284955,0.7513288370715046
18447,0.9366180048661801,0.2486711629284955,0.7513288370715046
18448,0.9366180048661801,0.2487234450427842,0.7512765549572158
18449,0.9366353840806395,0.2487234450427842,0.7512765549572158
18450,0.9366353840806395,0.24879315452850245,0.7512068454714975
18451,0.9366527632950991,0.24879315452850245,0.7512068454714975
18452,0.9366527632950991,0.2488280092713616,0.7511719907286384
18453,0.9366701425095586,0.2488280092713616,0.7511719907286384
18454,0.9366701425095586,0.24891514612850943,0.7510848538714906
18455,0.936687521724018,0.24891514612850943,0.7510848538714906
18456,0.936687521724018,0.24896742824279813,0.7510325717572018
18457,0.9367222801529371,0.24896742824279813,0.7510325717572018
18458,0.9367222801529371,0.24901971035708684,0.7509802896429132
18459,0.9367396593673966,0.24901971035708684,0.7509802896429132
18460,0.9367396593673966,0.24907199247137554,0.7509280075286244
18461,0.9367570385818561,0.24907199247137554,0.7509280075286244
18462,0.9367570385818561,0.24910684721423468,0.7508931527857653
18463,0.9367744177963157,0.24910684721423468,0.7508931527857653
18464,0.9367744177963157,0.24917655669995295,0.750823443300047
18465,0.9367917970107751,0.24917655669995295,0.750823443300047
18466,0.9367917970107751,0.24919398407138252,0.7508060159286175
18467,0.9368265554396942,0.24919398407138252,0.7508060159286175
18468,0.9368265554396942,0.24922883881424165,0.7507711611857584
18469,0.9368439346541536,0.24922883881424165,0.7507711611857584
18470,0.9368439346541536,0.24924626618567122,0.7507537338143287
18471,0.9368786930830727,0.24924626618567122,0.7507537338143287
18472,0.9368786930830727,0.2493159756713895,0.7506840243286105
18473,0.9368960722975321,0.2493159756713895,0.7506840243286105
18474,0.9368960722975321,0.24935083041424863,0.7506491695857513
18475,0.9369134515119917,0.24935083041424863,0.7506491695857513
18476,0.9369134515119917,0.2493682577856782,0.7506317422143218
18477,0.9369308307264511,0.2493682577856782,0.7506317422143218
18478,0.9369308307264511,0.2494031125285373,0.7505968874714627
18479,0.9369482099409107,0.2494031125285373,0.7505968874714627
18480,0.9369482099409107,0.24954253149997385,0.7504574685000261
18481,0.9369655891553702,0.24954253149997385,0.7504574685000261
18482,0.9369655891553702,0.24959481361426256,0.7504051863857375
18483,0.9370003475842892,0.24959481361426256,0.7504051863857375
18484,0.9370003475842892,0.24971680521426953,0.7502831947857305
18485,0.9370177267987487,0.24971680521426953,0.7502831947857305
18486,0.9370177267987487,0.24975165995712867,0.7502483400428713
18487,0.9370351060132082,0.24975165995712867,0.7502483400428713
18488,0.9370351060132082,0.24976908732855824,0.7502309126714417
18489,0.9370698644421273,0.24976908732855824,0.7502309126714417
18490,0.9370698644421273,0.24980394207141737,0.7501960579285827
18491,0.9370872436565867,0.24980394207141737,0.7501960579285827
18492,0.9370872436565867,0.2498910789285652,0.7501089210714348
18493,0.9371046228710462,0.2498910789285652,0.7501089210714348
18494,0.9371046228710462,0.24994336104285392,0.7500566389571461
18495,0.9371220020855058,0.24994336104285392,0.7500566389571461
18496,0.9371220020855058,0.2500479252714313,0.7499520747285686
18497,0.9371393812999652,0.2500479252714313,0.7499520747285686
18498,0.9371393812999652,0.2500653526428609,0.7499346473571391
18499,0.9371567605144248,0.2500653526428609,0.7499346473571391
18500,0.9371567605144248,0.2501176347571496,0.7498823652428503
18501,0.9371915189433437,0.2501176347571496,0.7498823652428503
18502,0.9371915189433437,0.25015248950000873,0.7498475104999913
18503,0.9372262773722628,0.25015248950000873,0.7498475104999913
18504,0.9372262773722628,0.2501699168714383,0.7498300831285617
18505,0.9372436565867223,0.2501699168714383,0.7498300831285617
18506,0.9372436565867223,0.250222198985727,0.749777801014273
18507,0.9372610358011818,0.250222198985727,0.749777801014273
18508,0.9372610358011818,0.2504836095571705,0.7495163904428295
18509,0.9372784150156412,0.2504836095571705,0.7495163904428295
18510,0.9372784150156412,0.25050103692860004,0.7494989630714
18511,0.9372957942301008,0.25050103692860004,0.7494989630714
18512,0.9372957942301008,0.2505184643000296,0.7494815356999704
18513,0.9373131734445603,0.2505184643000296,0.7494815356999704
18514,0.9373131734445603,0.2505358916714592,0.7494641083285408
18515,0.9373479318734793,0.2505358916714592,0.7494641083285408
18516,0.9373479318734793,0.2505881737857479,0.7494118262142522
18517,0.9373653110879389,0.2505881737857479,0.7494118262142522
18518,0.9373653110879389,0.2506404559000366,0.7493595440999634
18519,0.9373826903023983,0.2506404559000366,0.7493595440999634
18520,0.9373826903023983,0.25071016538575486,0.7492898346142451
18521,0.9374000695168578,0.25071016538575486,0.7492898346142451
18522,0.9374000695168578,0.25081472961433227,0.7491852703856677
18523,0.9374174487313174,0.25081472961433227,0.7491852703856677
18524,0.9374174487313174,0.25088443910005054,0.7491155608999495
18525,0.9374522071602364,0.25088443910005054,0.7491155608999495
18526,0.9374522071602364,0.2509018664714801,0.7490981335285198
18527,0.9374695863746959,0.2509018664714801,0.7490981335285198
18528,0.9374695863746959,0.2509541485857688,0.7490458514142312
18529,0.9374869655891553,0.2509541485857688,0.7490458514142312
18530,0.9374869655891553,0.2510238580714871,0.7489761419285129
18531,0.9375043448036149,0.2510238580714871,0.7489761419285129
18532,0.9375043448036149,0.2510587128143462,0.7489412871856538
18533,0.9375217240180744,0.2510587128143462,0.7489412871856538
18534,0.9375217240180744,0.25126784127150104,0.748732158728499
18535,0.9375391032325339,0.25126784127150104,0.748732158728499
18536,0.9375391032325339,0.25130269601436017,0.7486973039856398
18537,0.9375564824469934,0.25130269601436017,0.7486973039856398
18538,0.9375564824469934,0.2514072602429376,0.7485927397570624
18539,0.937573861661453,0.2514072602429376,0.7485927397570624
18540,0.937573861661453,0.25142468761436715,0.7485753123856329
18541,0.9375912408759124,0.25142468761436715,0.7485753123856329
18542,0.9375912408759124,0.2514421149857967,0.7485578850142033
18543,0.9376086200903719,0.2514421149857967,0.7485578850142033
18544,0.9376086200903719,0.2515292518429445,0.7484707481570555
18545,0.9376259993048314,0.2515292518429445,0.7484707481570555
18546,0.9376259993048314,0.25156410658580364,0.7484358934141964
18547,0.9376781369482099,0.25156410658580364,0.7484358934141964
18548,0.9376781369482099,0.25205207298583154,0.7479479270141685
18549,0.9376955161626694,0.25205207298583154,0.7479479270141685
18550,0.9376955161626694,0.2521217824715498,0.7478782175284502
18551,0.9377302745915884,0.2521217824715498,0.7478782175284502
18552,0.9377302745915884,0.25215663721440895,0.747843362785591
18553,0.937747653806048,0.25215663721440895,0.747843362785591
18554,0.937747653806048,0.25220891932869766,0.7477910806713024
18555,0.9377650330205075,0.25220891932869766,0.7477910806713024
18556,0.9377650330205075,0.2522263467001272,0.7477736532998728
18557,0.9377824122349669,0.2522263467001272,0.7477736532998728
18558,0.9377824122349669,0.2522437740715568,0.7477562259284432
18559,0.937817170663886,0.2522437740715568,0.7477562259284432
18560,0.937817170663886,0.2524703299001412,0.7475296700998588
18561,0.9378345498783455,0.2524703299001412,0.7475296700998588
18562,0.9378345498783455,0.252557466757289,0.747442533242711
18563,0.937851929092805,0.252557466757289,0.747442533242711
18564,0.937851929092805,0.2525748941287186,0.7474251058712814
18565,0.9379040667361835,0.2525748941287186,0.7474251058712814
18566,0.9379040667361835,0.2527491678430142,0.7472508321569857
18567,0.9379214459506431,0.2527491678430142,0.7472508321569857
18568,0.9379214459506431,0.2527665952144438,0.7472334047855562
18569,0.9379388251651025,0.2527665952144438,0.7472334047855562
18570,0.9379388251651025,0.25283630470016205,0.747163695299838
18571,0.9379735835940215,0.25283630470016205,0.747163695299838
18572,0.9380257212374,0.25283630470016205,0.747163695299838
18573,0.9380257212374,0.25288858681445076,0.7471114131855492
18574,0.9380431004518596,0.25288858681445076,0.7471114131855492
18575,0.9380431004518596,0.25304543315731687,0.7469545668426831
18576,0.9380604796663191,0.25304543315731687,0.7469545668426831
18577,0.9380604796663191,0.25306286052874644,0.7469371394712536
18578,0.9380778588807785,0.25306286052874644,0.7469371394712536
18579,0.9380778588807785,0.2530977152716056,0.7469022847283944
18580,0.9380952380952381,0.2530977152716056,0.7469022847283944
18581,0.9380952380952381,0.2531499973858943,0.7468500026141057
18582,0.9381126173096976,0.2531499973858943,0.7468500026141057
18583,0.9381126173096976,0.2531848521287534,0.7468151478712466
18584,0.9381473757386166,0.2531848521287534,0.7468151478712466
18585,0.9381473757386166,0.2532371342430421,0.7467628657569578
18586,0.9381647549530762,0.2532371342430421,0.7467628657569578
18587,0.9381647549530762,0.2533068437287604,0.7466931562712396
18588,0.9381995133819951,0.2533068437287604,0.7466931562712396
18589,0.9381995133819951,0.25332427110018996,0.74667572889981
18590,0.9382168925964547,0.25332427110018996,0.74667572889981
18591,0.9382168925964547,0.25339398058590823,0.7466060194140918
18592,0.9382342718109141,0.25339398058590823,0.7466060194140918
18593,0.9382342718109141,0.2534636900716265,0.7465363099283735
18594,0.9382516510253737,0.2534636900716265,0.7465363099283735
18595,0.9382516510253737,0.2535856816716335,0.7464143183283665
18596,0.9382690302398332,0.2535856816716335,0.7464143183283665
18597,0.9382690302398332,0.2536902459002109,0.7463097540997892
18598,0.9382864094542926,0.2536902459002109,0.7463097540997892
18599,0.9382864094542926,0.25370767327164045,0.7462923267283595
18600,0.9383037886687522,0.25370767327164045,0.7462923267283595
18601,0.9383037886687522,0.25382966487164743,0.7461703351283526
18602,0.9383385470976712,0.25382966487164743,0.7461703351283526
18603,0.9383385470976712,0.25388194698593614,0.7461180530140639
18604,0.9383559263121307,0.25388194698593614,0.7461180530140639
18605,0.9383559263121307,0.2539516564716544,0.7460483435283456
18606,0.9383733055265902,0.2539516564716544,0.7460483435283456
18607,0.9383733055265902,0.25400393858594306,0.7459960614140569
18608,0.9384080639555092,0.25400393858594306,0.7459960614140569
18609,0.9384080639555092,0.2540387933288022,0.7459612066711978
18610,0.9384428223844282,0.2540387933288022,0.7459612066711978
18611,0.9384428223844282,0.2540910754430909,0.745908924556909
18612,0.9384602015988878,0.2540910754430909,0.745908924556909
18613,0.9384602015988878,0.2542130670430979,0.7457869329569021
18614,0.9384775808133472,0.2542130670430979,0.7457869329569021
18615,0.9384775808133472,0.25423049441452744,0.7457695055854725
18616,0.9385470976711853,0.25423049441452744,0.7457695055854725
18617,0.9385470976711853,0.2542653491573866,0.7457346508426135
18618,0.9385644768856448,0.2542653491573866,0.7457346508426135
18619,0.9385644768856448,0.2543176312716753,0.7456823687283247
18620,0.9385992353145638,0.2543176312716753,0.7456823687283247
18621,0.9385992353145638,0.254369913385964,0.745630086614036
18622,0.9386166145290233,0.254369913385964,0.745630086614036
18623,0.9386166145290233,0.2544047681288231,0.7455952318711769
18624,0.9386339937434828,0.2544047681288231,0.7455952318711769
18625,0.9386339937434828,0.2545267597288301,0.7454732402711699
18626,0.9386687521724018,0.2545267597288301,0.7454732402711699
18627,0.9386687521724018,0.2546313239574075,0.7453686760425925
18628,0.9386861313868613,0.2546313239574075,0.7453686760425925
18629,0.9386861313868613,0.25466617870026664,0.7453338212997334
18630,0.9387035106013208,0.25466617870026664,0.7453338212997334
18631,0.9387035106013208,0.2547010334431258,0.7452989665568742
18632,0.9387382690302398,0.2547010334431258,0.7452989665568742
18633,0.9387382690302398,0.25471846081455535,0.7452815391854446
18634,0.9387556482446994,0.25471846081455535,0.7452815391854446
18635,0.9387556482446994,0.2549101619002806,0.7450898380997194
18636,0.9387730274591588,0.2549101619002806,0.7450898380997194
18637,0.9387730274591588,0.2550844356145763,0.7449155643854237
18638,0.9387904066736183,0.2550844356145763,0.7449155643854237
18639,0.9387904066736183,0.25518899984315363,0.7448110001568464
18640,0.9388077858880779,0.25518899984315363,0.7448110001568464
18641,0.9388077858880779,0.2552587093288719,0.7447412906711282
18642,0.9388599235314564,0.2552587093288719,0.7447412906711282
18643,0.9388599235314564,0.25527613670030147,0.7447238632996985
18644,0.9388773027459159,0.25527613670030147,0.7447238632996985
18645,0.9388773027459159,0.25529356407173104,0.7447064359282689
18646,0.9388946819603754,0.25529356407173104,0.7447064359282689
18647,0.9388946819603754,0.2553109914431606,0.7446890085568394
18648,0.9389294403892944,0.2553109914431606,0.7446890085568394
18649,0.9389294403892944,0.2553632735574493,0.7446367264425506
18650,0.9389468196037539,0.2553632735574493,0.7446367264425506
18651,0.9389468196037539,0.255415555671738,0.744584444328262
18652,0.9389641988182135,0.255415555671738,0.744584444328262
18653,0.9389641988182135,0.2555201199003154,0.7444798800996846
18654,0.9389815780326729,0.2555201199003154,0.7444798800996846
18655,0.9389815780326729,0.255537547271745,0.7444624527282551
18656,0.9389989572471324,0.255537547271745,0.7444624527282551
18657,0.9389989572471324,0.2555898293860337,0.7444101706139663
18658,0.9390163364615919,0.2555898293860337,0.7444101706139663
18659,0.9390163364615919,0.25562468412889283,0.7443753158711072
18660,0.939051094890511,0.25562468412889283,0.7443753158711072
18661,0.939051094890511,0.2556943936146111,0.7443056063853889
18662,0.9390684741049704,0.2556943936146111,0.7443056063853889
18663,0.9390684741049704,0.25571182098604067,0.7442881790139593
18664,0.93908585331943,0.25571182098604067,0.7442881790139593
18665,0.93908585331943,0.25572924835747024,0.7442707516425298
18666,0.9391032325338895,0.25572924835747024,0.7442707516425298
18667,0.9391032325338895,0.25578153047175894,0.744218469528241
18668,0.9391206117483489,0.25578153047175894,0.744218469528241
18669,0.9391206117483489,0.2558512399574772,0.7441487600425227
18670,0.9391379909628085,0.2558512399574772,0.7441487600425227
18671,0.9391379909628085,0.2558686673289068,0.7441313326710932
18672,0.939155370177268,0.2558686673289068,0.7441313326710932
18673,0.939155370177268,0.2559732315574842,0.7440267684425158
18674,0.939190128606187,0.2559732315574842,0.7440267684425158
18675,0.939190128606187,0.25600808630034333,0.7439919136996567
18676,0.9392075078206465,0.25600808630034333,0.7439919136996567
18677,0.9392075078206465,0.25616493264320944,0.7438350673567906
18678,0.9392422662495655,0.25616493264320944,0.7438350673567906
18679,0.9392422662495655,0.2562869242432164,0.7437130757567836
18680,0.9392596454640251,0.2562869242432164,0.7437130757567836
18681,0.9392596454640251,0.256304351614646,0.7436956483853541
18682,0.9392770246784845,0.256304351614646,0.7436956483853541
18683,0.9392770246784845,0.2563566337289347,0.7436433662710653
18684,0.939294403892944,0.2563566337289347,0.7436433662710653
18685,0.939294403892944,0.25646119795751204,0.743538802042488
18686,0.9393117831074036,0.25646119795751204,0.743538802042488
18687,0.9393117831074036,0.2564960527003712,0.7435039472996288
18688,0.939329162321863,0.2564960527003712,0.7435039472996288
18689,0.939329162321863,0.2565309074432303,0.7434690925567697
18690,0.939363920750782,0.2565309074432303,0.7434690925567697
18691,0.939363920750782,0.2566528990432373,0.7433471009567627
18692,0.9393812999652416,0.2566528990432373,0.7433471009567627
18693,0.9393812999652416,0.25667032641466686,0.7433296735853332
18694,0.9393986791797011,0.25667032641466686,0.7433296735853332
18695,0.9393986791797011,0.256827172757533,0.743172827242467
18696,0.9394160583941605,0.256827172757533,0.743172827242467
18697,0.9394160583941605,0.25684460012896254,0.7431553998710374
18698,0.9394508168230796,0.25684460012896254,0.7431553998710374
18699,0.9394508168230796,0.2568794548718217,0.7431205451281784
18700,0.9394855752519986,0.2568794548718217,0.7431205451281784
18701,0.9394855752519986,0.25689688224325125,0.7431031177567488
18702,0.9395029544664582,0.25689688224325125,0.7431031177567488
18703,0.9395029544664582,0.2569143096146808,0.7430856903853191
18704,0.9395377128953771,0.2569143096146808,0.7430856903853191
18705,0.9395377128953771,0.2570188738432582,0.7429811261567418
18706,0.9395724713242961,0.2570188738432582,0.7429811261567418
18707,0.9395724713242961,0.2570711559575469,0.7429288440424531
18708,0.9395898505387557,0.2570711559575469,0.7429288440424531
18709,0.9395898505387557,0.2570885833289765,0.7429114166710236
18710,0.9396072297532152,0.2570885833289765,0.7429114166710236
18711,0.9396072297532152,0.25710601070040606,0.7428939892995939
18712,0.9396246089676746,0.25710601070040606,0.7428939892995939
18713,0.9396246089676746,0.2571408654432652,0.7428591345567348
18714,0.9396419881821342,0.2571408654432652,0.7428591345567348
18715,0.9396419881821342,0.25715829281469477,0.7428417071853053
18716,0.9396593673965937,0.25715829281469477,0.7428417071853053
18717,0.9396593673965937,0.25717572018612433,0.7428242798138757
18718,0.9396767466110532,0.25717572018612433,0.7428242798138757
18719,0.9396767466110532,0.2571931475575539,0.742806852442446
18720,0.9397288842544317,0.2571931475575539,0.742806852442446
18721,0.9397288842544317,0.2572454296718426,0.7427545703281574
18722,0.9397462634688912,0.2572454296718426,0.7427545703281574
18723,0.9397462634688912,0.2573674212718496,0.7426325787281505
18724,0.9397636426833507,0.2573674212718496,0.7426325787281505
18725,0.9397636426833507,0.2574022760147087,0.7425977239852912
18726,0.9397810218978102,0.2574022760147087,0.7425977239852912
18727,0.9397810218978102,0.257471985500427,0.742528014499573
18728,0.9397984011122698,0.257471985500427,0.742528014499573
18729,0.9397984011122698,0.25750684024328613,0.7424931597567139
18730,0.9398157803267292,0.25750684024328613,0.7424931597567139
18731,0.9398157803267292,0.25754169498614526,0.7424583050138547
18732,0.9398505387556483,0.25754169498614526,0.7424583050138547
18733,0.9398505387556483,0.2575765497290044,0.7424234502709957
18734,0.9398679179701077,0.2575765497290044,0.7424234502709957
18735,0.9398679179701077,0.25759397710043397,0.742406022899566
18736,0.9399026763990268,0.25759397710043397,0.742406022899566
18737,0.9399026763990268,0.25773339607187046,0.7422666039281296
18738,0.9399374348279458,0.25773339607187046,0.7422666039281296
18739,0.9399374348279458,0.25778567818615916,0.7422143218138408
18740,0.9399548140424053,0.25778567818615916,0.7422143218138408
18741,0.9399548140424053,0.257872815043307,0.742127184956693
18742,0.9399721932568648,0.257872815043307,0.742127184956693
18743,0.9399721932568648,0.25789024241473657,0.7421097575852634
18744,0.9399895724713243,0.25789024241473657,0.7421097575852634
18745,0.9399895724713243,0.257994806643314,0.742005193356686
18746,0.9400069516857839,0.257994806643314,0.742005193356686
18747,0.9400069516857839,0.2580296613861731,0.7419703386138269
18748,0.9400417101147028,0.2580296613861731,0.7419703386138269
18749,0.9400417101147028,0.25806451612903225,0.7419354838709677
18750,0.9400764685436218,0.25806451612903225,0.7419354838709677
18751,0.9400764685436218,0.2581516529861801,0.74184834701382
18752,0.9400938477580814,0.2581516529861801,0.74184834701382
18753,0.9400938477580814,0.2581865077290392,0.7418134922709607
18754,0.9401112269725408,0.2581865077290392,0.7418134922709607
18755,0.9401112269725408,0.25823878984332793,0.7417612101566721
18756,0.9401286061870003,0.25823878984332793,0.7417612101566721
18757,0.9401286061870003,0.25829107195761664,0.7417089280423834
18758,0.9401459854014599,0.25829107195761664,0.7417089280423834
18759,0.9401459854014599,0.258517627786201,0.741482372213799
18760,0.9401633646159193,0.258517627786201,0.741482372213799
18761,0.9401633646159193,0.25855248252906016,0.7414475174709398
18762,0.9402155022592978,0.25855248252906016,0.7414475174709398
18763,0.9402155022592978,0.258639619386208,0.7413603806137921
18764,0.9402502606882169,0.258639619386208,0.7413603806137921
18765,0.9402502606882169,0.2586919015004967,0.7413080984995033
18766,0.9402850191171359,0.2586919015004967,0.7413080984995033
18767,0.9402850191171359,0.2588313204719332,0.7411686795280668
18768,0.9403023983315955,0.2588313204719332,0.7411686795280668
18769,0.9403023983315955,0.25884874784336276,0.7411512521566372
18770,0.9403197775460549,0.25884874784336276,0.7411512521566372
18771,0.9403197775460549,0.2588661752147923,0.7411338247852077
18772,0.9403371567605144,0.2588661752147923,0.7411338247852077
18773,0.9403371567605144,0.2588836025862219,0.7411163974137781
18774,0.940354535974974,0.2588836025862219,0.7411163974137781
18775,0.940354535974974,0.25891845732908103,0.741081542670919
18776,0.9403719151894334,0.25891845732908103,0.741081542670919
18777,0.9403719151894334,0.25895331207194017,0.7410466879280598
18778,0.940389294403893,0.25895331207194017,0.7410466879280598
18779,0.940389294403893,0.2590578763005176,0.7409421236994824
18780,0.9404240528328119,0.2590578763005176,0.7409421236994824
18781,0.9404240528328119,0.25907530367194714,0.7409246963280529
18782,0.9404414320472715,0.25907530367194714,0.7409246963280529
18783,0.9404414320472715,0.25912758578623585,0.7408724142137642
18784,0.9404761904761905,0.25912758578623585,0.7408724142137642
18785,0.9404761904761905,0.2591972952719541,0.7408027047280459
18786,0.9405109489051094,0.2591972952719541,0.7408027047280459
18787,0.9405109489051094,0.25928443212910196,0.7407155678708981
18788,0.940528328119569,0.25928443212910196,0.7407155678708981
18789,0.940528328119569,0.25935414161482023,0.7406458583851798
18790,0.9405804657629475,0.25935414161482023,0.7406458583851798
18791,0.9405804657629475,0.2593715689862498,0.7406284310137502
18792,0.9405978449774071,0.2593715689862498,0.7406284310137502
18793,0.9405978449774071,0.25938899635767937,0.7406110036423206
18794,0.9406152241918665,0.25938899635767937,0.7406110036423206
18795,0.9406152241918665,0.25956327007197505,0.740436729928025
18796,0.9406499826207856,0.25956327007197505,0.740436729928025
18797,0.9406499826207856,0.2595981248148342,0.7404018751851658
18798,0.940667361835245,0.2595981248148342,0.7404018751851658
18799,0.940667361835245,0.25961555218626375,0.7403844478137362
18800,0.9406847410497046,0.25961555218626375,0.7403844478137362
18801,0.9406847410497046,0.2597026890434116,0.7402973109565885
18802,0.9407021202641641,0.2597026890434116,0.7402973109565885
18803,0.9407021202641641,0.2597549711577003,0.7402450288422997
18804,0.9407194994786235,0.2597549711577003,0.7402450288422997
18805,0.9407194994786235,0.25978982590055943,0.7402101740994406
18806,0.9407368786930831,0.25978982590055943,0.7402101740994406
18807,0.9407368786930831,0.2598595353862777,0.7401404646137223
18808,0.9407542579075425,0.2598595353862777,0.7401404646137223
18809,0.9407542579075425,0.2598769627577073,0.7401230372422927
18810,0.9407716371220021,0.2598769627577073,0.7401230372422927
18811,0.9407716371220021,0.2599815269862847,0.7400184730137154
18812,0.9407890163364616,0.2599815269862847,0.7400184730137154
18813,0.9407890163364616,0.26013837332915074,0.7398616266708493
18814,0.9408237747653806,0.26013837332915074,0.7398616266708493
18815,0.9408237747653806,0.2601558007005803,0.7398441992994197
18816,0.9408411539798401,0.2601558007005803,0.7398441992994197
18817,0.9408411539798401,0.2601732280720099,0.7398267719279901
18818,0.9408585331942996,0.2601732280720099,0.7398267719279901
18819,0.9408585331942996,0.26024293755772815,0.7397570624422718
18820,0.9408759124087591,0.26024293755772815,0.7397570624422718
18821,0.9408759124087591,0.26034750178630556,0.7396524982136945
18822,0.9408932916232187,0.26034750178630556,0.7396524982136945
18823,0.9408932916232187,0.2603649291577351,0.7396350708422649
18824,0.9409106708376781,0.2603649291577351,0.7396350708422649
18825,0.9409106708376781,0.2603823565291647,0.7396176434708353
18826,0.9409280500521376,0.2603823565291647,0.7396176434708353
18827,0.9409280500521376,0.26039978390059426,0.7396002160994057
18828,0.9409454292665972,0.26039978390059426,0.7396002160994057
18829,0.9409454292665972,0.2604346386434534,0.7395653613565466
18830,0.9409628084810566,0.2604346386434534,0.7395653613565466
18831,0.9409628084810566,0.26057405761488994,0.7394259423851101
18832,0.9409801876955162,0.26057405761488994,0.7394259423851101
18833,0.9409801876955162,0.2606089123577491,0.7393910876422509
18834,0.9410497045533542,0.2606089123577491,0.7393910876422509
18835,0.9410497045533542,0.26062633972917865,0.7393736602708214
18836,0.9410670837678137,0.26062633972917865,0.7393736602708214
18837,0.9410670837678137,0.2607657587006152,0.7392342412993849
18838,0.9410844629822732,0.2607657587006152,0.7392342412993849
18839,0.9410844629822732,0.2608180408149039,0.7391819591850961
18840,0.9411018421967328,0.2608180408149039,0.7391819591850961
18841,0.9411018421967328,0.2608703229291926,0.7391296770708073
18842,0.9411366006256517,0.2608703229291926,0.7391296770708073
18843,0.9411366006256517,0.26097488715777,0.73902511284223
18844,0.9411539798401112,0.26097488715777,0.73902511284223
18845,0.9411539798401112,0.2610445966434883,0.7389554033565118
18846,0.9411887382690303,0.2610445966434883,0.7389554033565118
18847,0.9411887382690303,0.26111430612920655,0.7388856938707935
18848,0.9412756343413278,0.26111430612920655,0.7388856938707935
18849,0.9412756343413278,0.26123629772921353,0.7387637022707865
18850,0.9412930135557873,0.26123629772921353,0.7387637022707865
18851,0.9412930135557873,0.26141057144350915,0.7385894285564909
18852,0.9413277719847063,0.26141057144350915,0.7385894285564909
18853,0.9413277719847063,0.2614279988149387,0.7385720011850613
18854,0.9413451511991658,0.2614279988149387,0.7385720011850613
18855,0.9413451511991658,0.26146285355779786,0.7385371464422021
18856,0.9413625304136253,0.26146285355779786,0.7385371464422021
18857,0.9413625304136253,0.26151513567208656,0.7384848643279134
18858,0.9414146680570038,0.26151513567208656,0.7384848643279134
18859,0.9414146680570038,0.26163712727209354,0.7383628727279065
18860,0.9414320472714633,0.26163712727209354,0.7383628727279065
18861,0.9414320472714633,0.2616545546435231,0.7383454453564768
18862,0.9414668057003823,0.2616545546435231,0.7383454453564768
18863,0.9414668057003823,0.2617242641292414,0.7382757358707586
18864,0.9414841849148419,0.2617242641292414,0.7382757358707586
18865,0.9414841849148419,0.2617765462435301,0.7382234537564699
18866,0.9415189433437609,0.2617765462435301,0.7382234537564699
18867,0.9415189433437609,0.26179397361495965,0.7382060263850403
18868,0.9415363225582204,0.26179397361495965,0.7382060263850403
18869,0.9415363225582204,0.2618636831006779,0.738136316899322
18870,0.9415537017726798,0.2618636831006779,0.738136316899322
18871,0.9415537017726798,0.26191596521496663,0.7380840347850334
18872,0.9415710809871394,0.26191596521496663,0.7380840347850334
18873,0.9415710809871394,0.2619333925863962,0.7380666074136037
18874,0.9416058394160584,0.2619333925863962,0.7380666074136037
18875,0.9416058394160584,0.26200310207211447,0.7379968979278855
18876,0.9416232186305179,0.26200310207211447,0.7379968979278855
18877,0.9416232186305179,0.26207281155783274,0.7379271884421672
18878,0.9416405978449774,0.26207281155783274,0.7379271884421672
18879,0.9416405978449774,0.262142521043551,0.7378574789564489
18880,0.9416579770594369,0.262142521043551,0.7378574789564489
18881,0.9416579770594369,0.26222965790069885,0.7377703420993011
18882,0.9416753562738964,0.26222965790069885,0.7377703420993011
18883,0.9416753562738964,0.2623690768721354,0.7376309231278646
18884,0.941692735488356,0.2623690768721354,0.7376309231278646
18885,0.941692735488356,0.26240393161499453,0.7375960683850055
18886,0.9417101147028154,0.26240393161499453,0.7375960683850055
18887,0.9417101147028154,0.2625084958435719,0.7374915041564281
18888,0.941727493917275,0.2625084958435719,0.7374915041564281
18889,0.941727493917275,0.2625607779578606,0.7374392220421394
18890,0.9417448731317345,0.2625607779578606,0.7374392220421394
18891,0.9417448731317345,0.26257820532929016,0.7374217946707098
18892,0.9417622523461939,0.26257820532929016,0.7374217946707098
18893,0.9417622523461939,0.26263048744357886,0.7373695125564211
18894,0.9417796315606535,0.26263048744357886,0.7373695125564211
18895,0.9417796315606535,0.26270019692929714,0.7372998030707029
18896,0.941797010775113,0.26270019692929714,0.7372998030707029
18897,0.941797010775113,0.2627176243007267,0.7372823756992732
18898,0.9418143899895725,0.2627176243007267,0.7372823756992732
18899,0.9418143899895725,0.262787333786445,0.737212666213555
18900,0.941831769204032,0.262787333786445,0.737212666213555
18901,0.941831769204032,0.26280476115787454,0.7371952388421255
18902,0.9418491484184914,0.26280476115787454,0.7371952388421255
18903,0.9418491484184914,0.26296160750074066,0.7370383924992594
18904,0.9418839068474105,0.26296160750074066,0.7370383924992594
18905,0.9418839068474105,0.2629790348721702,0.7370209651278298
18906,0.941936044490789,0.2629790348721702,0.7370209651278298
18907,0.941936044490789,0.2629964622435998,0.7370035377564002
18908,0.9419534237052485,0.2629964622435998,0.7370035377564002
18909,0.9419534237052485,0.26301388961502936,0.7369861103849706
18910,0.941970802919708,0.26301388961502936,0.7369861103849706
18911,0.941970802919708,0.26303131698645893,0.7369686830135411
18912,0.942005561348627,0.26303131698645893,0.7369686830135411
18913,0.9420229405630866,0.26303131698645893,0.7369686830135411
18914,0.9420229405630866,0.2631010264721772,0.7368989735278229
18915,0.9420403197775461,0.2631010264721772,0.7368989735278229
18916,0.9420403197775461,0.2631533085864659,0.7368466914135341
18917,0.9420576989920055,0.2631533085864659,0.7368466914135341
18918,0.9420576989920055,0.2632230180721842,0.7367769819278158
18919,0.9420750782064651,0.2632230180721842,0.7367769819278158
18920,0.9420750782064651,0.26324044544361375,0.7367595545563863
18921,0.9420924574209246,0.26324044544361375,0.7367595545563863
18922,0.9420924574209246,0.2632753001864729,0.7367246998135271
18923,0.9421098366353841,0.2632753001864729,0.7367246998135271
18924,0.9421098366353841,0.2633798644150503,0.7366201355849498
18925,0.9421272158498436,0.2633798644150503,0.7366201355849498
18926,0.9421272158498436,0.26351928338648684,0.7364807166135132
18927,0.9421445950643031,0.26351928338648684,0.7364807166135132
18928,0.9421445950643031,0.26355413812934597,0.736445861870654
18929,0.9421619742787626,0.26355413812934597,0.736445861870654
18930,0.9421619742787626,0.2636412749864938,0.7363587250135062
18931,0.9421793534932221,0.2636412749864938,0.7363587250135062
18932,0.9421793534932221,0.26367612972935295,0.736323870270647
18933,0.9421967327076816,0.26367612972935295,0.736323870270647
18934,0.9421967327076816,0.26374583921507117,0.7362541607849289
18935,0.9422141119221411,0.26374583921507117,0.7362541607849289
18936,0.9422141119221411,0.26376326658650073,0.7362367334134993
18937,0.9422314911366007,0.26376326658650073,0.7362367334134993
18938,0.9422314911366007,0.263832976072219,0.736167023927781
18939,0.9422488703510601,0.263832976072219,0.736167023927781
18940,0.9422488703510601,0.26386783081507814,0.7361321691849219
18941,0.9422662495655196,0.26386783081507814,0.7361321691849219
18942,0.9422662495655196,0.2639375403007964,0.7360624596992036
18943,0.9423183872088982,0.2639375403007964,0.7360624596992036
18944,0.9423183872088982,0.26402467715794425,0.7359753228420558
18945,0.9423357664233577,0.26402467715794425,0.7359753228420558
18946,0.9423357664233577,0.2640595319008034,0.7359404680991966
18947,0.9423531456378171,0.2640595319008034,0.7359404680991966
18948,0.9423531456378171,0.26407695927223296,0.735923040727767
18949,0.9423705248522767,0.26407695927223296,0.735923040727767
18950,0.9423705248522767,0.2640943866436625,0.7359056133563375
18951,0.9423879040667362,0.2640943866436625,0.7359056133563375
18952,0.9423879040667362,0.26412924138652166,0.7358707586134783
18953,0.9424052832811957,0.26412924138652166,0.7358707586134783
18954,0.9424052832811957,0.26423380561509907,0.735766194384901
18955,0.9424226624956552,0.26423380561509907,0.735766194384901
18956,0.9424226624956552,0.2643732245865356,0.7356267754134644
18957,0.9424400417101148,0.2643732245865356,0.7356267754134644
18958,0.9424400417101148,0.2643906519579652,0.7356093480420348
18959,0.9424574209245742,0.2643906519579652,0.7356093480420348
18960,0.9424574209245742,0.2644952161865426,0.7355047838134574
18961,0.9424748001390337,0.2644952161865426,0.7355047838134574
18962,0.9424748001390337,0.26456492567226086,0.7354350743277391
18963,0.9424921793534933,0.26456492567226086,0.7354350743277391
18964,0.9424921793534933,0.26461720778654957,0.7353827922134504
18965,0.9425095585679527,0.26461720778654957,0.7353827922134504
18966,0.9425095585679527,0.2646520625294087,0.7353479374705914
18967,0.9425443169968717,0.2646520625294087,0.7353479374705914
18968,0.9425443169968717,0.2646694899008383,0.7353305100991617
18969,0.9425616962113312,0.2646694899008383,0.7353305100991617
18970,0.9425616962113312,0.2647740541294157,0.7352259458705843
18971,0.9425790754257908,0.2647740541294157,0.7352259458705843
18972,0.9425790754257908,0.2648089088722748,0.7351910911277252
18973,0.9425964546402502,0.2648089088722748,0.7351910911277252
18974,0.9425964546402502,0.2648263362437044,0.7351736637562956
18975,0.9426312130691693,0.2648263362437044,0.7351736637562956
18976,0.9426312130691693,0.2648786183579931,0.7351213816420069
18977,0.9426485922836287,0.2648786183579931,0.7351213816420069
18978,0.9426485922836287,0.26489604572942266,0.7351039542705773
18979,0.9426659714980883,0.26489604572942266,0.7351039542705773
18980,0.9426659714980883,0.2650180373294296,0.7349819626705705
18981,0.9426833507125478,0.2650180373294296,0.7349819626705705
18982,0.9426833507125478,0.2650703194437183,0.7349296805562817
18983,0.9427007299270073,0.2650703194437183,0.7349296805562817
18984,0.9427007299270073,0.26508774681514785,0.7349122531848522
18985,0.9427181091414668,0.26508774681514785,0.7349122531848522
18986,0.9427181091414668,0.2652271657865844,0.7347728342134157
18987,0.9427702467848453,0.2652271657865844,0.7347728342134157
18988,0.9427702467848453,0.26524459315801396,0.734755406841986
18989,0.9427876259993049,0.26524459315801396,0.734755406841986
18990,0.9427876259993049,0.2652794479008731,0.7347205520991269
18991,0.9428571428571428,0.2652794479008731,0.7347205520991269
18992,0.9428571428571428,0.26529687527230267,0.7347031247276974
18993,0.9428745220716024,0.26529687527230267,0.7347031247276974
18994,0.9428745220716024,0.2653317300151618,0.7346682699848381
18995,0.9429092805005214,0.2653317300151618,0.7346682699848381
18996,0.9429092805005214,0.26534915738659137,0.7346508426134086
18997,0.9429266597149809,0.26534915738659137,0.7346508426134086
18998,0.9429266597149809,0.26541886687230964,0.7345811331276904
18999,0.9429440389294403,0.26541886687230964,0.7345811331276904
19000,0.9429440389294403,0.26547114898659835,0.7345288510134016
19001,0.9429614181438999,0.26547114898659835,0.7345288510134016
19002,0.9429614181438999,0.2656105679580349,0.734389432041965
19003,0.9429787973583594,0.2656105679580349,0.734389432041965
19004,0.9429787973583594,0.26569770481518273,0.7343022951848173
19005,0.9429961765728189,0.26569770481518273,0.7343022951848173
19006,0.9429961765728189,0.26574998692947144,0.7342500130705285
19007,0.9430135557872784,0.26574998692947144,0.7342500130705285
19008,0.9430135557872784,0.26580226904376014,0.7341977309562399
19009,0.9430483142161974,0.26580226904376014,0.7341977309562399
19010,0.9430483142161974,0.265889405900908,0.734110594099092
19011,0.9430830726451165,0.265889405900908,0.734110594099092
19012,0.9430830726451165,0.2659242606437671,0.7340757393562329
19013,0.9431004518595759,0.2659242606437671,0.7340757393562329
19014,0.9431004518595759,0.2659416880151967,0.7340583119848033
19015,0.9431178310740355,0.2659416880151967,0.7340583119848033
19016,0.9431178310740355,0.26606367961520366,0.7339363203847964
19017,0.943135210288495,0.26606367961520366,0.7339363203847964
19018,0.943135210288495,0.26613338910092194,0.7338666108990781
19019,0.9431525895029544,0.26613338910092194,0.7338666108990781
19020,0.9431525895029544,0.2662205259580697,0.7337794740419303
19021,0.943169968717414,0.2662205259580697,0.7337794740419303
19022,0.943169968717414,0.26630766281521756,0.7336923371847824
19023,0.9431873479318735,0.26630766281521756,0.7336923371847824
19024,0.9431873479318735,0.26632509018664713,0.7336749098133528
19025,0.943204727146333,0.26632509018664713,0.7336749098133528
19026,0.943204727146333,0.2663425175580767,0.7336574824419233
19027,0.9432221063607925,0.2663425175580767,0.7336574824419233
19028,0.9432221063607925,0.26641222704379497,0.733587772956205
19029,0.943239485575252,0.26641222704379497,0.733587772956205
19030,0.943239485575252,0.2664470817866541,0.7335529182133459
19031,0.9432568647897115,0.2664470817866541,0.7335529182133459
19032,0.9432568647897115,0.26648193652951324,0.7335180634704868
19033,0.943274244004171,0.26648193652951324,0.7335180634704868
19034,0.943274244004171,0.2664993639009428,0.7335006360990572
19035,0.9432916232186305,0.2664993639009428,0.7335006360990572
19036,0.9432916232186305,0.2665516460152315,0.7334483539847685
19037,0.9433263816475496,0.2665516460152315,0.7334483539847685
19038,0.9433263816475496,0.26658650075809065,0.7334134992419094
19039,0.943343760862009,0.26658650075809065,0.7334134992419094
19040,0.943343760862009,0.2666562102438089,0.7333437897561911
19041,0.9433785192909281,0.2666562102438089,0.7333437897561911
19042,0.9433785192909281,0.2667259197295272,0.7332740802704728
19043,0.943448036148766,0.2667259197295272,0.7332740802704728
19044,0.943448036148766,0.26674334710095676,0.7332566528990432
19045,0.9435001737921446,0.26674334710095676,0.7332566528990432
19046,0.9435001737921446,0.2667782018438159,0.7332217981561842
19047,0.9435349322210637,0.2667782018438159,0.7332217981561842
19048,0.9435349322210637,0.2668304839581046,0.7331695160418954
19049,0.9435523114355231,0.2668304839581046,0.7331695160418954
19050,0.9435523114355231,0.26684791132953417,0.7331520886704659
19051,0.9435696906499826,0.26684791132953417,0.7331520886704659
19052,0.9435696906499826,0.2669001934438229,0.7330998065561771
19053,0.9435870698644421,0.2669001934438229,0.7330998065561771
19054,0.9435870698644421,0.26691762081525244,0.7330823791847476
19055,0.9436044490789016,0.26691762081525244,0.7330823791847476
19056,0.9436044490789016,0.2669524755581116,0.7330475244418884
19057,0.9436392075078206,0.2669524755581116,0.7330475244418884
19058,0.9436392075078206,0.26696990292954115,0.7330300970704589
19059,0.9436565867222801,0.26696990292954115,0.7330300970704589
19060,0.9436565867222801,0.26702218504382985,0.7329778149561701
19061,0.9436739659367397,0.26702218504382985,0.7329778149561701
19062,0.9436739659367397,0.2670396124152594,0.7329603875847406
19063,0.9436913451511991,0.2670396124152594,0.7329603875847406
19064,0.9436913451511991,0.2672138861295551,0.7327861138704449
19065,0.9437087243656587,0.2672138861295551,0.7327861138704449
19066,0.9437087243656587,0.2672835956152734,0.7327164043847266
19067,0.9437261035801182,0.2672835956152734,0.7327164043847266
19068,0.9437261035801182,0.2673358777295621,0.732664122270438
19069,0.9437434827945776,0.2673358777295621,0.732664122270438
19070,0.9437434827945776,0.26735330510099165,0.7326466948990084
19071,0.9437782412234967,0.26735330510099165,0.7326466948990084
19072,0.9437782412234967,0.26747529670099857,0.7325247032990014
19073,0.9438303788668753,0.26747529670099857,0.7325247032990014
19074,0.9438303788668753,0.26749272407242813,0.7325072759275719
19075,0.9438477580813347,0.26749272407242813,0.7325072759275719
19076,0.9438477580813347,0.2675101514438577,0.7324898485561423
19077,0.9438651372957942,0.2675101514438577,0.7324898485561423
19078,0.9438651372957942,0.2676669977867238,0.7323330022132761
19079,0.9438998957247132,0.2676669977867238,0.7323330022132761
19080,0.9438998957247132,0.2678412715010195,0.7321587284989806
19081,0.9439172749391728,0.2678412715010195,0.7321587284989806
19082,0.9439172749391728,0.26796326310102647,0.7320367368989735
19083,0.9439346541536322,0.26796326310102647,0.7320367368989735
19084,0.9439346541536322,0.26798069047245604,0.732019309527544
19085,0.9439520333680917,0.26798069047245604,0.732019309527544
19086,0.9439520333680917,0.26803297258674474,0.7319670274132553
19087,0.9439867917970107,0.26803297258674474,0.7319670274132553
19088,0.9439867917970107,0.26808525470103345,0.7319147452989665
19089,0.9440215502259298,0.26808525470103345,0.7319147452989665
19090,0.9440215502259298,0.2681723915581813,0.7318276084418187
19091,0.9440389294403893,0.2681723915581813,0.7318276084418187
19092,0.9440389294403893,0.26818981892961086,0.7318101810703892
19093,0.9440736878693083,0.26818981892961086,0.7318101810703892
19094,0.9440910670837678,0.26818981892961086,0.7318101810703892
19095,0.9440910670837678,0.2682072463010404,0.7317927536989596
19096,0.9441084462982273,0.2682072463010404,0.7317927536989596
19097,0.9441084462982273,0.26824210104389956,0.7317578989561004
19098,0.9441258255126869,0.26824210104389956,0.7317578989561004
19099,0.9441258255126869,0.2682769557867587,0.7317230442132413
19100,0.9441432047271463,0.2682769557867587,0.7317230442132413
19101,0.9441432047271463,0.26829438315818827,0.7317056168418117
19102,0.9441605839416058,0.26829438315818827,0.7317056168418117
19103,0.9441605839416058,0.2683815200153361,0.7316184799846639
19104,0.9441779631560654,0.2683815200153361,0.7316184799846639
19105,0.9441779631560654,0.26846865687248395,0.7315313431275161
19106,0.9442127215849844,0.26846865687248395,0.7315313431275161
19107,0.9442127215849844,0.2684860842439135,0.7315139157560865
19108,0.9442474800139034,0.2684860842439135,0.7315139157560865
19109,0.9442474800139034,0.2685383663582022,0.7314616336417978
19110,0.9442648592283629,0.2685383663582022,0.7314616336417978
19111,0.9442648592283629,0.2686952127010683,0.7313047872989318
19112,0.9442822384428223,0.2686952127010683,0.7313047872989318
19113,0.9442822384428223,0.2687823495582161,0.7312176504417839
19114,0.9442996176572819,0.2687823495582161,0.7312176504417839
19115,0.9442996176572819,0.26897405064394136,0.7310259493560587
19116,0.9443169968717414,0.26897405064394136,0.7310259493560587
19117,0.9443169968717414,0.2690786148725188,0.7309213851274812
19118,0.9443517553006604,0.2690786148725188,0.7309213851274812
19119,0.9443517553006604,0.2691657517296666,0.7308342482703334
19120,0.94436913451512,0.2691657517296666,0.7308342482703334
19121,0.94436913451512,0.2691831791010962,0.7308168208989039
19122,0.9443865137295794,0.2691831791010962,0.7308168208989039
19123,0.9443865137295794,0.26935745281539186,0.7306425471846081
19124,0.9444386513729579,0.26935745281539186,0.7306425471846081
19125,0.9444386513729579,0.269392307558251,0.7306076924417491
19126,0.9444560305874174,0.269392307558251,0.7306076924417491
19127,0.9444560305874174,0.26942716230111013,0.7305728376988898
19128,0.944473409801877,0.26942716230111013,0.7305728376988898
19129,0.944473409801877,0.26946201704396927,0.7305379829560308
19130,0.944508168230796,0.26946201704396927,0.7305379829560308
19131,0.944508168230796,0.26947944441539884,0.7305205555846012
19132,0.9445255474452555,0.26947944441539884,0.7305205555846012
19133,0.9445255474452555,0.2695491539011171,0.7304508460988829
19134,0.944542926659715,0.2695491539011171,0.7304508460988829
19135,0.944542926659715,0.26958400864397625,0.7304159913560238
19136,0.9445603058741745,0.26958400864397625,0.7304159913560238
19137,0.9445603058741745,0.2696014360154058,0.7303985639845942
19138,0.944577685088634,0.2696014360154058,0.7303985639845942
19139,0.944577685088634,0.26963629075826495,0.730363709241735
19140,0.9445950643030935,0.26963629075826495,0.730363709241735
19141,0.9445950643030935,0.2696711455011241,0.730328854498876
19142,0.9446298227320125,0.2696711455011241,0.730328854498876
19143,0.9446298227320125,0.26974085498684236,0.7302591450131577
19144,0.9446645811609315,0.26974085498684236,0.7302591450131577
19145,0.9446645811609315,0.26975828235827193,0.7302417176417281
19146,0.944681960375391,0.26975828235827193,0.7302417176417281
19147,0.944681960375391,0.2698454192154197,0.7301545807845803
19148,0.9447167188043101,0.2698454192154197,0.7301545807845803
19149,0.9447167188043101,0.2698977013297084,0.7301022986702916
19150,0.9447340980187695,0.2698977013297084,0.7301022986702916
19151,0.9447340980187695,0.2699499834439971,0.7300500165560029
19152,0.944786235662148,0.2699499834439971,0.7300500165560029
19153,0.944786235662148,0.26998483818685626,0.7300151618131437
19154,0.9448036148766076,0.26998483818685626,0.7300151618131437
19155,0.9448036148766076,0.27005454767257453,0.7299454523274255
19156,0.9448209940910671,0.27005454767257453,0.7299454523274255
19157,0.9448209940910671,0.2700719750440041,0.7299280249559958
19158,0.9448557525199861,0.2700719750440041,0.7299280249559958
19159,0.9448557525199861,0.2701765392725815,0.7298234607274185
19160,0.9448905109489051,0.2701765392725815,0.7298234607274185
19161,0.9448905109489051,0.2701939666440111,0.7298060333559889
19162,0.9449078901633646,0.2701939666440111,0.7298060333559889
19163,0.9449078901633646,0.27036824035830676,0.7296317596416932
19164,0.9449252693778242,0.27036824035830676,0.7296317596416932
19165,0.9449252693778242,0.27047280458688416,0.7295271954131158
19166,0.9449426485922836,0.27047280458688416,0.7295271954131158
19167,0.9449426485922836,0.2705076593297433,0.7294923406702567
19168,0.9449600278067432,0.2705076593297433,0.7294923406702567
19169,0.9449600278067432,0.2707342151583277,0.7292657848416724
19170,0.9450121654501217,0.2707342151583277,0.7292657848416724
19171,0.9450121654501217,0.2708213520154755,0.7291786479845245
19172,0.9450469238790407,0.2708213520154755,0.7291786479845245
19173,0.9450469238790407,0.27085620675833466,0.7291437932416653
19174,0.9451164407368787,0.27085620675833466,0.7291437932416653
19175,0.9451164407368787,0.27090848887262337,0.7290915111273766
19176,0.9451338199513382,0.27090848887262337,0.7290915111273766
19177,0.9451338199513382,0.27092591624405293,0.7290740837559471
19178,0.9451685783802573,0.27092591624405293,0.7290740837559471
19179,0.9451685783802573,0.2709956257297712,0.7290043742702288
19180,0.9451859575947167,0.2709956257297712,0.7290043742702288
19181,0.9451859575947167,0.27116989944406683,0.7288301005559332
19182,0.9452033368091762,0.27116989944406683,0.7288301005559332
19183,0.9452033368091762,0.2713616005297921,0.7286383994702079
19184,0.9452207160236358,0.2713616005297921,0.7286383994702079
19185,0.9452207160236358,0.2713964552726512,0.7286035447273488
19186,0.9452728536670143,0.2713964552726512,0.7286035447273488
19187,0.9452728536670143,0.2714138826440808,0.7285861173559192
19188,0.9452902328814737,0.2714138826440808,0.7285861173559192
19189,0.9452902328814737,0.2714487373869399,0.7285512626130601
19190,0.9453076120959333,0.2714487373869399,0.7285512626130601
19191,0.9453076120959333,0.2715010195012286,0.7284989804987714
19192,0.9453423705248523,0.2715010195012286,0.7284989804987714
19193,0.9453423705248523,0.2717450027012426,0.7282549972987574
19194,0.9453771289537712,0.2717450027012426,0.7282549972987574
19195,0.9453771289537712,0.27176243007267215,0.7282375699273278
19196,0.9453945081682308,0.27176243007267215,0.7282375699273278
19197,0.9453945081682308,0.2717798574441017,0.7282201425558983
19198,0.9454292665971498,0.2717798574441017,0.7282201425558983
19199,0.9454292665971498,0.2717972848155313,0.7282027151844688
19200,0.9454466458116093,0.2717972848155313,0.7282027151844688
19201,0.9454466458116093,0.27191927641553826,0.7280807235844617
19202,0.9454640250260689,0.27191927641553826,0.7280807235844617
19203,0.9454640250260689,0.2719367037869678,0.7280632962130322
19204,0.9454987834549878,0.2719367037869678,0.7280632962130322
19205,0.9454987834549878,0.27197155852982696,0.728028441470173
19206,0.9455161626694474,0.27197155852982696,0.728028441470173
19207,0.9455161626694474,0.27198898590125653,0.7280110140987435
19208,0.9455335418839068,0.27198898590125653,0.7280110140987435
19209,0.9455335418839068,0.2720064132726861,0.727993586727314
19210,0.9455509210983664,0.2720064132726861,0.727993586727314
19211,0.9455509210983664,0.27202384064411567,0.7279761593558843
19212,0.9456030587417449,0.27202384064411567,0.7279761593558843
19213,0.9456030587417449,0.27207612275840437,0.7279238772415957
19214,0.9456204379562044,0.27207612275840437,0.7279238772415957
19215,0.9456204379562044,0.27209355012983394,0.7279064498701661
19216,0.9456378171706639,0.27209355012983394,0.7279064498701661
19217,0.9456378171706639,0.2721284048726931,0.7278715951273069
19218,0.9456551963851234,0.2721284048726931,0.7278715951273069
19219,0.9456551963851234,0.27214583224412264,0.7278541677558774
19220,0.9457247132429614,0.27214583224412264,0.7278541677558774
19221,0.9457247132429614,0.2722155417298409,0.7277844582701591
19222,0.9457594716718805,0.2722155417298409,0.7277844582701591
19223,0.9457594716718805,0.2722503964727,0.7277496035273
19224,0.9457942301007994,0.2722503964727,0.7277496035273
19225,0.9457942301007994,0.27233753332984784,0.7276624666701521
19226,0.945811609315259,0.27233753332984784,0.7276624666701521
19227,0.945811609315259,0.2724072428155661,0.7275927571844338
19228,0.9458811261730969,0.2724072428155661,0.7275927571844338
19229,0.9458811261730969,0.2725118070441435,0.7274881929558565
19230,0.9458985053875565,0.2725118070441435,0.7274881929558565
19231,0.9458985053875565,0.27266865338700963,0.7273313466129904
19232,0.945915884602016,0.27266865338700963,0.7273313466129904
19233,0.945915884602016,0.2726860807584392,0.7273139192415607
19234,0.9459332638164755,0.2726860807584392,0.7273139192415607
19235,0.9459332638164755,0.2727383628727279,0.7272616371272721
19236,0.945950643030935,0.2727383628727279,0.7272616371272721
19237,0.945950643030935,0.27275579024415747,0.7272442097558425
19238,0.9459680222453946,0.27275579024415747,0.7272442097558425
19239,0.9459680222453946,0.27277321761558704,0.727226782384413
19240,0.945985401459854,0.27277321761558704,0.727226782384413
19241,0.945985401459854,0.27282549972987574,0.7271745002701242
19242,0.9460027806743135,0.27282549972987574,0.7271745002701242
19243,0.9460027806743135,0.2728603544727349,0.7271396455272652
19244,0.9460201598887731,0.2728603544727349,0.7271396455272652
19245,0.9460201598887731,0.27287778184416445,0.7271222181558356
19246,0.9460375391032325,0.27287778184416445,0.7271222181558356
19247,0.9460375391032325,0.2731217650441784,0.7268782349558216
19248,0.9460549183176921,0.2731217650441784,0.7268782349558216
19249,0.9460549183176921,0.27315661978703754,0.7268433802129625
19250,0.9460722975321515,0.27315661978703754,0.7268433802129625
19251,0.9460722975321515,0.27319147452989667,0.7268085254701033
19252,0.946089676746611,0.27319147452989667,0.7268085254701033
19253,0.946089676746611,0.27331346612990365,0.7266865338700963
19254,0.9461070559610706,0.27331346612990365,0.7266865338700963
19255,0.9461070559610706,0.2733308935013332,0.7266691064986668
19256,0.9461418143899896,0.2733308935013332,0.7266691064986668
19257,0.9461418143899896,0.27336574824419235,0.7266342517558076
19258,0.9461591936044491,0.27336574824419235,0.7266342517558076
19259,0.9461591936044491,0.2733831756156219,0.726616824384378
19260,0.9462287104622871,0.2733831756156219,0.726616824384378
19261,0.9462287104622871,0.273540021958488,0.726459978041512
19262,0.9462460896767466,0.273540021958488,0.726459978041512
19263,0.9462460896767466,0.27355744932991755,0.7264425506700825
19264,0.9462982273201251,0.27355744932991755,0.7264425506700825
19265,0.9462982273201251,0.27360973144420625,0.7263902685557937
19266,0.9463156065345847,0.27360973144420625,0.7263902685557937
19267,0.9463156065345847,0.2737317230442132,0.7262682769557868
19268,0.9463329857490441,0.2737317230442132,0.7262682769557868
19269,0.9463329857490441,0.27387114201564977,0.7261288579843502
19270,0.9463677441779632,0.27387114201564977,0.7261288579843502
19271,0.9463677441779632,0.2739582788727976,0.7260417211272023
19272,0.9463851233924226,0.2739582788727976,0.7260417211272023
19273,0.9463851233924226,0.2739757062442272,0.7260242937557728
19274,0.9464025026068822,0.2739757062442272,0.7260242937557728
19275,0.9464025026068822,0.27404541572994545,0.7259545842700545
19276,0.9464372610358012,0.27404541572994545,0.7259545842700545
19277,0.9464372610358012,0.2742371168156707,0.7257628831843292
19278,0.9464546402502607,0.2742371168156707,0.7257628831843292
19279,0.9464546402502607,0.27427197155852984,0.7257280284414702
19280,0.9464893986791797,0.27427197155852984,0.7257280284414702
19281,0.9464893986791797,0.274306826301389,0.725693173698611
19282,0.9465067778936392,0.274306826301389,0.725693173698611
19283,0.9465067778936392,0.27432425367281854,0.7256757463271815
19284,0.9465241571080987,0.27432425367281854,0.7256757463271815
19285,0.9465241571080987,0.27437653578710725,0.7256234642128927
19286,0.9465762947514772,0.27437653578710725,0.7256234642128927
19287,0.9465762947514772,0.2743939631585368,0.7256060368414632
19288,0.9465936739659367,0.2743939631585368,0.7256060368414632
19289,0.9465936739659367,0.27448110001568465,0.7255188999843154
19290,0.9466110531803963,0.27448110001568465,0.7255188999843154
19291,0.9466110531803963,0.2744985273871142,0.7255014726128858
19292,0.9466284323948557,0.2744985273871142,0.7255014726128858
19293,0.9466284323948557,0.27460309161569163,0.7253969083843084
19294,0.9466458116093153,0.27460309161569163,0.7253969083843084
19295,0.9466458116093153,0.27463794635855077,0.7253620536414492
19296,0.9466805700382342,0.27463794635855077,0.7253620536414492
19297,0.9466805700382342,0.27467280110140985,0.7253271988985901
19298,0.9466979492526938,0.27467280110140985,0.7253271988985901
19299,0.9466979492526938,0.2747425105871281,0.7252574894128718
19300,0.9467327076816128,0.2747425105871281,0.7252574894128718
19301,0.9467327076816128,0.2748122200728464,0.7251877799271536
19302,0.9467500868960723,0.2748122200728464,0.7251877799271536
19303,0.9467500868960723,0.27489935692999423,0.7251006430700058
19304,0.9467674661105318,0.27489935692999423,0.7251006430700058
19305,0.9467674661105318,0.275352468587163,0.724647531412837
19306,0.9467848453249913,0.275352468587163,0.724647531412837
19307,0.9467848453249913,0.27547446018717,0.7245255398128301
19308,0.9468369829683698,0.27547446018717,0.7245255398128301
19309,0.9468369829683698,0.2755615970443178,0.7244384029556822
19310,0.9468891206117483,0.2755615970443178,0.7244384029556822
19311,0.9468891206117483,0.2756835886443248,0.7243164113556753
19312,0.9469238790406673,0.2756835886443248,0.7243164113556753
19313,0.9469238790406673,0.27577072550147264,0.7242292744985274
19314,0.9469760166840459,0.27577072550147264,0.7242292744985274
19315,0.9469760166840459,0.2758404349871909,0.7241595650128091
19316,0.9469933958985054,0.2758404349871909,0.7241595650128091
19317,0.9469933958985054,0.27589271710147956,0.7241072828985204
19318,0.9470107751129649,0.27589271710147956,0.7241072828985204
19319,0.9470107751129649,0.27606699081577524,0.7239330091842248
19320,0.9470281543274244,0.27606699081577524,0.7239330091842248
19321,0.9470281543274244,0.2761018455586344,0.7238981544413656
19322,0.9470455335418839,0.2761018455586344,0.7238981544413656
19323,0.9470455335418839,0.2761367003014935,0.7238632996985065
19324,0.9470629127563435,0.2761367003014935,0.7238632996985065
19325,0.9470629127563435,0.2761541276729231,0.7238458723270769
19326,0.9470802919708029,0.2761541276729231,0.7238458723270769
19327,0.9470802919708029,0.2762064097872118,0.7237935902127882
19328,0.9470976711852624,0.2762064097872118,0.7237935902127882
19329,0.9470976711852624,0.27632840138721876,0.7236715986127813
19330,0.9471150503997219,0.27632840138721876,0.7236715986127813
19331,0.9471150503997219,0.27638068350150746,0.7236193164984925
19332,0.9471324296141814,0.27638068350150746,0.7236193164984925
19333,0.9471324296141814,0.2764155382443666,0.7235844617556334
19334,0.947149808828641,0.2764155382443666,0.7235844617556334
19335,0.947149808828641,0.27648524773008487,0.7235147522699151
19336,0.9471671880431004,0.27648524773008487,0.7235147522699151
19337,0.9471671880431004,0.276520102472944,0.723479897527056
19338,0.94718456725756,0.276520102472944,0.723479897527056
19339,0.94718456725756,0.2765375298443736,0.7234624701556265
19340,0.9472019464720195,0.2765375298443736,0.7234624701556265
19341,0.9472019464720195,0.276642094072951,0.723357905927049
19342,0.9472193256864789,0.276642094072951,0.723357905927049
19343,0.9472193256864789,0.27671180355866926,0.7232881964413307
19344,0.9472367049009385,0.27671180355866926,0.7232881964413307
19345,0.9472367049009385,0.27676408567295796,0.723235914327042
19346,0.947254084115398,0.27676408567295796,0.723235914327042
19347,0.947254084115398,0.27678151304438753,0.7232184869556124
19348,0.947288842544317,0.27678151304438753,0.7232184869556124
19349,0.947288842544317,0.27681636778724666,0.7231836322127534
19350,0.9473062217587765,0.27681636778724666,0.7231836322127534
19351,0.9473062217587765,0.2768512225301058,0.7231487774698941
19352,0.9473409801876955,0.2768512225301058,0.7231487774698941
19353,0.9473409801876955,0.27699064150154235,0.7230093584984576
19354,0.9473583594021551,0.27699064150154235,0.7230093584984576
19355,0.9473583594021551,0.2770603509872606,0.7229396490127393
19356,0.9473757386166145,0.2770603509872606,0.7229396490127393
19357,0.9473757386166145,0.27709520573011975,0.7229047942698803
19358,0.947393117831074,0.27709520573011975,0.7229047942698803
19359,0.947393117831074,0.2772694794444154,0.7227305205555846
19360,0.9474104970455336,0.2772694794444154,0.7227305205555846
19361,0.9474104970455336,0.27728690681584495,0.722713093184155
19362,0.947427876259993,0.27728690681584495,0.722713093184155
19363,0.947427876259993,0.2773217615587041,0.722678238441296
19364,0.9474452554744526,0.2773217615587041,0.722678238441296
19365,0.9474452554744526,0.2774786079015702,0.7225213920984298
19366,0.947462634688912,0.2774786079015702,0.7225213920984298
19367,0.947462634688912,0.2775308900158589,0.7224691099841412
19368,0.9474800139033716,0.2775308900158589,0.7224691099841412
19369,0.9474800139033716,0.27754831738728847,0.7224516826127115
19370,0.9474973931178311,0.27754831738728847,0.7224516826127115
19371,0.9474973931178311,0.27767030898729544,0.7223296910127046
19372,0.9475147723322905,0.27767030898729544,0.7223296910127046
19373,0.9475147723322905,0.2777051637301546,0.7222948362698454
19374,0.9475321515467501,0.2777051637301546,0.7222948362698454
19375,0.9475321515467501,0.2777574458444433,0.7222425541555567
19376,0.9475495307612096,0.2777574458444433,0.7222425541555567
19377,0.9475495307612096,0.27805371115874594,0.721946288841254
19378,0.9475669099756691,0.27805371115874594,0.721946288841254
19379,0.9475669099756691,0.2780711385301755,0.7219288614698245
19380,0.9476364268335071,0.2780711385301755,0.7219288614698245
19381,0.9476364268335071,0.2781408480158938,0.7218591519841062
19382,0.9477233229058046,0.2781408480158938,0.7218591519841062
19383,0.9477233229058046,0.2781757027587529,0.7218242972412471
19384,0.9477754605491832,0.2781757027587529,0.7218242972412471
19385,0.9477754605491832,0.2782279848730416,0.7217720151269584
19386,0.9477928397636427,0.2782279848730416,0.7217720151269584
19387,0.9477928397636427,0.27834997647304854,0.7216500235269514
19388,0.9478102189781021,0.27834997647304854,0.7216500235269514
19389,0.9478102189781021,0.2784196859587668,0.7215803140412331
19390,0.9478275981925617,0.2784196859587668,0.7215803140412331
19391,0.9478275981925617,0.2784371133301964,0.7215628866698036
19392,0.9478449774070212,0.2784371133301964,0.7215628866698036
19393,0.9478449774070212,0.2784893954444851,0.7215106045555149
19394,0.9478623566214807,0.2784893954444851,0.7215106045555149
19395,0.9478623566214807,0.27861138704449206,0.7213886129555079
19396,0.9478797358359402,0.27861138704449206,0.7213886129555079
19397,0.9478797358359402,0.2786985239016399,0.72130147609836
19398,0.9478971150503998,0.2786985239016399,0.72130147609836
19399,0.9478971150503998,0.278855370244506,0.721144629755494
19400,0.9479144942648592,0.278855370244506,0.721144629755494
19401,0.9479144942648592,0.2788727976159356,0.7211272023840645
19402,0.9479318734793187,0.2788727976159356,0.7211272023840645
19403,0.9479318734793187,0.2789076523587947,0.7210923476412052
19404,0.9479492526937783,0.2789076523587947,0.7210923476412052
19405,0.9479492526937783,0.278977361844513,0.721022638155487
19406,0.9479666319082377,0.278977361844513,0.721022638155487
19407,0.9479666319082377,0.27899478921594256,0.7210052107840574
19408,0.9479840111226973,0.27899478921594256,0.7210052107840574
19409,0.9479840111226973,0.27911678081594954,0.7208832191840504
19410,0.9480013903371568,0.27911678081594954,0.7208832191840504
19411,0.9480013903371568,0.2792387724159565,0.7207612275840435
19412,0.9480187695516162,0.2792387724159565,0.7207612275840435
19413,0.9480187695516162,0.2792910545302452,0.7207089454697548
19414,0.9480535279805353,0.2792910545302452,0.7207089454697548
19415,0.9480535279805353,0.27932590927310436,0.7206740907268956
19416,0.9480882864094543,0.27932590927310436,0.7206740907268956
19417,0.9480882864094543,0.2793433366445339,0.7206566633554661
19418,0.9481056656239139,0.2793433366445339,0.7206566633554661
19419,0.9481056656239139,0.27939561875882263,0.7206043812411773
19420,0.9481230448383733,0.27939561875882263,0.7206043812411773
19421,0.9481230448383733,0.2795350377302592,0.7204649622697408
19422,0.9481404240528328,0.2795350377302592,0.7204649622697408
19423,0.9481404240528328,0.2795873198445478,0.7204126801554522
19424,0.9481751824817518,0.2795873198445478,0.7204126801554522
19425,0.9481751824817518,0.27974416618741393,0.7202558338125861
19426,0.9482099409106708,0.27974416618741393,0.7202558338125861
19427,0.9482099409106708,0.2798138756731322,0.7201861243268678
19428,0.9482273201251303,0.2798138756731322,0.7201861243268678
19429,0.9482273201251303,0.2799358672731392,0.7200641327268609
19430,0.9482620785540493,0.2799358672731392,0.7200641327268609
19431,0.9482620785540493,0.27995329464456875,0.7200467053554312
19432,0.9482794577685089,0.27995329464456875,0.7200467053554312
19433,0.9482794577685089,0.2799707220159983,0.7200292779840016
19434,0.9482968369829684,0.2799707220159983,0.7200292779840016
19435,0.9482968369829684,0.2799881493874279,0.7200118506125721
19436,0.9483142161974278,0.2799881493874279,0.7200118506125721
19437,0.9483142161974278,0.2800752862445757,0.7199247137554243
19438,0.9483315954118874,0.2800752862445757,0.7199247137554243
19439,0.9483315954118874,0.28011014098743486,0.7198898590125651
19440,0.9483489746263469,0.28011014098743486,0.7198898590125651
19441,0.9483489746263469,0.28017985047315314,0.7198201495268468
19442,0.9484011122697255,0.28017985047315314,0.7198201495268468
19443,0.9484011122697255,0.28023213258744184,0.7197678674125582
19444,0.9484184914841849,0.28023213258744184,0.7197678674125582
19445,0.9484184914841849,0.280266987330301,0.719733012669699
19446,0.9484358706986444,0.280266987330301,0.719733012669699
19447,0.9484358706986444,0.2803192694445897,0.7196807305554103
19448,0.948453249913104,0.2803192694445897,0.7196807305554103
19449,0.948453249913104,0.28033669681601925,0.7196633031839808
19450,0.9485053875564824,0.28033669681601925,0.7196633031839808
19451,0.9485053875564824,0.2804238336731671,0.719576166326833
19452,0.9485401459854015,0.2804238336731671,0.719576166326833
19453,0.9485401459854015,0.28044126104459666,0.7195587389554033
19454,0.9485575251998609,0.28044126104459666,0.7195587389554033
19455,0.9485575251998609,0.2804586884160262,0.7195413115839737
19456,0.94859228362878,0.2804586884160262,0.7195413115839737
19457,0.94859228362878,0.28056325264460363,0.7194367473553964
19458,0.9486096628432394,0.28056325264460363,0.7194367473553964
19459,0.9486096628432394,0.28059810738746277,0.7194018926125372
19460,0.948627042057699,0.28059810738746277,0.7194018926125372
19461,0.948627042057699,0.28061553475889234,0.7193844652411077
19462,0.9486444212721585,0.28061553475889234,0.7193844652411077
19463,0.9486444212721585,0.2807026716160402,0.7192973283839599
19464,0.948661800486618,0.2807026716160402,0.7192973283839599
19465,0.948661800486618,0.28072009898746975,0.7192799010125303
19466,0.9486965589155371,0.28072009898746975,0.7192799010125303
19467,0.9486965589155371,0.2809466548160541,0.7190533451839459
19468,0.9487139381299965,0.2809466548160541,0.7190533451839459
19469,0.9487139381299965,0.28096408218748364,0.7190359178125163
19470,0.948766075773375,0.28096408218748364,0.7190359178125163
19471,0.948766075773375,0.28101636430177235,0.7189836356982277
19472,0.9487834549878346,0.28101636430177235,0.7189836356982277
19473,0.9487834549878346,0.28112092853034976,0.7188790714696502
19474,0.9488008342022941,0.28112092853034976,0.7188790714696502
19475,0.9488008342022941,0.28124292013035673,0.7187570798696432
19476,0.9488182134167535,0.28124292013035673,0.7187570798696432
19477,0.9488182134167535,0.2813300569875046,0.7186699430124954
19478,0.9488529718456725,0.2813300569875046,0.7186699430124954
19479,0.9488529718456725,0.2814694759589411,0.7185305240410589
19480,0.9488703510601321,0.2814694759589411,0.7185305240410589
19481,0.9488703510601321,0.2814869033303707,0.7185130966696294
19482,0.9488877302745916,0.2814869033303707,0.7185130966696294
19483,0.9488877302745916,0.28155661281608896,0.7184433871839111
19484,0.948905109489051,0.28155661281608896,0.7184433871839111
19485,0.948905109489051,0.2815740401875185,0.7184259598124815
19486,0.9489224887035106,0.2815740401875185,0.7184259598124815
19487,0.9489224887035106,0.28166117704466637,0.7183388229553336
19488,0.9489398679179701,0.28166117704466637,0.7183388229553336
19489,0.9489398679179701,0.2816960317875255,0.7183039682124746
19490,0.9489572471324296,0.2816960317875255,0.7183039682124746
19491,0.9489572471324296,0.28171345915895507,0.7182865408410449
19492,0.9489746263468891,0.28171345915895507,0.7182865408410449
19493,0.9489746263468891,0.28183545075896205,0.718164549241038
19494,0.9489920055613487,0.28183545075896205,0.718164549241038
19495,0.9489920055613487,0.2819225876161099,0.7180774123838901
19496,0.9490093847758081,0.2819225876161099,0.7180774123838901
19497,0.9490093847758081,0.28213171607326465,0.7178682839267354
19498,0.9490267639902676,0.28213171607326465,0.7178682839267354
19499,0.9490267639902676,0.28223628030184206,0.7177637196981579
19500,0.9490441432047272,0.28223628030184206,0.7177637196981579
19501,0.9490441432047272,0.2822711350447012,0.7177288649552989
19502,0.9490615224191866,0.2822711350447012,0.7177288649552989
19503,0.9490615224191866,0.28230598978756033,0.7176940102124396
19504,0.9490789016336462,0.28230598978756033,0.7176940102124396
19505,0.9490789016336462,0.28234084453041947,0.7176591554695806
19506,0.9490962808481057,0.28234084453041947,0.7176591554695806
19507,0.9490962808481057,0.28235827190184903,0.717641728098151
19508,0.9491136600625651,0.28235827190184903,0.717641728098151
19509,0.9491136600625651,0.2823756992732786,0.7176243007267213
19510,0.9491310392770247,0.2823756992732786,0.7176243007267213
19511,0.9491310392770247,0.28246283613042644,0.7175371638695736
19512,0.9491831769204032,0.28246283613042644,0.7175371638695736
19513,0.9491831769204032,0.282602255101863,0.717397744898137
19514,0.9492005561348626,0.282602255101863,0.717397744898137
19515,0.9492005561348626,0.28282881093044737,0.7171711890695527
19516,0.9492179353493222,0.28282881093044737,0.7171711890695527
19517,0.9492179353493222,0.28289852041616564,0.7171014795838344
19518,0.9492353145637817,0.28289852041616564,0.7171014795838344
19519,0.9492353145637817,0.2829682299018839,0.7170317700981161
19520,0.9492526937782412,0.2829682299018839,0.7170317700981161
19521,0.9492526937782412,0.2830902215018909,0.7169097784981091
19522,0.9492700729927007,0.2830902215018909,0.7169097784981091
19523,0.9492700729927007,0.28315993098760917,0.7168400690123908
19524,0.9492874522071603,0.28315993098760917,0.7168400690123908
19525,0.9492874522071603,0.28319478573046825,0.7168052142695318
19526,0.9493048314216197,0.28319478573046825,0.7168052142695318
19527,0.9493048314216197,0.28342134155905263,0.7165786584409474
19528,0.9493222106360792,0.28342134155905263,0.7165786584409474
19529,0.9493222106360792,0.2835433331590596,0.7164566668409404
19530,0.9493395898505388,0.2835433331590596,0.7164566668409404
19531,0.9493395898505388,0.2835956152733483,0.7164043847266517
19532,0.9493917274939173,0.2835956152733483,0.7164043847266517
19533,0.9493917274939173,0.2836653247590666,0.7163346752409334
19534,0.9494091067083767,0.2836653247590666,0.7163346752409334
19535,0.9494091067083767,0.28389188058765097,0.7161081194123491
19536,0.9494264859228363,0.28389188058765097,0.7161081194123491
19537,0.9494264859228363,0.2839267353305101,0.7160732646694898
19538,0.9494438651372958,0.2839267353305101,0.7160732646694898
19539,0.9494438651372958,0.2839441627019397,0.7160558372980603
19540,0.9494612443517553,0.2839441627019397,0.7160558372980603
19541,0.9494612443517553,0.2839790174447988,0.7160209825552012
19542,0.9494960027806744,0.2839790174447988,0.7160209825552012
19543,0.9494960027806744,0.28411843641623535,0.7158815635837646
19544,0.9495133819951338,0.28411843641623535,0.7158815635837646
19545,0.9495133819951338,0.2841532911590945,0.7158467088409055
19546,0.9495307612095933,0.2841532911590945,0.7158467088409055
19547,0.9495307612095933,0.28417071853052406,0.715829281469476
19548,0.9495481404240528,0.28417071853052406,0.715829281469476
19549,0.9495481404240528,0.2841881459019536,0.7158118540980464
19550,0.9495655196385123,0.2841881459019536,0.7158118540980464
19551,0.9495655196385123,0.2842055732733832,0.7157944267266168
19552,0.9495828988529719,0.2842055732733832,0.7157944267266168
19553,0.9495828988529719,0.2843101375019606,0.7156898624980395
19554,0.9496176572818908,0.2843101375019606,0.7156898624980395
19555,0.9496176572818908,0.28432756487339017,0.7156724351266098
19556,0.9496350364963504,0.28432756487339017,0.7156724351266098
19557,0.9496350364963504,0.2843624196162493,0.7156375803837507
19558,0.9496524157108098,0.2843624196162493,0.7156375803837507
19559,0.9496524157108098,0.2844321291019675,0.7155678708980324
19560,0.9496697949252694,0.2844321291019675,0.7155678708980324
19561,0.9496697949252694,0.2844844112162562,0.7155155887837438
19562,0.9497045533541884,0.2844844112162562,0.7155155887837438
19563,0.9497045533541884,0.2845018385876858,0.7154981614123141
19564,0.9497219325686479,0.2845018385876858,0.7154981614123141
19565,0.9497219325686479,0.28458897544483364,0.7154110245551664
19566,0.9497393117831074,0.28458897544483364,0.7154110245551664
19567,0.9497393117831074,0.2846064028162632,0.7153935971837369
19568,0.9497566909975669,0.2846064028162632,0.7153935971837369
19569,0.9497566909975669,0.2847109670448406,0.7152890329551593
19570,0.9497740702120264,0.2847109670448406,0.7152890329551593
19571,0.9497740702120264,0.2847632491591293,0.7152367508408707
19572,0.949791449426486,0.2847632491591293,0.7152367508408707
19573,0.949791449426486,0.28479810390198845,0.7152018960980115
19574,0.9498088286409454,0.28479810390198845,0.7152018960980115
19575,0.9498088286409454,0.28492009550199543,0.7150799044980045
19576,0.949826207855405,0.28492009550199543,0.7150799044980045
19577,0.949826207855405,0.284937522873425,0.715062477126575
19578,0.9498435870698645,0.284937522873425,0.715062477126575
19579,0.9498435870698645,0.28500723235914327,0.7149927676408567
19580,0.9498609662843239,0.28500723235914327,0.7149927676408567
19581,0.9498609662843239,0.285059514473432,0.714940485526568
19582,0.9498783454987835,0.285059514473432,0.714940485526568
19583,0.9498783454987835,0.28507694184486154,0.7149230581551385
19584,0.9498957247132429,0.28507694184486154,0.7149230581551385
19585,0.9498957247132429,0.2851117965877207,0.7148882034122793
19586,0.949965241571081,0.2851117965877207,0.7148882034122793
19587,0.949965241571081,0.2852163608162981,0.7147836391837019
19588,0.95,0.2852163608162981,0.7147836391837019
19589,0.95,0.2852512155591572,0.7147487844408428
19590,0.9500173792144595,0.2852512155591572,0.7147487844408428
19591,0.9500173792144595,0.28533835241630506,0.7146616475836949
19592,0.950034758428919,0.28533835241630506,0.7146616475836949
19593,0.950034758428919,0.28535577978773463,0.7146442202122654
19594,0.9500868960722976,0.28535577978773463,0.7146442202122654
19595,0.9500868960722976,0.2853732071591642,0.7146267928408359
19596,0.950104275286757,0.2853732071591642,0.7146267928408359
19597,0.950104275286757,0.28544291664488247,0.7145570833551176
19598,0.9501216545012166,0.28544291664488247,0.7145570833551176
19599,0.9501216545012166,0.28546034401631204,0.714539655983688
19600,0.9501911713590546,0.28546034401631204,0.714539655983688
19601,0.9501911713590546,0.28556490824488945,0.7144350917551106
19602,0.950208550573514,0.28556490824488945,0.7144350917551106
19603,0.950208550573514,0.28565204510203723,0.7143479548979628
19604,0.9502433090024331,0.28565204510203723,0.7143479548979628
19605,0.9502433090024331,0.28568689984489637,0.7143131001551036
19606,0.9502606882168926,0.28568689984489637,0.7143131001551036
19607,0.9502606882168926,0.28570432721632594,0.714295672783674
19608,0.9503128258602711,0.28570432721632594,0.714295672783674
19609,0.9503128258602711,0.2857914640734738,0.7142085359265262
19610,0.9503302050747306,0.2857914640734738,0.7142085359265262
19611,0.9503302050747306,0.28580889144490335,0.7141911085550967
19612,0.9503475842891901,0.28580889144490335,0.7141911085550967
19613,0.9503475842891901,0.28586117355919205,0.714138826440808
19614,0.9503649635036496,0.28586117355919205,0.714138826440808
19615,0.9503649635036496,0.2858960283020512,0.7141039716979488
19616,0.9503823427181092,0.2858960283020512,0.7141039716979488
19617,0.9503823427181092,0.2860005925306286,0.7139994074693714
19618,0.9503997219325686,0.2860005925306286,0.7139994074693714
19619,0.9503997219325686,0.28603544727348773,0.7139645527265123
19620,0.9504171011470282,0.28603544727348773,0.7139645527265123
19621,0.9504171011470282,0.2860528746449173,0.7139471253550826
19622,0.9504344803614877,0.2860528746449173,0.7139471253550826
19623,0.9504344803614877,0.286105156759206,0.713894843240794
19624,0.9504692387904067,0.286105156759206,0.713894843240794
19625,0.9504692387904067,0.2863839947020791,0.7136160052979209
19626,0.9504866180048662,0.2863839947020791,0.7136160052979209
19627,0.9504866180048662,0.28645370418779736,0.7135462958122026
19628,0.9505039972193257,0.28645370418779736,0.7135462958122026
19629,0.9505039972193257,0.2865408410449452,0.7134591589550547
19630,0.9505213764337852,0.2865408410449452,0.7134591589550547
19631,0.9505213764337852,0.28662797790209305,0.713372022097907
19632,0.9505387556482447,0.28662797790209305,0.713372022097907
19633,0.9505387556482447,0.2867151147592409,0.7132848852407592
19634,0.9505735140771637,0.2867151147592409,0.7132848852407592
19635,0.9505735140771637,0.28673254213067045,0.7132674578693295
19636,0.9505908932916233,0.28673254213067045,0.7132674578693295
19637,0.9505908932916233,0.2868196789878183,0.7131803210121817
19638,0.9506082725060827,0.2868196789878183,0.7131803210121817
19639,0.9506082725060827,0.2869590979592548,0.7130409020407452
19640,0.9506256517205423,0.2869590979592548,0.7130409020407452
19641,0.9506256517205423,0.28708108955926176,0.7129189104407383
19642,0.9506604101494612,0.28708108955926176,0.7129189104407383
19643,0.9506604101494612,0.2870985169306913,0.7129014830693087
19644,0.9506777893639208,0.2870985169306913,0.7129014830693087
19645,0.9506777893639208,0.2871159443021209,0.712884055697879
19646,0.9507125477928398,0.2871159443021209,0.712884055697879
19647,0.9507125477928398,0.28713337167355046,0.7128666283264495
19648,0.9507473062217587,0.28713337167355046,0.7128666283264495
19649,0.9507473062217587,0.28723793590212787,0.7127620640978721
19650,0.9507646854362183,0.28723793590212787,0.7127620640978721
19651,0.9507646854362183,0.2872902180164166,0.7127097819835835
19652,0.9507820646506778,0.2872902180164166,0.7127097819835835
19653,0.9507820646506778,0.28730764538784614,0.7126923546121539
19654,0.9508342022940564,0.28730764538784614,0.7126923546121539
19655,0.9508342022940564,0.28735992750213485,0.7126400724978652
19656,0.9508515815085158,0.28735992750213485,0.7126400724978652
19657,0.9508515815085158,0.28741220961642355,0.7125877903835764
19658,0.9508689607229753,0.28741220961642355,0.7125877903835764
19659,0.9508689607229753,0.2874296369878531,0.7125703630121469
19660,0.9508863399374349,0.2874296369878531,0.7125703630121469
19661,0.9508863399374349,0.28746449173071226,0.7125355082692877
19662,0.9509210983663539,0.28746449173071226,0.7125355082692877
19663,0.9509210983663539,0.2874819191021418,0.7125180808978582
19664,0.9509384775808134,0.2874819191021418,0.7125180808978582
19665,0.9509384775808134,0.2876736201878671,0.7123263798121329
19666,0.9509558567952728,0.2876736201878671,0.7123263798121329
19667,0.9509558567952728,0.2878304665307332,0.7121695334692668
19668,0.9509906152241918,0.2878304665307332,0.7121695334692668
19669,0.9509906152241918,0.28800474024502887,0.7119952597549711
19670,0.9510079944386514,0.28800474024502887,0.7119952597549711
19671,0.9510079944386514,0.2881093044736062,0.7118906955263937
19672,0.9510427528675703,0.2881093044736062,0.7118906955263937
19673,0.9510427528675703,0.2881267318450358,0.7118732681549642
19674,0.9510601320820299,0.2881267318450358,0.7118732681549642
19675,0.9510601320820299,0.28814415921646536,0.7118558407835347
19676,0.9510948905109489,0.28814415921646536,0.7118558407835347
19677,0.9510948905109489,0.2881790139593245,0.7118209860406755
19678,0.9511122697254084,0.2881790139593245,0.7118209860406755
19679,0.9511122697254084,0.2882312960736132,0.7117687039263868
19680,0.951129648939868,0.2882312960736132,0.7117687039263868
19681,0.951129648939868,0.28826615081647233,0.7117338491835277
19682,0.9511470281543274,0.28826615081647233,0.7117338491835277
19683,0.9511470281543274,0.28831843293076104,0.7116815670692389
19684,0.9511644073687869,0.28831843293076104,0.7116815670692389
19685,0.9511644073687869,0.28837071504504974,0.7116292849549503
19686,0.9511817865832465,0.28837071504504974,0.7116292849549503
19687,0.9511817865832465,0.2884055697879089,0.7115944302120911
19688,0.9511991657977059,0.2884055697879089,0.7115944302120911
19689,0.9511991657977059,0.28842299715933845,0.7115770028406616
19690,0.9512165450121655,0.28842299715933845,0.7115770028406616
19691,0.9512165450121655,0.28847527927362715,0.7115247207263729
19692,0.951233924226625,0.28847527927362715,0.7115247207263729
19693,0.951233924226625,0.28868440773078197,0.711315592269218
19694,0.9512513034410844,0.28868440773078197,0.711315592269218
19695,0.9512513034410844,0.2887192624736411,0.7112807375263589
19696,0.951268682655544,0.2887192624736411,0.7112807375263589
19697,0.951268682655544,0.28873668984507067,0.7112633101549293
19698,0.9512860618700035,0.28873668984507067,0.7112633101549293
19699,0.9512860618700035,0.28875411721650024,0.7112458827834998
19700,0.951303441084463,0.28875411721650024,0.7112458827834998
19701,0.951303441084463,0.2887715445879298,0.7112284554120702
19702,0.9513208202989225,0.2887715445879298,0.7112284554120702
19703,0.9513208202989225,0.2888238267022185,0.7111761732977815
19704,0.9513555787278415,0.2888238267022185,0.7111761732977815
19705,0.9513555787278415,0.2888761088165072,0.7111238911834927
19706,0.9513903371567605,0.2888761088165072,0.7111238911834927
19707,0.9513903371567605,0.28896324567365506,0.7110367543263449
19708,0.95140771637122,0.28896324567365506,0.7110367543263449
19709,0.95140771637122,0.28913751938795074,0.7108624806120493
19710,0.9514250955856796,0.28913751938795074,0.7108624806120493
19711,0.9514250955856796,0.2891549467593803,0.7108450532406196
19712,0.951442474800139,0.2891549467593803,0.7108450532406196
19713,0.951442474800139,0.2891723741308099,0.7108276258691901
19714,0.9514598540145985,0.2891723741308099,0.7108276258691901
19715,0.9514598540145985,0.289207228873669,0.710792771126331
19716,0.9514772332290581,0.289207228873669,0.710792771126331
19717,0.9514772332290581,0.2892246562450986,0.7107753437549014
19718,0.9515119916579771,0.2892246562450986,0.7107753437549014
19719,0.9515119916579771,0.2892595109879577,0.7107404890120423
19720,0.9515293708724366,0.2892595109879577,0.7107404890120423
19721,0.9515293708724366,0.2892943657308168,0.7107056342691832
19722,0.951546750086896,0.2892943657308168,0.7107056342691832
19723,0.951546750086896,0.28931179310224636,0.7106882068977536
19724,0.9515641293013556,0.28931179310224636,0.7106882068977536
19725,0.9515641293013556,0.2895209215594012,0.7104790784405988
19726,0.9515815085158151,0.2895209215594012,0.7104790784405988
19727,0.9515815085158151,0.28974747738798556,0.7102525226120144
19728,0.9515988877302746,0.28974747738798556,0.7102525226120144
19729,0.9515988877302746,0.28976490475941513,0.7102350952405849
19730,0.9516162669447341,0.28976490475941513,0.7102350952405849
19731,0.9516162669447341,0.2898346142451334,0.7101653857548667
19732,0.9516336461591937,0.2898346142451334,0.7101653857548667
19733,0.9516336461591937,0.28986946898799254,0.7101305310120074
19734,0.9516336461591937,0.2899043237308517,0.7100956762691484
19735,0.9516336461591937,0.2900088879594291,0.7099911120405709
19736,0.9516510253736531,0.2900088879594291,0.7099911120405709
19737,0.9516510253736531,0.2900437427022882,0.7099562572977118
19738,0.9516510253736531,0.29018316167372477,0.7098168383262753
19739,0.9516684045881126,0.29018316167372477,0.7098168383262753
19740,0.9516684045881126,0.2902180164165839,0.709781983583416
19741,0.9516857838025721,0.2902180164165839,0.709781983583416
19742,0.9516857838025721,0.29037486275945,0.70962513724055
19743,0.9517031630170316,0.29037486275945,0.70962513724055
19744,0.9517031630170316,0.2903922901308796,0.7096077098691205
19745,0.9517205422314912,0.2903922901308796,0.7096077098691205
19746,0.9517205422314912,0.29053170910231607,0.7094682908976839
19747,0.9517379214459506,0.29053170910231607,0.7094682908976839
19748,0.9517379214459506,0.2906362733308935,0.7093637266691065
19749,0.9517553006604101,0.2906362733308935,0.7093637266691065
19750,0.9517553006604101,0.2906885554451822,0.7093114445548179
19751,0.9517726798748697,0.2906885554451822,0.7093114445548179
19752,0.9517726798748697,0.2908454017880483,0.7091545982119517
19753,0.9517900590893291,0.2908454017880483,0.7091545982119517
19754,0.9517900590893291,0.29088025653090743,0.7091197434690926
19755,0.9518074383037887,0.29088025653090743,0.7091197434690926
19756,0.9518074383037887,0.29091511127376657,0.7090848887262334
19757,0.9518248175182482,0.29091511127376657,0.7090848887262334
19758,0.9518248175182482,0.291019675502344,0.708980324497656
19759,0.9518421967327076,0.291019675502344,0.708980324497656
19760,0.9518421967327076,0.29103710287377355,0.7089628971262265
19761,0.9518595759471672,0.29103710287377355,0.7089628971262265
19762,0.9518595759471672,0.29119394921663966,0.7088060507833603
19763,0.9518769551616267,0.29119394921663966,0.7088060507833603
19764,0.9518769551616267,0.29124623133092836,0.7087537686690717
19765,0.9518943343760862,0.29124623133092836,0.7087537686690717
19766,0.9518943343760862,0.29129851344521707,0.7087014865547829
19767,0.9519117135905457,0.29129851344521707,0.7087014865547829
19768,0.9519117135905457,0.2914030776737945,0.7085969223262055
19769,0.9519290928050053,0.2914030776737945,0.7085969223262055
19770,0.9519290928050053,0.2915076419023719,0.7084923580976281
19771,0.9519464720194647,0.2915076419023719,0.7084923580976281
19772,0.9519464720194647,0.29152506927380145,0.7084749307261986
19773,0.9520333680917622,0.29152506927380145,0.7084749307261986
19774,0.9520333680917622,0.291542496645231,0.708457503354769
19775,0.9520507473062217,0.291542496645231,0.708457503354769
19776,0.9520507473062217,0.29168191561666756,0.7083180843833324
19777,0.9520681265206813,0.29168191561666756,0.7083180843833324
19778,0.9520681265206813,0.2917864798452449,0.708213520154755
19779,0.9520855057351407,0.2917864798452449,0.708213520154755
19780,0.9520855057351407,0.2918561893309632,0.7081438106690368
19781,0.9521028849496003,0.2918561893309632,0.7081438106690368
19782,0.9521028849496003,0.29187361670239276,0.7081263832976072
19783,0.9521202641640598,0.29187361670239276,0.7081263832976072
19784,0.9521202641640598,0.2920827451595476,0.7079172548404524
19785,0.9521376433785192,0.2920827451595476,0.7079172548404524
19786,0.9521376433785192,0.2921175999024067,0.7078824000975933
19787,0.9521550225929788,0.2921175999024067,0.7078824000975933
19788,0.9521550225929788,0.29225701887384326,0.7077429811261567
19789,0.9521724018074383,0.29225701887384326,0.7077429811261567
19790,0.9521724018074383,0.2922918736167024,0.7077081263832976
19791,0.9521897810218978,0.2922918736167024,0.7077081263832976
19792,0.9521897810218978,0.2923964378452798,0.7076035621547202
19793,0.9522940563086548,0.2923964378452798,0.7076035621547202
19794,0.9522940563086548,0.29243129258813894,0.7075687074118611
19795,0.9523114355231144,0.29243129258813894,0.7075687074118611
19796,0.9523114355231144,0.29248357470242764,0.7075164252975723
19797,0.9523461939520333,0.29248357470242764,0.7075164252975723
19798,0.9523461939520333,0.2927275579024416,0.7072724420975585
19799,0.9523635731664929,0.2927275579024416,0.7072724420975585
19800,0.9523635731664929,0.2927798400167303,0.7072201599832697
19801,0.9523809523809523,0.2927798400167303,0.7072201599832697
19802,0.9523809523809523,0.29279726738815987,0.7072027326118402
19803,0.9523983315954119,0.29279726738815987,0.7072027326118402
19804,0.9523983315954119,0.292832122131019,0.7071678778689809
19805,0.9524157108098714,0.292832122131019,0.7071678778689809
19806,0.9524157108098714,0.2930238232167442,0.7069761767832559
19807,0.9524330900243309,0.2930238232167442,0.7069761767832559
19808,0.9524330900243309,0.2930761053310329,0.7069238946689671
19809,0.9524504692387904,0.2930761053310329,0.7069238946689671
19810,0.9524504692387904,0.29309353270246247,0.7069064672975376
19811,0.9524678484532499,0.29309353270246247,0.7069064672975376
19812,0.9524678484532499,0.2931283874453216,0.7068716125546783
19813,0.9524852276677094,0.2931283874453216,0.7068716125546783
19814,0.9524852276677094,0.293232951673899,0.706767048326101
19815,0.9525199860966285,0.293232951673899,0.706767048326101
19816,0.9525199860966285,0.29332008853104685,0.7066799114689531
19817,0.9525373653110879,0.29332008853104685,0.7066799114689531
19818,0.9525373653110879,0.2936337812167791,0.7063662187832209
19819,0.9525547445255474,0.2936337812167791,0.7063662187832209
19820,0.9525547445255474,0.29365120858820865,0.7063487914117914
19821,0.952572123740007,0.29365120858820865,0.7063487914117914
19822,0.952572123740007,0.29370349070249735,0.7062965092975027
19823,0.9525895029544664,0.29370349070249735,0.7062965092975027
19824,0.9525895029544664,0.2937209180739269,0.7062790819260731
19825,0.952606882168926,0.2937209180739269,0.7062790819260731
19826,0.952606882168926,0.2937732001882156,0.7062267998117844
19827,0.9526590198123045,0.2937732001882156,0.7062267998117844
19828,0.9526590198123045,0.2937906275596452,0.7062093724403549
19829,0.9526937782412235,0.2937906275596452,0.7062093724403549
19830,0.9526937782412235,0.2940171833882296,0.7059828166117704
19831,0.952711157455683,0.2940171833882296,0.7059828166117704
19832,0.952711157455683,0.29403461075965914,0.7059653892403408
19833,0.9527285366701425,0.29403461075965914,0.7059653892403408
19834,0.9527285366701425,0.2940694655025183,0.7059305344974818
19835,0.9527632950990615,0.2940694655025183,0.7059305344974818
19836,0.9527632950990615,0.29417402973109563,0.7058259702689044
19837,0.952780674313521,0.29417402973109563,0.7058259702689044
19838,0.952780674313521,0.2941914571025252,0.7058085428974747
19839,0.9527980535279805,0.2941914571025252,0.7058085428974747
19840,0.9527980535279805,0.29420888447395477,0.7057911155260452
19841,0.9528154327424401,0.29420888447395477,0.7057911155260452
19842,0.9528154327424401,0.29422631184538434,0.7057736881546157
19843,0.952850191171359,0.29422631184538434,0.7057736881546157
19844,0.952850191171359,0.29427859395967304,0.705721406040327
19845,0.9528675703858186,0.29427859395967304,0.705721406040327
19846,0.9528675703858186,0.2942960213311026,0.7057039786688974
19847,0.9529023288147376,0.2942960213311026,0.7057039786688974
19848,0.9529023288147376,0.2943483034453913,0.7056516965546087
19849,0.9529370872436566,0.2943483034453913,0.7056516965546087
19850,0.9529370872436566,0.29438315818825045,0.7056168418117496
19851,0.9529544664581161,0.29438315818825045,0.7056168418117496
19852,0.9529544664581161,0.2944180129311096,0.7055819870688904
19853,0.9529718456725756,0.2944180129311096,0.7055819870688904
19854,0.9529718456725756,0.29443544030253915,0.7055645596974609
19855,0.9529892248870351,0.29443544030253915,0.7055645596974609
19856,0.9529892248870351,0.2944528676739687,0.7055471323260313
19857,0.9530066041014946,0.2944528676739687,0.7055471323260313
19858,0.9530066041014946,0.29454000453111656,0.7054599954688834
19859,0.9530413625304136,0.29454000453111656,0.7054599954688834
19860,0.9530413625304136,0.29466199613112354,0.7053380038688765
19861,0.9530587417448732,0.29466199613112354,0.7053380038688765
19862,0.9530587417448732,0.29471427824541224,0.7052857217545878
19863,0.9530761209593326,0.29471427824541224,0.7052857217545878
19864,0.9530761209593326,0.2947839877311305,0.7052160122688695
19865,0.9530935001737921,0.2947839877311305,0.7052160122688695
19866,0.9530935001737921,0.29481884247398965,0.7051811575260103
19867,0.9531108793882517,0.29481884247398965,0.7051811575260103
19868,0.9531108793882517,0.29487112458827835,0.7051288754117216
19869,0.9531282586027111,0.29487112458827835,0.7051288754117216
19870,0.9531282586027111,0.2948885519597079,0.705111448040292
19871,0.9531456378171707,0.2948885519597079,0.705111448040292
19872,0.9531456378171707,0.29492340670256706,0.705076593297433
19873,0.9531630170316302,0.29492340670256706,0.705076593297433
19874,0.9531630170316302,0.2949582614454262,0.7050417385545737
19875,0.9531803962460896,0.2949582614454262,0.7050417385545737
19876,0.9531803962460896,0.29502797093114447,0.7049720290688555
19877,0.9531977754605492,0.29502797093114447,0.7049720290688555
19878,0.9531977754605492,0.2950628256740036,0.7049371743259965
19879,0.9532151546750087,0.2950628256740036,0.7049371743259965
19880,0.9532151546750087,0.295167389902581,0.7048326100974189
19881,0.9532325338894682,0.295167389902581,0.7048326100974189
19882,0.9532325338894682,0.2953242362454471,0.7046757637545529
19883,0.9532499131039277,0.2953242362454471,0.7046757637545529
19884,0.9532499131039277,0.29539394573116534,0.7046060542688346
19885,0.9532672923183872,0.29539394573116534,0.7046060542688346
19886,0.9532672923183872,0.2954113731025949,0.7045886268974051
19887,0.9532846715328467,0.2954113731025949,0.7045886268974051
19888,0.9532846715328467,0.2954810825883132,0.7045189174116868
19889,0.9533020507473062,0.2954810825883132,0.7045189174116868
19890,0.9533020507473062,0.295690211045468,0.704309788954532
19891,0.9533194299617658,0.295690211045468,0.704309788954532
19892,0.9533194299617658,0.29577734790261584,0.7042226520973842
19893,0.9533368091762252,0.29577734790261584,0.7042226520973842
19894,0.9533368091762252,0.295812202645475,0.704187797354525
19895,0.9533541883906848,0.295812202645475,0.704187797354525
19896,0.9533541883906848,0.29582963001690454,0.7041703699830955
19897,0.9533715676051443,0.29582963001690454,0.7041703699830955
19898,0.9533715676051443,0.29588191213119325,0.7041180878688067
19899,0.9533889468196037,0.29588191213119325,0.7041180878688067
19900,0.9533889468196037,0.2959516216169115,0.7040483783830884
19901,0.9534063260340633,0.2959516216169115,0.7040483783830884
19902,0.9534063260340633,0.29605618584548893,0.7039438141545111
19903,0.9534237052485227,0.29605618584548893,0.7039438141545111
19904,0.9534237052485227,0.29609104058834806,0.7039089594116519
19905,0.9534410844629823,0.29609104058834806,0.7039089594116519
19906,0.9534410844629823,0.29610846795977763,0.7038915320402224
19907,0.9534584636774418,0.29610846795977763,0.7038915320402224
19908,0.9534584636774418,0.29616075007406634,0.7038392499259336
19909,0.9534758428919012,0.29616075007406634,0.7038392499259336
19910,0.9534758428919012,0.2962304595597846,0.7037695404402153
19911,0.9535106013208203,0.2962304595597846,0.7037695404402153
19912,0.9535106013208203,0.29626531430264375,0.7037346856973563
19913,0.9535279805352798,0.29626531430264375,0.7037346856973563
19914,0.9535279805352798,0.29631759641693245,0.7036824035830676
19915,0.9535627389641989,0.29631759641693245,0.7036824035830676
19916,0.9535627389641989,0.29636987853122115,0.7036301214687788
19917,0.9535801181786583,0.29636987853122115,0.7036301214687788
19918,0.9535801181786583,0.296457015388369,0.703542984611631
19919,0.9535974973931178,0.296457015388369,0.703542984611631
19920,0.9535974973931178,0.29654415224551683,0.7034558477544832
19921,0.9536148766075774,0.29654415224551683,0.7034558477544832
19922,0.9536148766075774,0.2965615796169464,0.7034384203830536
19923,0.9536322558220368,0.2965615796169464,0.7034384203830536
19924,0.9536322558220368,0.29671842595981246,0.7032815740401875
19925,0.9536496350364964,0.29671842595981246,0.7032815740401875
19926,0.9536496350364964,0.296735853331242,0.7032641466687579
19927,0.9536670142509559,0.296735853331242,0.7032641466687579
19928,0.9536670142509559,0.29677070807410116,0.7032292919258989
19929,0.9536843934654153,0.29677070807410116,0.7032292919258989
19930,0.9536843934654153,0.29694498178839684,0.7030550182116031
19931,0.9537017726798749,0.29694498178839684,0.7030550182116031
19932,0.9537017726798749,0.2970146912741151,0.7029853087258848
19933,0.9537365311087939,0.2970146912741151,0.7029853087258848
19934,0.9537365311087939,0.2970844007598334,0.7029155992401666
19935,0.9537539103232534,0.2970844007598334,0.7029155992401666
19936,0.9537539103232534,0.2971889649884108,0.7028110350115893
19937,0.9537886687521724,0.2971889649884108,0.7028110350115893
19938,0.9537886687521724,0.2972412471026995,0.7027587528973005
19939,0.9538060479666319,0.2972412471026995,0.7027587528973005
19940,0.9538060479666319,0.29732838395984734,0.7026716160401527
19941,0.9538234271810914,0.29732838395984734,0.7026716160401527
19942,0.9538234271810914,0.2973458113312769,0.7026541886687231
19943,0.9538408063955509,0.2973458113312769,0.7026541886687231
19944,0.9538408063955509,0.297502657674143,0.7024973423258569
19945,0.9538581856100105,0.297502657674143,0.7024973423258569
19946,0.9538581856100105,0.29760722190272043,0.7023927780972796
19947,0.9538929440389294,0.29760722190272043,0.7023927780972796
19948,0.9538929440389294,0.29765950401700914,0.7023404959829909
19949,0.9539277024678484,0.29765950401700914,0.7023404959829909
19950,0.9539277024678484,0.29790348721702303,0.702096512782977
19951,0.953945081682308,0.29790348721702303,0.702096512782977
19952,0.953945081682308,0.2980429061884596,0.7019570938115405
19953,0.9539798401112269,0.2980429061884596,0.7019570938115405
19954,0.9539798401112269,0.29821717990275526,0.7017828200972447
19955,0.954014598540146,0.29821717990275526,0.7017828200972447
19956,0.954014598540146,0.29832174413133267,0.7016782558686674
19957,0.9540319777546055,0.29832174413133267,0.7016782558686674
19958,0.9540319777546055,0.2983565988741918,0.7016434011258081
19959,0.954049356969065,0.2983565988741918,0.7016434011258081
19960,0.954049356969065,0.2984785904741988,0.7015214095258012
19961,0.9540667361835246,0.2984785904741988,0.7015214095258012
19962,0.9540667361835246,0.29849601784562835,0.7015039821543716
19963,0.954084115397984,0.29849601784562835,0.7015039821543716
19964,0.954084115397984,0.29854829995991705,0.701451700040083
19965,0.954118873826903,0.29854829995991705,0.701451700040083
19966,0.954118873826903,0.2985657273313466,0.7014342726686533
19967,0.9541362530413625,0.2985657273313466,0.7014342726686533
19968,0.9541362530413625,0.2986877189313536,0.7013122810686464
19969,0.9541710114702815,0.2986877189313536,0.7013122810686464
19970,0.9541710114702815,0.2987400010456423,0.7012599989543578
19971,0.9542057698992006,0.2987400010456423,0.7012599989543578
19972,0.9542057698992006,0.29877485578850144,0.7012251442114985
19973,0.95422314911366,0.29877485578850144,0.7012251442114985
19974,0.95422314911366,0.298792283159931,0.701207716840069
19975,0.9542405283281196,0.298792283159931,0.701207716840069
19976,0.9542405283281196,0.2990188389885154,0.7009811610114847
19977,0.9542579075425791,0.2990188389885154,0.7009811610114847
19978,0.9542579075425791,0.2991408305885223,0.7008591694114776
19979,0.9542752867570385,0.2991408305885223,0.7008591694114776
19980,0.9542752867570385,0.2992105400742406,0.7007894599257594
19981,0.9543100451859576,0.2992105400742406,0.7007894599257594
19982,0.9543100451859576,0.29950680538854324,0.7004931946114568
19983,0.9543448036148766,0.29950680538854324,0.7004931946114568
19984,0.9543448036148766,0.29961136961712065,0.7003886303828794
19985,0.9543795620437956,0.29961136961712065,0.7003886303828794
19986,0.9543795620437956,0.2996462243599798,0.7003537756400202
19987,0.9543969412582551,0.2996462243599798,0.7003537756400202
19988,0.9543969412582551,0.2996810791028389,0.7003189208971611
19989,0.9544143204727147,0.2996810791028389,0.7003189208971611
19990,0.9544143204727147,0.29976821595998676,0.7002317840400132
19991,0.9544316996871741,0.29976821595998676,0.7002317840400132
19992,0.9544316996871741,0.29978564333141633,0.7002143566685837
19993,0.9544490789016337,0.29978564333141633,0.7002143566685837
19994,0.9544490789016337,0.29989020755999374,0.7001097924400063
19995,0.9544664581160931,0.29989020755999374,0.7001097924400063
19996,0.9544664581160931,0.3001341907600077,0.6998658092399923
19997,0.9544838373305526,0.3001341907600077,0.6998658092399923
19998,0.9544838373305526,0.3001690455028668,0.6998309544971332
19999,0.9545012165450122,0.3001690455028668,0.6998309544971332
20000,0.9545012165450122,0.30020390024572596,0.699796099754274
20001,0.9545881126173097,0.30020390024572596,0.699796099754274
20002,0.9545881126173097,0.30029103710287375,0.6997089628971263
20003,0.9546228710462287,0.30029103710287375,0.6997089628971263
20004,0.9546228710462287,0.3003781739600216,0.6996218260399785
20005,0.9546402502606882,0.3003781739600216,0.6996218260399785
20006,0.9546402502606882,0.300482738188599,0.699517261811401
20007,0.9546750086896072,0.300482738188599,0.699517261811401
20008,0.9546750086896072,0.30056987504574684,0.6994301249542532
20009,0.9546923879040667,0.30056987504574684,0.6994301249542532
20010,0.9546923879040667,0.3005873024171764,0.6994126975828237
20011,0.9547097671185263,0.3005873024171764,0.6994126975828237
20012,0.9547097671185263,0.3006395845314651,0.6993604154685349
20013,0.9547271463329857,0.3006395845314651,0.6993604154685349
20014,0.9547271463329857,0.3007615761314721,0.6992384238685279
20015,0.9547445255474453,0.3007615761314721,0.6992384238685279
20016,0.9547445255474453,0.3008487129886199,0.6991512870113801
20017,0.9547792839763642,0.3008487129886199,0.6991512870113801
20018,0.9547792839763642,0.3010404140743452,0.6989595859256548
20019,0.9548140424052833,0.3010404140743452,0.6989595859256548
20020,0.9548140424052833,0.3011798330457817,0.6988201669542182
20021,0.9548488008342023,0.3011798330457817,0.6988201669542182
20022,0.9548488008342023,0.30131925201721826,0.6986807479827817
20023,0.9548661800486618,0.30131925201721826,0.6986807479827817
20024,0.9548661800486618,0.30133667938864783,0.6986633206113522
20025,0.9549009384775808,0.30133667938864783,0.6986633206113522
20026,0.9549009384775808,0.30165037207438,0.69834962792562
20027,0.9549183176920403,0.30165037207438,0.69834962792562
20028,0.9549183176920403,0.3019117826458235,0.6980882173541765
20029,0.9549356969064998,0.3019117826458235,0.6980882173541765
20030,0.9549356969064998,0.30206862898868964,0.6979313710113104
20031,0.9549530761209594,0.30206862898868964,0.6979313710113104
20032,0.9549530761209594,0.3022080479601262,0.6977919520398739
20033,0.9549704553354188,0.3022080479601262,0.6977919520398739
20034,0.9549704553354188,0.30222547533155575,0.6977745246684443
20035,0.9550052137643379,0.30222547533155575,0.6977745246684443
20036,0.9550052137643379,0.302295184817274,0.697704815182726
20037,0.9550225929787973,0.302295184817274,0.697704815182726
20038,0.9550225929787973,0.3023474669315627,0.6976525330684373
20039,0.9550747306221758,0.3023474669315627,0.6976525330684373
20040,0.9550747306221758,0.30238232167442186,0.6976176783255781
20041,0.9550921098366354,0.30238232167442186,0.6976176783255781
20042,0.9550921098366354,0.30245203116014013,0.6975479688398598
20043,0.9551094890510949,0.30245203116014013,0.6975479688398598
20044,0.9551094890510949,0.30248688590299927,0.6975131140970008
20045,0.9551268682655544,0.30248688590299927,0.6975131140970008
20046,0.9551268682655544,0.3025914501315767,0.6974085498684233
20047,0.9551616266944735,0.3025914501315767,0.6974085498684233
20048,0.9551616266944735,0.3029225701887384,0.6970774298112616
20049,0.9551790059089329,0.3029225701887384,0.6970774298112616
20050,0.9551790059089329,0.3029922796744567,0.6970077203255434
20051,0.9551963851233924,0.3029922796744567,0.6970077203255434
20052,0.9551963851233924,0.3030968439030341,0.6969031560969658
20053,0.9552137643378519,0.3030968439030341,0.6969031560969658
20054,0.9552137643378519,0.3032188355030411,0.6967811644969589
20055,0.955248522766771,0.3032188355030411,0.6967811644969589
20056,0.955248522766771,0.30334082710304805,0.696659172896952
20057,0.9552659019812304,0.30334082710304805,0.696659172896952
20058,0.9552659019812304,0.30339310921733675,0.6966068907826632
20059,0.95528328119569,0.30339310921733675,0.6966068907826632
20060,0.95528328119569,0.3034802460744846,0.6965197539255155
20061,0.9553006604101495,0.3034802460744846,0.6965197539255155
20062,0.9553006604101495,0.30349767344591416,0.6965023265540858
20063,0.9553180396246089,0.30349767344591416,0.6965023265540858
20064,0.9553180396246089,0.30354995556020287,0.6964500444397972
20065,0.9553354188390685,0.30354995556020287,0.6964500444397972
20066,0.9553354188390685,0.303706801903069,0.696293198096931
20067,0.955352798053528,0.303706801903069,0.696293198096931
20068,0.955352798053528,0.3037939387602168,0.6962060612397831
20069,0.9553701772679875,0.3037939387602168,0.6962060612397831
20070,0.9553701772679875,0.3038462208745055,0.6961537791254945
20071,0.9554049356969065,0.3038462208745055,0.6961537791254945
20072,0.9554049356969065,0.3038636482459351,0.6961363517540649
20073,0.955422314911366,0.3038636482459351,0.6961363517540649
20074,0.955422314911366,0.3040379219602307,0.6959620780397693
20075,0.9554396941258255,0.3040379219602307,0.6959620780397693
20076,0.9554396941258255,0.30419476830309683,0.6958052316969032
20077,0.9554570733402851,0.30419476830309683,0.6958052316969032
20078,0.9554570733402851,0.30428190516024467,0.6957180948397553
20079,0.955491831769204,0.30428190516024467,0.6957180948397553
20080,0.955491831769204,0.30429933253167424,0.6957006674683257
20081,0.9555092109836636,0.30429933253167424,0.6957006674683257
20082,0.9555092109836636,0.30435161464596294,0.6956483853540371
20083,0.955526590198123,0.30435161464596294,0.6956483853540371
20084,0.955526590198123,0.3044213241316812,0.6955786758683188
20085,0.9555439694125826,0.3044213241316812,0.6955786758683188
20086,0.9555439694125826,0.3044910336173995,0.6955089663826005
20087,0.955561348627042,0.3044910336173995,0.6955089663826005
20088,0.955561348627042,0.30466530733169517,0.6953346926683048
20089,0.9555787278415016,0.30466530733169517,0.6953346926683048
20090,0.9555787278415016,0.30468273470312474,0.6953172652968753
20091,0.9555961070559611,0.30468273470312474,0.6953172652968753
20092,0.9555961070559611,0.3049267179031387,0.6950732820968613
20093,0.9556134862704205,0.3049267179031387,0.6950732820968613
20094,0.9556134862704205,0.30513584636029345,0.6948641536397065
20095,0.9556308654848801,0.30513584636029345,0.6948641536397065
20096,0.9556308654848801,0.305153273731723,0.6948467262682769
20097,0.9556482446993396,0.305153273731723,0.6948467262682769
20098,0.9556482446993396,0.3053275474460187,0.6946724525539814
20099,0.9556656239137991,0.3053275474460187,0.6946724525539814
20100,0.9556656239137991,0.3053798295603074,0.6946201704396926
20101,0.9556830031282586,0.3053798295603074,0.6946201704396926
20102,0.9556830031282586,0.30539725693173697,0.6946027430682631
20103,0.9557003823427181,0.30539725693173697,0.6946027430682631
20104,0.9557003823427181,0.3054321116745961,0.6945678883254038
20105,0.9557177615571776,0.3054321116745961,0.6945678883254038
20106,0.9557177615571776,0.30546696641745524,0.6945330335825448
20107,0.9557351407716371,0.30546696641745524,0.6945330335825448
20108,0.9557351407716371,0.30551924853174395,0.694480751468256
20109,0.9557698992005561,0.30551924853174395,0.694480751468256
20110,0.9557698992005561,0.3055366759031735,0.6944633240968265
20111,0.9557872784150157,0.3055366759031735,0.6944633240968265
20112,0.9557872784150157,0.30557153064603265,0.6944284693539673
20113,0.9558046576294752,0.30557153064603265,0.6944284693539673
20114,0.9558046576294752,0.30562381276032136,0.6943761872396786
20115,0.9558394160583942,0.30562381276032136,0.6943761872396786
20116,0.9558394160583942,0.30569352224603963,0.6943064777539604
20117,0.9558567952728537,0.30569352224603963,0.6943064777539604
20118,0.9558567952728537,0.30574580436032833,0.6942541956396717
20119,0.9558915537017727,0.30574580436032833,0.6942541956396717
20120,0.9558915537017727,0.3058155138460466,0.6941844861539535
20121,0.9559089329162321,0.3058155138460466,0.6941844861539535
20122,0.9559089329162321,0.305920078074624,0.6940799219253759
20123,0.9559263121306917,0.305920078074624,0.6940799219253759
20124,0.9559263121306917,0.3059375054460536,0.6940624945539464
20125,0.9559610705596107,0.3059375054460536,0.6940624945539464
20126,0.9559610705596107,0.3059723601889127,0.6940276398110873
20127,0.9559784497740702,0.3059723601889127,0.6940276398110873
20128,0.9559784497740702,0.30605949704606056,0.6939405029539394
20129,0.9559958289885297,0.30605949704606056,0.6939405029539394
20130,0.9559958289885297,0.30616406127463797,0.6938359387253621
20131,0.9560132082029892,0.30616406127463797,0.6938359387253621
20132,0.9560132082029892,0.30623377076035624,0.6937662292396438
20133,0.9560305874174487,0.30623377076035624,0.6937662292396438
20134,0.9560305874174487,0.306442899217511,0.693557100782489
20135,0.9560653458463677,0.306442899217511,0.693557100782489
20136,0.9560653458463677,0.3067043097889545,0.6932956902110454
20137,0.9560827250608273,0.3067043097889545,0.6932956902110454
20138,0.9560827250608273,0.30679144664610236,0.6932085533538976
20139,0.9561001042752868,0.30679144664610236,0.6932085533538976
20140,0.9561001042752868,0.30680887401753193,0.6931911259824681
20141,0.9561174834897462,0.30680887401753193,0.6931911259824681
20142,0.9561174834897462,0.30686115613182063,0.6931388438681794
20143,0.9561348627042058,0.30686115613182063,0.6931388438681794
20144,0.9561348627042058,0.3069308656175389,0.6930691343824611
20145,0.9561522419186653,0.3069308656175389,0.6930691343824611
20146,0.9561522419186653,0.3070528572175459,0.6929471427824541
20147,0.9561870003475843,0.3070528572175459,0.6929471427824541
20148,0.9561870003475843,0.30712256670326415,0.6928774332967358
20149,0.9562043795620438,0.30712256670326415,0.6928774332967358
20150,0.9562043795620438,0.3071399940746937,0.6928600059253063
20151,0.9562217587765033,0.3071399940746937,0.6928600059253063
20152,0.9562217587765033,0.30733169516041897,0.692668304839581
20153,0.9562565172054223,0.30733169516041897,0.692668304839581
20154,0.9562565172054223,0.3073665499032781,0.692633450096722
20155,0.9562738964198818,0.3073665499032781,0.692633450096722
20156,0.9562738964198818,0.30745368676042595,0.692546313239574
20157,0.9562912756343414,0.30745368676042595,0.692546313239574
20158,0.9562912756343414,0.3075408236175738,0.6924591763824262
20159,0.9563086548488008,0.3075408236175738,0.6924591763824262
20160,0.9563086548488008,0.3076279604747216,0.6923720395252784
20161,0.9563260340632603,0.3076279604747216,0.6923720395252784
20162,0.9563260340632603,0.30774995207472855,0.6922500479252715
20163,0.9563434132777199,0.30774995207472855,0.6922500479252715
20164,0.9563434132777199,0.3078370889318764,0.6921629110681236
20165,0.9563781717066389,0.3078370889318764,0.6921629110681236
20166,0.9563781717066389,0.30785451630330596,0.692145483696694
20167,0.9563955509210984,0.30785451630330596,0.692145483696694
20168,0.9563955509210984,0.3078719436747355,0.6921280563252645
20169,0.9564129301355578,0.3078719436747355,0.6921280563252645
20170,0.9564129301355578,0.30801136264617207,0.691988637353828
20171,0.9564303093500174,0.30801136264617207,0.691988637353828
20172,0.9564303093500174,0.3080984995033199,0.6919015004966801
20173,0.9564476885644769,0.3080984995033199,0.6919015004966801
20174,0.9564476885644769,0.30830762796047473,0.6916923720395253
20175,0.9564650677789364,0.30830762796047473,0.6916923720395253
20176,0.9564650677789364,0.30839476481762257,0.6916052351823774
20177,0.9564824469933959,0.30839476481762257,0.6916052351823774
20178,0.9564824469933959,0.30841219218905214,0.6915878078109479
20179,0.9564998262078555,0.30841219218905214,0.6915878078109479
20180,0.9564998262078555,0.3084470469319113,0.6915529530680887
20181,0.9565172054223149,0.3084470469319113,0.6915529530680887
20182,0.9565172054223149,0.3085516111604887,0.6914483888395113
20183,0.9565345846367744,0.3085516111604887,0.6914483888395113
20184,0.9565345846367744,0.3085864659033478,0.6914135340966522
20185,0.956551963851234,0.3085864659033478,0.6914135340966522
20186,0.956551963851234,0.30862132064620695,0.691378679353793
20187,0.9565693430656934,0.30862132064620695,0.691378679353793
20188,0.9565693430656934,0.3086561753890661,0.6913438246109339
20189,0.956586722280153,0.3086561753890661,0.6913438246109339
20190,0.956586722280153,0.3086910301319252,0.6913089698680748
20191,0.9566041014946124,0.3086910301319252,0.6913089698680748
20192,0.9566041014946124,0.30872588487478436,0.6912741151252156
20193,0.9566214807090719,0.30872588487478436,0.6912741151252156
20194,0.9566214807090719,0.308778166989073,0.691221833010927
20195,0.9566736183524505,0.308778166989073,0.691221833010927
20196,0.9566736183524505,0.3089524407033687,0.6910475592966313
20197,0.9567083767813694,0.3089524407033687,0.6910475592966313
20198,0.9567083767813694,0.3089872954462278,0.6910127045537722
20199,0.956725755995829,0.3089872954462278,0.6910127045537722
20200,0.956725755995829,0.3090570049319461,0.6909429950680539
20201,0.9567431352102885,0.3090570049319461,0.6909429950680539
20202,0.9567431352102885,0.3092312786462418,0.6907687213537582
20203,0.956760514424748,0.3092312786462418,0.6907687213537582
20204,0.956760514424748,0.3092835607605305,0.6907164392394696
20205,0.9567778936392075,0.3092835607605305,0.6907164392394696
20206,0.9567778936392075,0.3093881249891079,0.690611875010892
20207,0.9567952728536671,0.3093881249891079,0.690611875010892
20208,0.9567952728536671,0.30940555236053746,0.6905944476394625
20209,0.9568126520681265,0.30940555236053746,0.6905944476394625
20210,0.9568126520681265,0.30945783447482617,0.6905421655251738
20211,0.956830031282586,0.30945783447482617,0.6905421655251738
20212,0.956830031282586,0.309544971331974,0.690455028668026
20213,0.956864789711505,0.309544971331974,0.690455028668026
20214,0.956864789711505,0.3095623987034036,0.6904376012965965
20215,0.9568821689259646,0.3095623987034036,0.6904376012965965
20216,0.9568821689259646,0.30963210818912185,0.6903678918108782
20217,0.9568995481404241,0.30963210818912185,0.6903678918108782
20218,0.9568995481404241,0.3097715271605584,0.6902284728394417
20219,0.9569169273548835,0.3097715271605584,0.6902284728394417
20220,0.9569169273548835,0.3098760913891358,0.6901239086108641
20221,0.9569343065693431,0.3098760913891358,0.6901239086108641
20222,0.9569343065693431,0.3099283735034245,0.6900716264965755
20223,0.9569690649982621,0.3099283735034245,0.6900716264965755
20224,0.9569690649982621,0.3099806556177132,0.6900193443822868
20225,0.9569864442127216,0.3099806556177132,0.6900193443822868
20226,0.9569864442127216,0.3100155103605723,0.6899844896394277
20227,0.9570212026416406,0.3100155103605723,0.6899844896394277
20228,0.9570212026416406,0.31010264721772013,0.6898973527822798
20229,0.9570385818561001,0.31010264721772013,0.6898973527822798
20230,0.9570385818561001,0.3102246388177271,0.6897753611822729
20231,0.9570559610705596,0.3102246388177271,0.6897753611822729
20232,0.9570559610705596,0.3102420661891567,0.6897579338108433
20233,0.9570733402850191,0.3102420661891567,0.6897579338108433
20234,0.9570733402850191,0.31025949356058624,0.6897405064394138
20235,0.9570907194994787,0.31025949356058624,0.6897405064394138
20236,0.9570907194994787,0.3102943483034454,0.6897056516965546
20237,0.9571254779283976,0.3102943483034454,0.6897056516965546
20238,0.9571254779283976,0.3103292030463045,0.6896707969536955
20239,0.9571428571428572,0.3103292030463045,0.6896707969536955
20240,0.9571428571428572,0.31036405778916365,0.6896359422108364
20241,0.9571602363573166,0.31036405778916365,0.6896359422108364
20242,0.9571602363573166,0.31041633990345235,0.6895836600965477
20243,0.9571776155717762,0.31041633990345235,0.6895836600965477
20244,0.9571776155717762,0.3105557588748889,0.6894442411251112
20245,0.9572123740006951,0.3105557588748889,0.6894442411251112
20246,0.9572123740006951,0.31062546836060717,0.6893745316393929
20247,0.9572297532151547,0.31062546836060717,0.6893745316393929
20248,0.9572297532151547,0.3106777504748959,0.6893222495251041
20249,0.9572818908585332,0.3106777504748959,0.6893222495251041
20250,0.9572818908585332,0.3107648873320437,0.6892351126679563
20251,0.9572992700729926,0.3107648873320437,0.6892351126679563
20252,0.9572992700729926,0.31079974207490285,0.6892002579250971
20253,0.9573166492874522,0.31079974207490285,0.6892002579250971
20254,0.9573166492874522,0.3108171694463324,0.6891828305536676
20255,0.9573340285019117,0.3108171694463324,0.6891828305536676
20256,0.9573340285019117,0.310834596817762,0.6891654031822381
20257,0.9573514077163712,0.310834596817762,0.6891654031822381
20258,0.9573514077163712,0.31100887053205767,0.6889911294679423
20259,0.9573687869308307,0.31100887053205767,0.6889911294679423
20260,0.9573687869308307,0.3110611526463464,0.6889388473536536
20261,0.9573861661452903,0.3110611526463464,0.6889388473536536
20262,0.9573861661452903,0.3112005716177829,0.6887994283822171
20263,0.9574035453597497,0.3112005716177829,0.6887994283822171
20264,0.9574035453597497,0.3112877084749307,0.6887122915250693
20265,0.9574209245742092,0.3112877084749307,0.6887122915250693
20266,0.9574209245742092,0.31132256321778984,0.6886774367822102
20267,0.9574383037886688,0.31132256321778984,0.6886774367822102
20268,0.9574383037886688,0.3113399905892194,0.6886600094107806
20269,0.9574556830031282,0.3113399905892194,0.6886600094107806
20270,0.9574556830031282,0.31142712744636725,0.6885728725536328
20271,0.9574730622175878,0.31142712744636725,0.6885728725536328
20272,0.9574730622175878,0.31158397378923336,0.6884160262107666
20273,0.9575078206465067,0.31158397378923336,0.6884160262107666
20274,0.9575078206465067,0.31165368327495163,0.6883463167250483
20275,0.9575251998609663,0.31165368327495163,0.6883463167250483
20276,0.9575251998609663,0.31181052961781774,0.6881894703821823
20277,0.9575425790754258,0.31181052961781774,0.6881894703821823
20278,0.9575425790754258,0.3119499485892543,0.6880500514107457
20279,0.9575599582898853,0.3119499485892543,0.6880500514107457
20280,0.9575599582898853,0.312002230703543,0.687997769296457
20281,0.9575773375043448,0.312002230703543,0.687997769296457
20282,0.9575773375043448,0.3121067949321204,0.6878932050678797
20283,0.9575947167188044,0.3121067949321204,0.6878932050678797
20284,0.9575947167188044,0.31212422230354997,0.68787577769645
20285,0.9576120959332638,0.31212422230354997,0.68787577769645
20286,0.9576120959332638,0.31219393178926824,0.6878060682107318
20287,0.9576294751477233,0.31219393178926824,0.6878060682107318
20288,0.9576294751477233,0.31224621390355695,0.6877537860964431
20289,0.9576468543621828,0.31224621390355695,0.6877537860964431
20290,0.9576468543621828,0.31229849601784565,0.6877015039821543
20291,0.9576642335766423,0.31229849601784565,0.6877015039821543
20292,0.9576642335766423,0.3126644708178665,0.6873355291821335
20293,0.9576989920055613,0.3126644708178665,0.6873355291821335
20294,0.9576989920055613,0.3126818981892961,0.687318101810704
20295,0.9577163712200208,0.3126818981892961,0.687318101810704
20296,0.9577163712200208,0.3127341803035848,0.6872658196964152
20297,0.9577511296489398,0.3127341803035848,0.6872658196964152
20298,0.9577511296489398,0.31280388978930307,0.6871961102106969
20299,0.9577685088633994,0.31280388978930307,0.6871961102106969
20300,0.9577685088633994,0.31282131716073264,0.6871786828392674
20301,0.9577858880778589,0.31282131716073264,0.6871786828392674
20302,0.9577858880778589,0.3128561719035918,0.6871438280964082
20303,0.9578032672923183,0.3128561719035918,0.6871438280964082
20304,0.9578032672923183,0.31292588138931005,0.6870741186106899
20305,0.9578206465067779,0.31292588138931005,0.6870741186106899
20306,0.9578206465067779,0.313169864589324,0.6868301354106761
20307,0.9578380257212374,0.313169864589324,0.6868301354106761
20308,0.9578380257212374,0.31318729196075357,0.6868127080392464
20309,0.9578554049356969,0.31318729196075357,0.6868127080392464
20310,0.9578554049356969,0.31323957407504227,0.6867604259249578
20311,0.9578727841501564,0.31323957407504227,0.6867604259249578
20312,0.9578727841501564,0.3133789930464788,0.6866210069535212
20313,0.957924921793535,0.3133789930464788,0.6866210069535212
20314,0.957924921793535,0.31357069413220406,0.6864293058677959
20315,0.9579423010079945,0.31357069413220406,0.6864293058677959
20316,0.9579423010079945,0.31362297624649277,0.6863770237535072
20317,0.9579596802224539,0.31362297624649277,0.6863770237535072
20318,0.9579596802224539,0.3137798225893588,0.6862201774106411
20319,0.9579770594369135,0.3137798225893588,0.6862201774106411
20320,0.9579770594369135,0.31383210470364753,0.6861678952963525
20321,0.9579944386513729,0.31383210470364753,0.6861678952963525
20322,0.9579944386513729,0.31388438681793623,0.6861156131820638
20323,0.9580118178658324,0.31388438681793623,0.6861156131820638
20324,0.9580118178658324,0.3139540963036545,0.6860459036963455
20325,0.958029197080292,0.3139540963036545,0.6860459036963455
20326,0.958029197080292,0.31404123316080235,0.6859587668391977
20327,0.9580465762947514,0.31404123316080235,0.6859587668391977
20328,0.9580465762947514,0.3141109426465206,0.6858890573534794
20329,0.958063955509211,0.3141109426465206,0.6858890573534794
20330,0.958063955509211,0.3141806521322389,0.6858193478677611
20331,0.95809871393813,0.3141806521322389,0.6858193478677611
20332,0.95809871393813,0.3142852163608163,0.6857147836391837
20333,0.9581160931525895,0.3142852163608163,0.6857147836391837
20334,0.9581160931525895,0.31430264373224587,0.6856973562677542
20335,0.958133472367049,0.31430264373224587,0.6856973562677542
20336,0.958133472367049,0.31442463533225284,0.6855753646677472
20337,0.958168230795968,0.31442463533225284,0.6855753646677472
20338,0.958168230795968,0.31447691744654155,0.6855230825534584
20339,0.9581856100104276,0.31447691744654155,0.6855230825534584
20340,0.9581856100104276,0.3145466269322598,0.6854533730677401
20341,0.9582203684393465,0.3145466269322598,0.6854533730677401
20342,0.9582203684393465,0.31468604590369637,0.6853139540963036
20343,0.9582377476538061,0.31468604590369637,0.6853139540963036
20344,0.9582377476538061,0.31473832801798507,0.6852616719820149
20345,0.9582551268682655,0.31473832801798507,0.6852616719820149
20346,0.9582551268682655,0.31475575538941464,0.6852442446105853
20347,0.9582725060827251,0.31475575538941464,0.6852442446105853
20348,0.9582725060827251,0.314860319617992,0.685139680382008
20349,0.958307264511644,0.314860319617992,0.685139680382008
20350,0.958307264511644,0.3148951743608511,0.6851048256391489
20351,0.9583246437261036,0.3148951743608511,0.6851048256391489
20352,0.9583246437261036,0.3149648838465694,0.6850351161534306
20353,0.9583594021550226,0.3149648838465694,0.6850351161534306
20354,0.9583594021550226,0.31499973858942854,0.6850002614105715
20355,0.9583941605839416,0.31499973858942854,0.6850002614105715
20356,0.9583941605839416,0.31503459333228767,0.6849654066677123
20357,0.9584115397984011,0.31503459333228767,0.6849654066677123
20358,0.9584115397984011,0.31510430281800594,0.6848956971819941
20359,0.9584289190128606,0.31510430281800594,0.6848956971819941
20360,0.9584289190128606,0.3151391575608651,0.6848608424391349
20361,0.9584462982273201,0.3151391575608651,0.6848608424391349
20362,0.9584462982273201,0.3151740123037242,0.6848259876962758
20363,0.9584636774417796,0.3151740123037242,0.6848259876962758
20364,0.9584636774417796,0.3152262944180129,0.6847737055819871
20365,0.9584810566562392,0.3152262944180129,0.6847737055819871
20366,0.9584810566562392,0.3152785765323016,0.6847214234676984
20367,0.9584984358706986,0.3152785765323016,0.6847214234676984
20368,0.9584984358706986,0.3153482860180199,0.6846517139819801
20369,0.9585158150851582,0.3153482860180199,0.6846517139819801
20370,0.9585158150851582,0.31538314076087903,0.684616859239121
20371,0.9585505735140771,0.31538314076087903,0.684616859239121
20372,0.9585505735140771,0.31543542287516774,0.6845645771248323
20373,0.9585853319429962,0.31543542287516774,0.6845645771248323
20374,0.9585853319429962,0.315505132360886,0.684494867639114
20375,0.9586027111574557,0.315505132360886,0.684494867639114
20376,0.9586027111574557,0.3155225597323156,0.6844774402676844
20377,0.9586200903719152,0.3155225597323156,0.6844774402676844
20378,0.9586200903719152,0.3155574144751747,0.6844425855248253
20379,0.9586548488008342,0.3155574144751747,0.6844425855248253
20380,0.9586548488008342,0.3156096965894634,0.6843903034105365
20381,0.9586896072297532,0.3156096965894634,0.6843903034105365
20382,0.9586896072297532,0.3156794060751817,0.6843205939248183
20383,0.9587069864442127,0.3156794060751817,0.6843205939248183
20384,0.9587069864442127,0.31576654293232953,0.6842334570676705
20385,0.9587243656586723,0.31576654293232953,0.6842334570676705
20386,0.9587243656586723,0.31580139767518867,0.6841986023248113
20387,0.9587417448731317,0.31580139767518867,0.6841986023248113
20388,0.9587417448731317,0.3158362524180478,0.6841637475819522
20389,0.9587591240875912,0.3158362524180478,0.6841637475819522
20390,0.9587591240875912,0.31587110716090694,0.6841288928390931
20391,0.9587765033020508,0.31587110716090694,0.6841288928390931
20392,0.9587765033020508,0.3159408166466252,0.6840591833533748
20393,0.9587938825165102,0.3159408166466252,0.6840591833533748
20394,0.9587938825165102,0.3160105261323435,0.6839894738676565
20395,0.9588112617309698,0.3160105261323435,0.6839894738676565
20396,0.9588112617309698,0.31602795350377305,0.6839720464962269
20397,0.9588286409454293,0.31602795350377305,0.6839720464962269
20398,0.9588286409454293,0.31616737247520954,0.6838326275247905
20399,0.9588460201598887,0.31616737247520954,0.6838326275247905
20400,0.9588460201598887,0.3161847998466391,0.6838152001533608
20401,0.9588633993743483,0.3161847998466391,0.6838152001533608
20402,0.9588633993743483,0.3162022272180687,0.6837977727819313
20403,0.9588807785888078,0.3162022272180687,0.6837977727819313
20404,0.9588807785888078,0.31627193670378695,0.683728063296213
20405,0.9589155370177268,0.31627193670378695,0.683728063296213
20406,0.9589155370177268,0.3163067914466461,0.6836932085533539
20407,0.9589329162321863,0.3163067914466461,0.6836932085533539
20408,0.9589329162321863,0.3163590735609348,0.6836409264390653
20409,0.9589502954466458,0.3163590735609348,0.6836409264390653
20410,0.9589502954466458,0.31637650093236436,0.6836234990676356
20411,0.9589676746611053,0.31637650093236436,0.6836234990676356
20412,0.9589676746611053,0.31642878304665306,0.683571216953347
20413,0.9590198123044839,0.31642878304665306,0.683571216953347
20414,0.9590198123044839,0.31644621041808263,0.6835537895819174
20415,0.9590371915189433,0.31644621041808263,0.6835537895819174
20416,0.9590371915189433,0.3164636377895122,0.6835363622104877
20417,0.9590545707334028,0.3164636377895122,0.6835363622104877
20418,0.9590545707334028,0.31660305676094874,0.6833969432390512
20419,0.9590719499478624,0.31660305676094874,0.6833969432390512
20420,0.9590719499478624,0.3167773304752444,0.6832226695247556
20421,0.9590893291623218,0.3167773304752444,0.6832226695247556
20422,0.9590893291623218,0.31681218521810356,0.6831878147818964
20423,0.9591067083767814,0.31681218521810356,0.6831878147818964
20424,0.9591067083767814,0.31724786950384276,0.6827521304961572
20425,0.9591240875912409,0.31724786950384276,0.6827521304961572
20426,0.9591240875912409,0.3172827242467019,0.6827172757532981
20427,0.9591414668057003,0.3172827242467019,0.6827172757532981
20428,0.9591414668057003,0.3173698611038497,0.6826301388961503
20429,0.9591762252346194,0.3173698611038497,0.6826301388961503
20430,0.9591762252346194,0.31743957058956795,0.682560429410432
20431,0.9591936044490789,0.31743957058956795,0.682560429410432
20432,0.9591936044490789,0.3175267074467158,0.6824732925532841
20433,0.9592109836635384,0.3175267074467158,0.6824732925532841
20434,0.9592109836635384,0.31754413481814536,0.6824558651818546
20435,0.959228362877998,0.31754413481814536,0.6824558651818546
20436,0.959228362877998,0.31759641693243407,0.6824035830675659
20437,0.9592457420924574,0.31759641693243407,0.6824035830675659
20438,0.9592457420924574,0.3177532632753002,0.6822467367246998
20439,0.9592631213069169,0.3177532632753002,0.6822467367246998
20440,0.9592631213069169,0.317840400132448,0.682159599867552
20441,0.9592805005213765,0.317840400132448,0.682159599867552
20442,0.9592805005213765,0.3181366654467507,0.6818633345532493
20443,0.9592978797358359,0.3181366654467507,0.6818633345532493
20444,0.9592978797358359,0.3181715201896098,0.6818284798103902
20445,0.9593152589502955,0.3181715201896098,0.6818284798103902
20446,0.9593152589502955,0.3182760844181872,0.6817239155818128
20447,0.959332638164755,0.3182760844181872,0.6817239155818128
20448,0.959332638164755,0.31836322127533506,0.6816367787246649
20449,0.9593500173792144,0.31836322127533506,0.6816367787246649
20450,0.9593500173792144,0.31838064864676463,0.6816193513532354
20451,0.959402155022593,0.31838064864676463,0.6816193513532354
20452,0.959402155022593,0.3185026402467716,0.6814973597532283
20453,0.9594195342370525,0.3185026402467716,0.6814973597532283
20454,0.9594195342370525,0.3185200676182011,0.6814799323817988
20455,0.9594542926659715,0.3185200676182011,0.6814799323817988
20456,0.9594542926659715,0.3185374949896307,0.6814625050103693
20457,0.959471671880431,0.3185374949896307,0.6814625050103693
20458,0.959471671880431,0.31855492236106026,0.6814450776389398
20459,0.9594890510948905,0.31855492236106026,0.6814450776389398
20460,0.9594890510948905,0.31860720447534896,0.681392795524651
20461,0.95950643030935,0.31860720447534896,0.681392795524651
20462,0.95950643030935,0.3186246318467785,0.6813753681532215
20463,0.9595238095238096,0.3186246318467785,0.6813753681532215
20464,0.9595238095238096,0.31865948658963766,0.6813405134103623
20465,0.959541188738269,0.31865948658963766,0.6813405134103623
20466,0.959541188738269,0.31872919607535594,0.681270803924644
20467,0.9595585679527285,0.31872919607535594,0.681270803924644
20468,0.9595585679527285,0.3187640508182151,0.681235949181785
20469,0.9595933263816475,0.3187640508182151,0.681235949181785
20470,0.9595933263816475,0.3189034697896516,0.6810965302103484
20471,0.9596107055961071,0.3189034697896516,0.6810965302103484
20472,0.9596107055961071,0.3189557519039403,0.6810442480960597
20473,0.9596280848105666,0.3189557519039403,0.6810442480960597
20474,0.9596280848105666,0.31906031613251773,0.6809396838674823
20475,0.959645464025026,0.31906031613251773,0.6809396838674823
20476,0.959645464025026,0.3190777435039473,0.6809222564960526
20477,0.9596628432394856,0.3190777435039473,0.6809222564960526
20478,0.9596628432394856,0.31909517087537687,0.6809048291246231
20479,0.9596802224539451,0.31909517087537687,0.6809048291246231
20480,0.9596802224539451,0.31911259824680643,0.6808874017531936
20481,0.9596976016684046,0.31911259824680643,0.6808874017531936
20482,0.9596976016684046,0.3191997351039543,0.6808002648960457
20483,0.9597149808828641,0.3191997351039543,0.6808002648960457
20484,0.9597149808828641,0.3193914361896795,0.6806085638103205
20485,0.9597323600973237,0.3193914361896795,0.6806085638103205
20486,0.9597323600973237,0.3194611456753978,0.6805388543246023
20487,0.9597671185262426,0.3194611456753978,0.6805388543246023
20488,0.9597671185262426,0.31954828253254564,0.6804517174674544
20489,0.9597844977407021,0.31954828253254564,0.6804517174674544
20490,0.9597844977407021,0.3196702741325526,0.6803297258674474
20491,0.9598018769551616,0.3196702741325526,0.6803297258674474
20492,0.9598018769551616,0.3198619752182778,0.6801380247817221
20493,0.9598192561696212,0.3198619752182778,0.6801380247817221
20494,0.9598192561696212,0.3200188215611439,0.6799811784388561
20495,0.9598366353840806,0.3200188215611439,0.6799811784388561
20496,0.9598366353840806,0.32005367630400305,0.679946323695997
20497,0.9598540145985401,0.32005367630400305,0.679946323695997
20498,0.9598540145985401,0.32021052264686917,0.6797894773531308
20499,0.9598713938129997,0.32021052264686917,0.6797894773531308
20500,0.9598713938129997,0.3202453773897283,0.6797546226102718
20501,0.9598887730274591,0.3202453773897283,0.6797546226102718
20502,0.9598887730274591,0.3205242153326014,0.6794757846673987
20503,0.9599061522419187,0.3205242153326014,0.6794757846673987
20504,0.9599061522419187,0.32106446384691795,0.678935536153082
20505,0.9599235314563782,0.32106446384691795,0.678935536153082
20506,0.9599235314563782,0.3210993185897771,0.678900681410223
20507,0.9599409106708376,0.3210993185897771,0.678900681410223
20508,0.9599409106708376,0.3211341733326362,0.6788658266673637
20509,0.9599582898852972,0.3211341733326362,0.6788658266673637
20510,0.9599582898852972,0.3212561649326432,0.6787438350673568
20511,0.9599756690997567,0.3212561649326432,0.6787438350673568
20512,0.9599756690997567,0.32127359230407276,0.6787264076959272
20513,0.9599930483142162,0.32127359230407276,0.6787264076959272
20514,0.9599930483142162,0.32137815653265017,0.6786218434673499
20515,0.9600104275286757,0.32137815653265017,0.6786218434673499
20516,0.9600104275286757,0.32155243024694585,0.6784475697530541
20517,0.9600278067431353,0.32155243024694585,0.6784475697530541
20518,0.9600278067431353,0.3216221397326641,0.6783778602673358
20519,0.9600451859575947,0.3216221397326641,0.6783778602673358
20520,0.9600451859575947,0.3216395671040937,0.6783604328959063
20521,0.9600625651720542,0.3216395671040937,0.6783604328959063
20522,0.9600625651720542,0.3218661229326781,0.678133877067322
20523,0.9600799443865138,0.3218661229326781,0.678133877067322
20524,0.9600799443865138,0.3219706871612555,0.6780293128387445
20525,0.9600973236009732,0.3219706871612555,0.6780293128387445
20526,0.9600973236009732,0.3220578240184033,0.6779421759815967
20527,0.9601147028154328,0.3220578240184033,0.6779421759815967
20528,0.9601147028154328,0.3222669524755581,0.6777330475244419
20529,0.9601320820298922,0.3222669524755581,0.6777330475244419
20530,0.9601320820298922,0.3223192345898468,0.6776807654101532
20531,0.9601668404588113,0.3223192345898468,0.6776807654101532
20532,0.9601668404588113,0.3224760809327129,0.677523919067287
20533,0.9601842196732707,0.3224760809327129,0.677523919067287
20534,0.9601842196732707,0.32251093567557204,0.677489064324428
20535,0.9602363573166492,0.32251093567557204,0.677489064324428
20536,0.9602363573166492,0.3225457904184312,0.6774542095815688
20537,0.9602537365311088,0.3225457904184312,0.6774542095815688
20538,0.9602537365311088,0.32261549990414945,0.6773845000958505
20539,0.9602711157455683,0.32261549990414945,0.6773845000958505
20540,0.9602711157455683,0.3226503546470086,0.6773496453529915
20541,0.9602884949600278,0.3226503546470086,0.6773496453529915
20542,0.9602884949600278,0.3226852093898677,0.6773147906101322
20543,0.9603232533889469,0.3226852093898677,0.6773147906101322
20544,0.9603232533889469,0.3227026367612973,0.6772973632387027
20545,0.9603406326034063,0.3227026367612973,0.6772973632387027
20546,0.9603406326034063,0.3227374915041564,0.6772625084958436
20547,0.9603580118178658,0.3227374915041564,0.6772625084958436
20548,0.9603580118178658,0.322754918875586,0.677245081124414
20549,0.9603753910323254,0.322754918875586,0.677245081124414
20550,0.9603753910323254,0.32284205573273383,0.6771579442672662
20551,0.9603927702467848,0.32284205573273383,0.6771579442672662
20552,0.9603927702467848,0.3229117652184521,0.6770882347815479
20553,0.9604101494612444,0.3229117652184521,0.6770882347815479
20554,0.9604101494612444,0.3230686115613182,0.6769313884386818
20555,0.9604275286757039,0.3230686115613182,0.6769313884386818
20556,0.9604275286757039,0.3231208936756069,0.6768791063243931
20557,0.9604449078901633,0.3231208936756069,0.6768791063243931
20558,0.9604449078901633,0.32317317578989563,0.6768268242101043
20559,0.9604622871046229,0.32317317578989563,0.6768268242101043
20560,0.9604622871046229,0.3231906031613252,0.6768093968386748
20561,0.9604796663190823,0.3231906031613252,0.6768093968386748
20562,0.9604796663190823,0.3233125947613322,0.6766874052386678
20563,0.9604970455335419,0.3233125947613322,0.6766874052386678
20564,0.9604970455335419,0.3233648768756209,0.6766351231243791
20565,0.9605144247480014,0.3233648768756209,0.6766351231243791
20566,0.9605144247480014,0.3234345863613391,0.676565413638661
20567,0.9605491831769204,0.3234345863613391,0.676565413638661
20568,0.9605491831769204,0.32350429584705737,0.6764957041529427
20569,0.9605665623913799,0.32350429584705737,0.6764957041529427
20570,0.9605665623913799,0.32352172321848693,0.6764782767815131
20571,0.9605839416058394,0.32352172321848693,0.6764782767815131
20572,0.9605839416058394,0.3236088600756348,0.6763911399243652
20573,0.9606013208202989,0.3236088600756348,0.6763911399243652
20574,0.9606013208202989,0.3238179885327896,0.6761820114672104
20575,0.9606187000347585,0.3238179885327896,0.6761820114672104
20576,0.9606187000347585,0.324044544361374,0.675955455638626
20577,0.9606534584636774,0.324044544361374,0.675955455638626
20578,0.9606534584636774,0.3241316812185218,0.6758683187814782
20579,0.960705596107056,0.3241316812185218,0.6758683187814782
20580,0.960705596107056,0.32416653596138095,0.675833464038619
20581,0.9607229753215155,0.32416653596138095,0.675833464038619
20582,0.9607229753215155,0.3241839633328105,0.6758160366671895
20583,0.960740354535975,0.3241839633328105,0.6758160366671895
20584,0.960740354535975,0.3242013907042401,0.67579860929576
20585,0.9607577337504345,0.3242013907042401,0.67579860929576
20586,0.9607577337504345,0.3242536728185288,0.6757463271814712
20587,0.9607924921793535,0.3242536728185288,0.6757463271814712
20588,0.9607924921793535,0.32432338230424707,0.6756766176957529
20589,0.960809871393813,0.32432338230424707,0.6756766176957529
20590,0.960809871393813,0.32434080967567663,0.6756591903243234
20591,0.9608620090371915,0.32434080967567663,0.6756591903243234
20592,0.9608620090371915,0.3243582370471062,0.6756417629528938
20593,0.9608967674661105,0.3243582370471062,0.6756417629528938
20594,0.9608967674661105,0.3244279465328245,0.6755720534671755
20595,0.9609141466805701,0.3244279465328245,0.6755720534671755
20596,0.9609141466805701,0.3244628012756836,0.6755371987243164
20597,0.9609315258950295,0.3244628012756836,0.6755371987243164
20598,0.9609315258950295,0.3246545023614088,0.6753454976385912
20599,0.960948905109489,0.3246545023614088,0.6753454976385912
20600,0.960948905109489,0.3247067844756975,0.6752932155243025
20601,0.9609662843239486,0.3247067844756975,0.6752932155243025
20602,0.9609662843239486,0.3249159129328523,0.6750840870671477
20603,0.960983663538408,0.3249159129328523,0.6750840870671477
20604,0.960983663538408,0.32496819504714103,0.675031804952859
20605,0.9610010427528676,0.32496819504714103,0.675031804952859
20606,0.9610010427528676,0.3249856224185706,0.6750143775814295
20607,0.9610184219673271,0.3249856224185706,0.6750143775814295
20608,0.9610184219673271,0.32502047716142973,0.6749795228385702
20609,0.9610531803962461,0.32502047716142973,0.6749795228385702
20610,0.9610531803962461,0.325090186647148,0.6749098133528519
20611,0.9610705596107056,0.325090186647148,0.6749098133528519
20612,0.9610705596107056,0.32533416984716196,0.6746658301528381
20613,0.9611053180396246,0.32533416984716196,0.6746658301528381
20614,0.9611053180396246,0.3254735888185985,0.6745264111814016
20615,0.9611226972540842,0.3254735888185985,0.6745264111814016
20616,0.9611226972540842,0.3255258709328872,0.6744741290671128
20617,0.9611400764685436,0.3255258709328872,0.6744741290671128
20618,0.9611400764685436,0.3255432983043168,0.6744567016956833
20619,0.9611574556830031,0.3255432983043168,0.6744567016956833
20620,0.9611574556830031,0.3255781530471759,0.674421846952824
20621,0.9611748348974626,0.3255781530471759,0.674421846952824
20622,0.9611748348974626,0.3255955804186055,0.6744044195813945
20623,0.9611922141119221,0.3255955804186055,0.6744044195813945
20624,0.9611922141119221,0.3256304351614646,0.6743695648385354
20625,0.9612095933263817,0.3256304351614646,0.6743695648385354
20626,0.9612095933263817,0.3256827172757533,0.6743172827242467
20627,0.9612269725408411,0.3256827172757533,0.6743172827242467
20628,0.9612269725408411,0.32582213624718986,0.6741778637528102
20629,0.9612791101842196,0.32582213624718986,0.6741778637528102
20630,0.9612791101842196,0.3258395636186194,0.6741604363813807
20631,0.9613312478275982,0.3258395636186194,0.6741604363813807
20632,0.9613312478275982,0.32590927310433765,0.6740907268956624
20633,0.9613486270420577,0.32590927310433765,0.6740907268956624
20634,0.9613486270420577,0.3259964099614855,0.6740035900385145
20635,0.9613833854709767,0.3259964099614855,0.6740035900385145
20636,0.9613833854709767,0.32618811104721074,0.6738118889527893
20637,0.9614007646854362,0.32618811104721074,0.6738118889527893
20638,0.9614007646854362,0.32624039316149944,0.6737596068385006
20639,0.9614181438998958,0.32624039316149944,0.6737596068385006
20640,0.9614181438998958,0.3262752479043586,0.6737247520956414
20641,0.9614355231143552,0.3262752479043586,0.6737247520956414
20642,0.9614355231143552,0.3263101026472177,0.6736898973527823
20643,0.9614876607577337,0.3263101026472177,0.6736898973527823
20644,0.9614876607577337,0.3263275300186473,0.6736724699813528
20645,0.9615050399721933,0.3263275300186473,0.6736724699813528
20646,0.9615050399721933,0.32644952161865426,0.6735504783813457
20647,0.9615224191866527,0.32644952161865426,0.6735504783813457
20648,0.9615224191866527,0.3264843763615134,0.6735156236384866
20649,0.9615397984011123,0.3264843763615134,0.6735156236384866
20650,0.9615397984011123,0.3266412227043795,0.6733587772956204
20651,0.9615571776155718,0.3266412227043795,0.6733587772956204
20652,0.9615571776155718,0.32678064167581605,0.6732193583241839
20653,0.9615745568300312,0.32678064167581605,0.6732193583241839
20654,0.9615745568300312,0.3267980690472456,0.6732019309527544
20655,0.9616093152589503,0.3267980690472456,0.6732019309527544
20656,0.9616093152589503,0.3268503511615343,0.6731496488384656
20657,0.9616266944734098,0.3268503511615343,0.6731496488384656
20658,0.9616266944734098,0.32702462487583,0.67297537512417
20659,0.9616440736878693,0.32702462487583,0.67297537512417
20660,0.9616440736878693,0.3272163259615552,0.6727836740384447
20661,0.9616614529023289,0.3272163259615552,0.6727836740384447
20662,0.9616614529023289,0.3273905996758509,0.6726094003241492
20663,0.9616962113312478,0.3273905996758509,0.6726094003241492
20664,0.9616962113312478,0.3275300186472874,0.6724699813527126
20665,0.9617135905457074,0.3275300186472874,0.6724699813527126
20666,0.9617135905457074,0.32761715550443526,0.6723828444955647
20667,0.9617483489746264,0.32761715550443526,0.6723828444955647
20668,0.9617483489746264,0.32763458287586483,0.6723654171241351
20669,0.9617657281890859,0.32763458287586483,0.6723654171241351
20670,0.9617657281890859,0.3278785660758788,0.6721214339241213
20671,0.9618004866180049,0.3278785660758788,0.6721214339241213
20672,0.9618004866180049,0.3279308481901675,0.6720691518098325
20673,0.9618352450469239,0.3279308481901675,0.6720691518098325
20674,0.9618352450469239,0.32794827556159706,0.672051724438403
20675,0.9618526242613834,0.32794827556159706,0.672051724438403
20676,0.9618526242613834,0.3279831303044562,0.6720168696955438
20677,0.9618700034758428,0.3279831303044562,0.6720168696955438
20678,0.9618700034758428,0.32822711350447015,0.6717728864955299
20679,0.9618873826903024,0.32822711350447015,0.6717728864955299
20680,0.9618873826903024,0.328593088304491,0.671406911695509
20681,0.9619047619047619,0.328593088304491,0.671406911695509
20682,0.9619047619047619,0.3286627977902093,0.6713372022097908
20683,0.9619395203336809,0.3286627977902093,0.6713372022097908
20684,0.9619395203336809,0.32869765253306843,0.6713023474669315
20685,0.9619568995481405,0.32869765253306843,0.6713023474669315
20686,0.9619568995481405,0.32874993464735713,0.6712500653526429
20687,0.9619916579770594,0.32874993464735713,0.6712500653526429
20688,0.9619916579770594,0.3288196441330754,0.6711803558669246
20689,0.962009037191519,0.3288196441330754,0.6711803558669246
20690,0.962009037191519,0.3288893536187937,0.6711106463812063
20691,0.9620264164059784,0.3288893536187937,0.6711106463812063
20692,0.9620264164059784,0.3289416357330824,0.6710583642669177
20693,0.9620611748348975,0.3289416357330824,0.6710583642669177
20694,0.9620611748348975,0.32901134521880065,0.6709886547811994
20695,0.9620785540493569,0.32901134521880065,0.6709886547811994
20696,0.9620785540493569,0.3292727557902442,0.6707272442097558
20697,0.9620959332638165,0.3292727557902442,0.6707272442097558
20698,0.9620959332638165,0.32929018316167374,0.6707098168383263
20699,0.962113312478276,0.32929018316167374,0.6707098168383263
20700,0.962113312478276,0.32944702950453986,0.6705529704954601
20701,0.9621306916927355,0.32944702950453986,0.6705529704954601
20702,0.9621306916927355,0.3297258674474129,0.6702741325525872
20703,0.962148070907195,0.3297258674474129,0.6702741325525872
20704,0.962148070907195,0.3300918422474338,0.6699081577525662
20705,0.9621654501216546,0.3300918422474338,0.6699081577525662
20706,0.9621654501216546,0.33024868859029993,0.6697513114097
20707,0.962182829336114,0.33024868859029993,0.6697513114097
20708,0.962182829336114,0.33028354333315907,0.669716456666841
20709,0.962217587765033,0.33028354333315907,0.669716456666841
20710,0.962217587765033,0.33030097070458864,0.6696990292954114
20711,0.9622523461939521,0.33030097070458864,0.6696990292954114
20712,0.9622523461939521,0.33040553493316605,0.669594465066834
20713,0.9622697254084115,0.33040553493316605,0.669594465066834
20714,0.9622697254084115,0.3304229623045956,0.6695770376954044
20715,0.962287104622871,0.3304229623045956,0.6695770376954044
20716,0.962287104622871,0.3304926717903139,0.6695073282096862
20717,0.96232186305179,0.3304926717903139,0.6695073282096862
20718,0.96232186305179,0.33056238127603216,0.6694376187239679
20719,0.9623392422662496,0.33056238127603216,0.6694376187239679
20720,0.9623392422662496,0.33063209076175043,0.6693679092382496
20721,0.9623740006951685,0.33063209076175043,0.6693679092382496
20722,0.9623740006951685,0.3307366549903278,0.6692633450096722
20723,0.9623913799096281,0.3307366549903278,0.6692633450096722
20724,0.9623913799096281,0.3307889371046165,0.6692110628953836
20725,0.9624087591240876,0.3307889371046165,0.6692110628953836
20726,0.9624087591240876,0.3309980655617713,0.6690019344382288
20727,0.9624435175530066,0.3309980655617713,0.6690019344382288
20728,0.9624435175530066,0.33105034767606,0.66894965232394
20729,0.9624782759819256,0.33105034767606,0.66894965232394
20730,0.9624782759819256,0.33108520241891914,0.6689147975810809
20731,0.9624956551963851,0.33108520241891914,0.6689147975810809
20732,0.9624956551963851,0.3312071940189261,0.6687928059810739
20733,0.9625304136253041,0.3312071940189261,0.6687928059810739
20734,0.9625304136253041,0.33139889510465137,0.6686011048953486
20735,0.9625477928397637,0.33139889510465137,0.6686011048953486
20736,0.9625477928397637,0.3314337498475105,0.6685662501524895
20737,0.9625651720542231,0.3314337498475105,0.6685662501524895
20738,0.9625651720542231,0.3317648699046723,0.6682351300953278
20739,0.9625825512686826,0.3317648699046723,0.6682351300953278
20740,0.9625825512686826,0.3318694341332497,0.6681305658667502
20741,0.9625999304831422,0.3318694341332497,0.6681305658667502
20742,0.9625999304831422,0.33197399836182706,0.6680260016381729
20743,0.9626173096976016,0.33197399836182706,0.6680260016381729
20744,0.9626173096976016,0.3320088531046862,0.6679911468953138
20745,0.9626346889120612,0.3320088531046862,0.6679911468953138
20746,0.9626346889120612,0.33202628047611576,0.6679737195238842
20747,0.9626520681265207,0.33202628047611576,0.6679737195238842
20748,0.9626520681265207,0.33207856259040447,0.6679214374095955
20749,0.9626868265554397,0.33207856259040447,0.6679214374095955
20750,0.9626868265554397,0.3321134173332636,0.6678865826667364
20751,0.9627042057698992,0.3321134173332636,0.6678865826667364
20752,0.9627042057698992,0.33214827207612274,0.6678517279238773
20753,0.9627215849843587,0.33214827207612274,0.6678517279238773
20754,0.9627215849843587,0.332217981561841,0.667782018438159
20755,0.9627389641988182,0.332217981561841,0.667782018438159
20756,0.9627389641988182,0.3322354089332706,0.6677645910667294
20757,0.9627563434132778,0.3322354089332706,0.6677645910667294
20758,0.9627563434132778,0.33225283630470015,0.6677471636952999
20759,0.9628084810566563,0.33225283630470015,0.6677471636952999
20760,0.9628084810566563,0.3322876910475593,0.6677123089524407
20761,0.9628432394855753,0.3322876910475593,0.6677123089524407
20762,0.9628432394855753,0.3323225457904184,0.6676774542095816
20763,0.9628606187000348,0.3323225457904184,0.6676774542095816
20764,0.9628606187000348,0.3323748279047071,0.6676251720952928
20765,0.9628779979144942,0.3323748279047071,0.6676251720952928
20766,0.9628779979144942,0.3323922552761367,0.6676077447238633
20767,0.9628953771289538,0.3323922552761367,0.6676077447238633
20768,0.9628953771289538,0.33242711001899583,0.6675728899810042
20769,0.9629127563434132,0.33242711001899583,0.6675728899810042
20770,0.9629127563434132,0.33246196476185497,0.667538035238145
20771,0.9629475147723323,0.33246196476185497,0.667538035238145
20772,0.9629475147723323,0.3325491016190028,0.6674508983809972
20773,0.9629648939867917,0.3325491016190028,0.6674508983809972
20774,0.9629648939867917,0.3326710932190098,0.6673289067809902
20775,0.9629996524157108,0.3326710932190098,0.6673289067809902
20776,0.9629996524157108,0.3327233753332985,0.6672766246667015
20777,0.9630170316301703,0.3327233753332985,0.6672766246667015
20778,0.9630170316301703,0.33281051219044633,0.6671894878095537
20779,0.9630344108446298,0.33281051219044633,0.6671894878095537
20780,0.9630344108446298,0.33289764904759417,0.6671023509524059
20781,0.9630517900590894,0.33289764904759417,0.6671023509524059
20782,0.9630517900590894,0.3329499311618829,0.6670500688381171
20783,0.9630691692735488,0.3329499311618829,0.6670500688381171
20784,0.9630691692735488,0.3330022132761716,0.6669977867238284
20785,0.9630865484880083,0.3330022132761716,0.6669977867238284
20786,0.9630865484880083,0.3330370680190307,0.6669629319809693
20787,0.9631039277024679,0.3330370680190307,0.6669629319809693
20788,0.9631039277024679,0.3330893501333194,0.6669106498666806
20789,0.9631213069169273,0.3330893501333194,0.6669106498666806
20790,0.9631213069169273,0.3331764869904672,0.6668235130095328
20791,0.9631560653458464,0.3331764869904672,0.6668235130095328
20792,0.9631560653458464,0.33342047019048116,0.6665795298095188
20793,0.9631734445603058,0.33342047019048116,0.6665795298095188
20794,0.9631734445603058,0.3334378975619107,0.6665621024380892
20795,0.9632082029892249,0.3334378975619107,0.6665621024380892
20796,0.9632082029892249,0.3334901796761994,0.6665098203238006
20797,0.9632255822036844,0.3334901796761994,0.6665098203238006
20798,0.9632255822036844,0.33354246179048813,0.6664575382095119
20799,0.9632429614181439,0.33354246179048813,0.6664575382095119
20800,0.9632429614181439,0.33357731653334727,0.6664226834666527
20801,0.9632603406326034,0.33357731653334727,0.6664226834666527
20802,0.9632603406326034,0.3337690176190725,0.6662309823809275
20803,0.9632950990615224,0.3337690176190725,0.6662309823809275
20804,0.9632950990615224,0.33385615447622036,0.6661438455237796
20805,0.9633124782759819,0.33385615447622036,0.6661438455237796
20806,0.9633124782759819,0.3339432913333682,0.6660567086666318
20807,0.9633298574904414,0.3339432913333682,0.6660567086666318
20808,0.9633298574904414,0.33403042819051604,0.665969571809484
20809,0.963347236704901,0.33403042819051604,0.665969571809484
20810,0.963347236704901,0.3341001376762343,0.6658998623237657
20811,0.96338199513382,0.3341001376762343,0.6658998623237657
20812,0.96338199513382,0.3342221292762413,0.6657778707237587
20813,0.9633993743482795,0.3342221292762413,0.6657778707237587
20814,0.9633993743482795,0.33423955664767085,0.6657604433523292
20815,0.9634167535627389,0.33423955664767085,0.6657604433523292
20816,0.9634167535627389,0.33427441139053,0.66572558860947
20817,0.9634341327771985,0.33427441139053,0.66572558860947
20818,0.9634341327771985,0.3343266935048187,0.6656733064951813
20819,0.963451511991658,0.3343266935048187,0.6656733064951813
20820,0.963451511991658,0.33434412087624826,0.6656558791237517
20821,0.9634688912061175,0.33434412087624826,0.6656558791237517
20822,0.9634688912061175,0.3344138303619665,0.6655861696380335
20823,0.963521028849496,0.3344138303619665,0.6655861696380335
20824,0.963521028849496,0.3344661124762552,0.6655338875237449
20825,0.9635557872784151,0.3344661124762552,0.6655338875237449
20826,0.9635557872784151,0.334553249333403,0.665446750666597
20827,0.9635731664928745,0.334553249333403,0.665446750666597
20828,0.9635731664928745,0.33467524093341,0.66532475906659
20829,0.9636079249217935,0.33467524093341,0.66532475906659
20830,0.9636079249217935,0.3347275230476987,0.6652724769523013
20831,0.963625304136253,0.3347275230476987,0.6652724769523013
20832,0.963625304136253,0.33481465990484655,0.6651853400951535
20833,0.963660062565172,0.33481465990484655,0.6651853400951535
20834,0.963660062565172,0.33491922413342395,0.665080775866576
20835,0.9636774417796315,0.33491922413342395,0.665080775866576
20836,0.9636774417796315,0.3352154894477266,0.6647845105522734
20837,0.9637122002085505,0.3352154894477266,0.6647845105522734
20838,0.9637122002085505,0.33525034419058575,0.6647496558094143
20839,0.963764337851929,0.33525034419058575,0.6647496558094143
20840,0.963764337851929,0.335320053676304,0.664679946323696
20841,0.9637817170663886,0.335320053676304,0.664679946323696
20842,0.9637817170663886,0.3353374810477336,0.6646625189522664
20843,0.9637990962808481,0.3353374810477336,0.6646625189522664
20844,0.9637990962808481,0.3355466095048884,0.6644533904951115
20845,0.9638164754953076,0.3355466095048884,0.6644533904951115
20846,0.9638164754953076,0.3356163189906066,0.6643836810093934
20847,0.9638338547097671,0.3356163189906066,0.6643836810093934
20848,0.9638338547097671,0.33572088321918403,0.664279116780816
20849,0.9638512339242267,0.33572088321918403,0.664279116780816
20850,0.9638512339242267,0.33580802007633187,0.6641919799236682
20851,0.9638686131386861,0.33580802007633187,0.6641919799236682
20852,0.9638686131386861,0.335842874819191,0.6641571251808089
20853,0.9639207507820646,0.335842874819191,0.6641571251808089
20854,0.9639207507820646,0.33587772956205014,0.6641222704379499
20855,0.9639381299965242,0.33587772956205014,0.6641222704379499
20856,0.9639381299965242,0.33598229379062755,0.6640177062093724
20857,0.9639555092109837,0.33598229379062755,0.6640177062093724
20858,0.9639555092109837,0.3359997211620571,0.6640002788379429
20859,0.9639728884254432,0.3359997211620571,0.6640002788379429
20860,0.9639728884254432,0.3361217127620641,0.6638782872379358
20861,0.9639902676399027,0.3361217127620641,0.6638782872379358
20862,0.9639902676399027,0.33613914013349366,0.6638608598665063
20863,0.9640076468543621,0.33613914013349366,0.6638608598665063
20864,0.9640076468543621,0.33619142224778237,0.6638085777522176
20865,0.9640250260688217,0.33619142224778237,0.6638085777522176
20866,0.9640250260688217,0.3362262769906415,0.6637737230093586
20867,0.9640424052832812,0.3362262769906415,0.6637737230093586
20868,0.9640424052832812,0.33636569596207805,0.663634304037922
20869,0.9640771637122002,0.33636569596207805,0.663634304037922
20870,0.9640771637122002,0.3363831233335076,0.6636168766664924
20871,0.9640771637122002,0.33641797807636675,0.6635820219236332
20872,0.9640771637122002,0.3364528328192259,0.6635471671807741
20873,0.9640945429266597,0.3364528328192259,0.6635471671807741
20874,0.9640945429266597,0.33652254230494416,0.6634774576950558
20875,0.9641293013555787,0.33652254230494416,0.6634774576950558
20876,0.9641293013555787,0.33657482441923287,0.6634251755807672
20877,0.9641814389989573,0.33657482441923287,0.6634251755807672
20878,0.9641814389989573,0.33694079921925374,0.6630592007807463
20879,0.9641988182134168,0.33694079921925374,0.6630592007807463
20880,0.9641988182134168,0.33720220979069726,0.6627977902093027
20881,0.9642161974278762,0.33720220979069726,0.6627977902093027
20882,0.9642161974278762,0.33727191927641553,0.6627280807235845
20883,0.9642683350712548,0.33727191927641553,0.6627280807235845
20884,0.9642683350712548,0.3373939108764225,0.6626060891235774
20885,0.9642857142857143,0.3373939108764225,0.6626060891235774
20886,0.9642857142857143,0.3376204667050069,0.6623795332949931
20887,0.9643030935001738,0.3376204667050069,0.6623795332949931
20888,0.9643030935001738,0.3380735783621756,0.6619264216378244
20889,0.9643204727146333,0.3380735783621756,0.6619264216378244
20890,0.9643204727146333,0.33810843310503474,0.6618915668949652
20891,0.9643378519290928,0.33810843310503474,0.6618915668949652
20892,0.9643378519290928,0.338178142590753,0.6618218574092469
20893,0.9643899895724714,0.338178142590753,0.6618218574092469
20894,0.9643899895724714,0.3382478520764713,0.6617521479235287
20895,0.9644073687869308,0.3382478520764713,0.6617521479235287
20896,0.9644073687869308,0.3383524163050487,0.6616475836949514
20897,0.9644247480013903,0.3383524163050487,0.6616475836949514
20898,0.9644247480013903,0.3385789721336331,0.6614210278663669
20899,0.9644421272158499,0.3385789721336331,0.6614210278663669
20900,0.9644421272158499,0.3386312542479218,0.6613687457520783
20901,0.9644595064303093,0.3386312542479218,0.6613687457520783
20902,0.9644595064303093,0.3387183911050696,0.6612816088949304
20903,0.9644942648592284,0.3387183911050696,0.6612816088949304
20904,0.9644942648592284,0.33877067321935833,0.6612293267806417
20905,0.9645116440736878,0.33877067321935833,0.6612293267806417
20906,0.9645116440736878,0.33880552796221747,0.6611944720377825
20907,0.9645290232881474,0.33880552796221747,0.6611944720377825
20908,0.9645290232881474,0.33892751956222444,0.6610724804377756
20909,0.9645464025026069,0.33892751956222444,0.6610724804377756
20910,0.9645464025026069,0.3390495111622314,0.6609504888377686
20911,0.9645637817170664,0.3390495111622314,0.6609504888377686
20912,0.9645637817170664,0.3391017932765201,0.6608982067234799
20913,0.9645637817170664,0.33913664801937926,0.6608633519806207
20914,0.9645985401459855,0.33913664801937926,0.6608633519806207
20915,0.9645985401459855,0.3392412122479566,0.6607587877520433
20916,0.9646159193604449,0.3392412122479566,0.6607587877520433
20917,0.9646159193604449,0.33927606699081575,0.6607239330091843
20918,0.9646332985749044,0.33927606699081575,0.6607239330091843
20919,0.9646332985749044,0.3394154859622523,0.6605845140377478
20920,0.964650677789364,0.3394154859622523,0.6605845140377478
20921,0.964650677789364,0.3395200501908297,0.6604799498091702
20922,0.9647028154327424,0.3395200501908297,0.6604799498091702
20923,0.9647028154327424,0.3396420417908367,0.6603579582091633
20924,0.9647201946472019,0.3396420417908367,0.6603579582091633
20925,0.9647201946472019,0.3397291786479845,0.6602708213520154
20926,0.9647375738616615,0.3397291786479845,0.6602708213520154
20927,0.9647375738616615,0.3397988881337028,0.6602011118662972
20928,0.9647549530761209,0.3397988881337028,0.6602011118662972
20929,0.9647549530761209,0.33981631550513236,0.6601836844948676
20930,0.96478971150504,0.33981631550513236,0.6601836844948676
20931,0.96478971150504,0.33983374287656193,0.6601662571234381
20932,0.9648070907194994,0.33983374287656193,0.6601662571234381
20933,0.9648070907194994,0.3400254439622872,0.6599745560377128
20934,0.9648418491484185,0.3400254439622872,0.6599745560377128
20935,0.9648418491484185,0.3400777260765759,0.6599222739234241
20936,0.964859228362878,0.3400777260765759,0.6599222739234241
20937,0.964859228362878,0.340112580819435,0.659887419180565
20938,0.9648766075773375,0.340112580819435,0.659887419180565
20939,0.9648766075773375,0.34037399139087854,0.6596260086091215
20940,0.964893986791797,0.34037399139087854,0.6596260086091215
20941,0.964893986791797,0.34044370087659676,0.6595562991234032
20942,0.9649113660062565,0.34044370087659676,0.6595562991234032
20943,0.9649113660062565,0.340513410362315,0.6594865896376849
20944,0.964928745220716,0.340513410362315,0.6594865896376849
20945,0.964928745220716,0.34060054721946287,0.6593994527805371
20946,0.9649461244351756,0.34060054721946287,0.6593994527805371
20947,0.9649461244351756,0.34072253881946984,0.6592774611805301
20948,0.964963503649635,0.34072253881946984,0.6592774611805301
20949,0.964963503649635,0.3407922483051881,0.6592077516948118
20950,0.9649808828640946,0.3407922483051881,0.6592077516948118
20951,0.9649808828640946,0.3408619577909064,0.6591380422090936
20952,0.9649982620785541,0.3408619577909064,0.6591380422090936
20953,0.9649982620785541,0.3410885136194908,0.6589114863805092
20954,0.9650156412930135,0.3410885136194908,0.6589114863805092
20955,0.9650156412930135,0.3412976420766456,0.6587023579233544
20956,0.9650503997219325,0.3412976420766456,0.6587023579233544
20957,0.9650503997219325,0.341402206305223,0.658597793694777
20958,0.9650677789363921,0.341402206305223,0.658597793694777
20959,0.9650677789363921,0.3415764800195187,0.6584235199804813
20960,0.965102537365311,0.3415764800195187,0.6584235199804813
20961,0.965102537365311,0.34168104424809603,0.658318955751904
20962,0.9651199165797706,0.34168104424809603,0.658318955751904
20963,0.9651199165797706,0.34171589899095517,0.6582841010090448
20964,0.9651372957942301,0.34171589899095517,0.6582841010090448
20965,0.9651372957942301,0.3417681811052439,0.6582318188947561
20966,0.9651546750086896,0.3417681811052439,0.6582318188947561
20967,0.9651546750086896,0.341803035848103,0.658196964151897
20968,0.9651720542231491,0.341803035848103,0.658196964151897
20969,0.9651720542231491,0.3420121643052578,0.6579878356947422
20970,0.9651894334376087,0.3420121643052578,0.6579878356947422
20971,0.9651894334376087,0.3422561475052718,0.6577438524947282
20972,0.9652068126520681,0.3422561475052718,0.6577438524947282
20973,0.9652068126520681,0.3423084296195605,0.6576915703804396
20974,0.9652241918665276,0.3423084296195605,0.6576915703804396
20975,0.9652241918665276,0.34248270333385616,0.6575172966661438
20976,0.9652415710809872,0.34248270333385616,0.6575172966661438
20977,0.9652415710809872,0.3426744044195814,0.6573255955804186
20978,0.9652589502954466,0.3426744044195814,0.6573255955804186
20979,0.9652589502954466,0.3427963960195884,0.6572036039804117
20980,0.9652763295099062,0.3427963960195884,0.6572036039804117
20981,0.9652763295099062,0.34286610550530666,0.6571338944946934
20982,0.9652937087243657,0.34286610550530666,0.6571338944946934
20983,0.9652937087243657,0.3428835328767362,0.6571164671232639
20984,0.9653110879388251,0.3428835328767362,0.6571164671232639
20985,0.9653110879388251,0.34290096024816574,0.6570990397518343
20986,0.9653284671532847,0.34290096024816574,0.6570990397518343
20987,0.9653284671532847,0.3429358149910249,0.6570641850089751
20988,0.9653458463677442,0.3429358149910249,0.6570641850089751
20989,0.9653458463677442,0.34295324236245445,0.6570467576375456
20990,0.9653632255822037,0.34295324236245445,0.6570467576375456
20991,0.9653632255822037,0.3430403792196023,0.6569596207803977
20992,0.9653806047966632,0.3430403792196023,0.6569596207803977
20993,0.9653806047966632,0.343092661333891,0.6569073386661091
20994,0.9653979840111226,0.343092661333891,0.6569073386661091
20995,0.9653979840111226,0.34328436241961624,0.6567156375803838
20996,0.9654153632255822,0.34328436241961624,0.6567156375803838
20997,0.9654153632255822,0.34333664453390494,0.656663355466095
20998,0.9654327424400417,0.34333664453390494,0.656663355466095
20999,0.9654327424400417,0.34354577299105976,0.6564542270089402
21000,0.9654501216545012,0.34354577299105976,0.6564542270089402
21001,0.9654501216545012,0.3437026193339259,0.6562973806660741
21002,0.9654675008689607,0.3437026193339259,0.6562973806660741
21003,0.9654675008689607,0.34372004670535544,0.6562799532946446
21004,0.9654848800834203,0.34372004670535544,0.6562799532946446
21005,0.9654848800834203,0.34377232881964415,0.6562276711803559
21006,0.9655196385123392,0.34377232881964415,0.6562276711803559
21007,0.9655196385123392,0.3439640299053694,0.6560359700946305
21008,0.9655370177267988,0.3439640299053694,0.6560359700946305
21009,0.9655370177267988,0.3440163120196581,0.6559836879803419
21010,0.9655543969412582,0.3440163120196581,0.6559836879803419
21011,0.9655543969412582,0.34403373939108767,0.6559662606089123
21012,0.9655717761557178,0.34403373939108767,0.6559662606089123
21013,0.9655717761557178,0.34408602150537637,0.6559139784946236
21014,0.9656065345846367,0.34408602150537637,0.6559139784946236
21015,0.9656065345846367,0.34422544047681286,0.6557745595231872
21016,0.9656412930135558,0.34422544047681286,0.6557745595231872
21017,0.9656412930135558,0.34450427841968595,0.6554957215803141
21018,0.9656586722280153,0.34450427841968595,0.6554957215803141
21019,0.9656586722280153,0.3446959795054112,0.6553040204945888
21020,0.9656760514424748,0.3446959795054112,0.6553040204945888
21021,0.9656760514424748,0.3447482616196999,0.6552517383803
21022,0.9656934306569344,0.3447482616196999,0.6552517383803
21023,0.9656934306569344,0.3448528258482773,0.6551471741517227
21024,0.9657108098713938,0.3448528258482773,0.6551471741517227
21025,0.9657108098713938,0.34488768059113645,0.6551123194088635
21026,0.9657281890858533,0.34488768059113645,0.6551123194088635
21027,0.9657281890858533,0.34534079224830516,0.6546592077516948
21028,0.9657455683003128,0.34534079224830516,0.6546592077516948
21029,0.9657455683003128,0.3453756469911643,0.6546243530088357
21030,0.9657629475147723,0.3453756469911643,0.6546243530088357
21031,0.9657629475147723,0.345427929105453,0.654572070894547
21032,0.9657803267292319,0.345427929105453,0.654572070894547
21033,0.9657803267292319,0.34544535647688257,0.6545546435231174
21034,0.9657977059436913,0.34544535647688257,0.6545546435231174
21035,0.9657977059436913,0.3456022028197487,0.6543977971802513
21036,0.9658150851581508,0.3456022028197487,0.6543977971802513
21037,0.9658150851581508,0.3456370575626078,0.6543629424373922
21038,0.9658324643726104,0.3456370575626078,0.6543629424373922
21039,0.9658324643726104,0.3457067670483261,0.654293232951674
21040,0.9658672228015294,0.3457067670483261,0.654293232951674
21041,0.9658672228015294,0.3457416217911852,0.6542583782088147
21042,0.9659019812304483,0.3457416217911852,0.6542583782088147
21043,0.9659019812304483,0.34579390390547393,0.6542060960945261
21044,0.9659193604449079,0.34579390390547393,0.6542060960945261
21045,0.9659193604449079,0.3458636133911922,0.6541363866088078
21046,0.9659541188738269,0.3458636133911922,0.6541363866088078
21047,0.9659541188738269,0.34589846813405134,0.6541015318659487
21048,0.9659714980882864,0.34589846813405134,0.6541015318659487
21049,0.9659714980882864,0.3459158955054809,0.6540841044945191
21050,0.965988877302746,0.3459158955054809,0.6540841044945191
21051,0.965988877302746,0.3460901692197766,0.6539098307802234
21052,0.9660062565172054,0.3460901692197766,0.6539098307802234
21053,0.9660062565172054,0.34617730607692443,0.6538226939230756
21054,0.9660236357316649,0.34617730607692443,0.6538226939230756
21055,0.9660236357316649,0.34622958819121313,0.6537704118087868
21056,0.9660410149461245,0.34622958819121313,0.6537704118087868
21057,0.9660410149461245,0.3464038619055088,0.6535961380944912
21058,0.9660583941605839,0.3464038619055088,0.6535961380944912
21059,0.9660583941605839,0.34656070824837487,0.6534392917516252
21060,0.9660931525895029,0.34656070824837487,0.6534392917516252
21061,0.9660931525895029,0.346595562991234,0.6534044370087659
21062,0.9661105318039624,0.346595562991234,0.6534044370087659
21063,0.9661105318039624,0.3466478451055227,0.6533521548944773
21064,0.966127911018422,0.3466478451055227,0.6533521548944773
21065,0.966127911018422,0.34678726407695926,0.6532127359230407
21066,0.9661452902328814,0.34678726407695926,0.6532127359230407
21067,0.9661452902328814,0.3469266830483958,0.6530733169516042
21068,0.966162669447341,0.3469266830483958,0.6530733169516042
21069,0.966162669447341,0.34701381990554364,0.6529861800944563
21070,0.96619742787626,0.34701381990554364,0.6529861800944563
21071,0.96619742787626,0.34706610201983235,0.6529338979801677
21072,0.9662148070907195,0.34706610201983235,0.6529338979801677
21073,0.9662148070907195,0.3471532388769802,0.6528467611230198
21074,0.966232186305179,0.3471532388769802,0.6528467611230198
21075,0.966232186305179,0.34717066624840975,0.6528293337515902
21076,0.9662495655196385,0.34717066624840975,0.6528293337515902
21077,0.9662495655196385,0.3472055209912689,0.6527944790087311
21078,0.966266944734098,0.3472055209912689,0.6527944790087311
21079,0.966266944734098,0.34729265784841673,0.6527073421515832
21080,0.966301703163017,0.34729265784841673,0.6527073421515832
21081,0.966301703163017,0.34732751259127587,0.6526724874087242
21082,0.9663190823774765,0.34732751259127587,0.6526724874087242
21083,0.9663190823774765,0.3475889231627194,0.6524110768372806
21084,0.9663364615919361,0.3475889231627194,0.6524110768372806
21085,0.9663364615919361,0.34765863264843766,0.6523413673515623
21086,0.9663538408063955,0.34765863264843766,0.6523413673515623
21087,0.9663538408063955,0.347885188477022,0.652114811522978
21088,0.9663712200208551,0.347885188477022,0.652114811522978
21089,0.9663712200208551,0.3479374705913107,0.6520625294086893
21090,0.9663885992353146,0.3479374705913107,0.6520625294086893
21091,0.9663885992353146,0.3479897527055994,0.6520102472944006
21092,0.966405978449774,0.3479897527055994,0.6520102472944006
21093,0.966405978449774,0.3483034453913316,0.6516965546086684
21094,0.9664233576642336,0.3483034453913316,0.6516965546086684
21095,0.9664233576642336,0.3484777191056273,0.6515222808943727
21096,0.966440736878693,0.3484777191056273,0.6515222808943727
21097,0.966440736878693,0.34851257384848644,0.6514874261515136
21098,0.9664581160931526,0.34851257384848644,0.6514874261515136
21099,0.9664581160931526,0.34872170230564126,0.6512782976943587
21100,0.9664754953076121,0.34872170230564126,0.6512782976943587
21101,0.9664754953076121,0.3488088391627891,0.651191160837211
21102,0.9664928745220716,0.3488088391627891,0.651191160837211
21103,0.9664928745220716,0.3489134033913665,0.6510865966086334
21104,0.9665102537365311,0.3489134033913665,0.6510865966086334
21105,0.9665102537365311,0.3489831128770847,0.6510168871229153
21106,0.9665276329509906,0.3489831128770847,0.6510168871229153
21107,0.9665276329509906,0.3490353949913734,0.6509646050086266
21108,0.9665450121654501,0.3490353949913734,0.6509646050086266
21109,0.9665450121654501,0.349052822362803,0.650947177637197
21110,0.9665623913799096,0.349052822362803,0.650947177637197
21111,0.9665623913799096,0.34913995921995084,0.6508600407800491
21112,0.9665797705943692,0.34913995921995084,0.6508600407800491
21113,0.9665797705943692,0.3492793781913874,0.6507206218086126
21114,0.9665971498088286,0.3492793781913874,0.6507206218086126
21115,0.9665971498088286,0.34929680556281695,0.650703194437183
21116,0.9666145290232881,0.34929680556281695,0.650703194437183
21117,0.9666145290232881,0.3493316603056761,0.6506683396943239
21118,0.9666319082377477,0.3493316603056761,0.6506683396943239
21119,0.9666319082377477,0.34940136979139436,0.6505986302086056
21120,0.9666492874522071,0.34940136979139436,0.6505986302086056
21121,0.9666492874522071,0.34947107927711263,0.6505289207228874
21122,0.9666840458811262,0.34947107927711263,0.6505289207228874
21123,0.9666840458811262,0.349697635105697,0.6503023648943029
21124,0.9667188043100452,0.349697635105697,0.6503023648943029
21125,0.9667188043100452,0.3497150624771266,0.6502849375228734
21126,0.9667361835245047,0.3497150624771266,0.6502849375228734
21127,0.9667361835245047,0.34988933619142226,0.6501106638085777
21128,0.9667709419534237,0.34988933619142226,0.6501106638085777
21129,0.9667709419534237,0.3499241909342814,0.6500758090657186
21130,0.9667883211678832,0.3499241909342814,0.6500758090657186
21131,0.9667883211678832,0.35001132779142924,0.6499886722085708
21132,0.9668057003823427,0.35001132779142924,0.6499886722085708
21133,0.9668057003823427,0.35006360990571794,0.6499363900942821
21134,0.9668404588112617,0.35006360990571794,0.6499363900942821
21135,0.9668404588112617,0.3501333193914362,0.6498666806085638
21136,0.9668578380257212,0.3501333193914362,0.6498666806085638
21137,0.9668578380257212,0.35025531099144314,0.6497446890085569
21138,0.9668752172401808,0.35025531099144314,0.6497446890085569
21139,0.9668752172401808,0.3502901657343023,0.6497098342656977
21140,0.9668925964546402,0.3502901657343023,0.6497098342656977
21141,0.9668925964546402,0.35030759310573184,0.6496924068942682
21142,0.9669099756690998,0.35030759310573184,0.6496924068942682
21143,0.9669099756690998,0.350342447848591,0.649657552151409
21144,0.9669273548835593,0.350342447848591,0.649657552151409
21145,0.9669273548835593,0.3503773025914501,0.6496226974085499
21146,0.9669621133124783,0.3503773025914501,0.6496226974085499
21147,0.9669621133124783,0.3504818668200275,0.6495181331799724
21148,0.9669794925269378,0.3504818668200275,0.6495181331799724
21149,0.9669794925269378,0.35051672156288666,0.6494832784371134
21150,0.9669968717413973,0.35051672156288666,0.6494832784371134
21151,0.9669968717413973,0.3505341489343162,0.6494658510656838
21152,0.9670316301703163,0.3505341489343162,0.6494658510656838
21153,0.9670316301703163,0.3507607047629006,0.6492392952370993
21154,0.9670490093847758,0.3507607047629006,0.6492392952370993
21155,0.9670490093847758,0.3507781321343302,0.6492218678656698
21156,0.9670663885992353,0.3507781321343302,0.6492218678656698
21157,0.9670663885992353,0.3509175511057667,0.6490824488942333
21158,0.9670837678136949,0.3509175511057667,0.6490824488942333
21159,0.9670837678136949,0.35095240584862586,0.6490475941513741
21160,0.9671011470281543,0.35095240584862586,0.6490475941513741
21161,0.9671011470281543,0.35107439744863284,0.6489256025513672
21162,0.9671359054570733,0.35107439744863284,0.6489256025513672
21163,0.9671359054570733,0.35110925219149197,0.648890747808508
21164,0.9671532846715328,0.35110925219149197,0.648890747808508
21165,0.9671532846715328,0.35117896167721024,0.6488210383227897
21166,0.9671706638859924,0.35117896167721024,0.6488210383227897
21167,0.9671706638859924,0.3511963890486398,0.6488036109513602
21168,0.9671880431004518,0.3511963890486398,0.6488036109513602
21169,0.9671880431004518,0.35133580802007636,0.6486641919799236
21170,0.9672054223149114,0.35133580802007636,0.6486641919799236
21171,0.9672054223149114,0.3514577996200833,0.6485422003799167
21172,0.9672228015293709,0.3514577996200833,0.6485422003799167
21173,0.9672228015293709,0.3515449364772311,0.6484550635227688
21174,0.9672401807438303,0.3515449364772311,0.6484550635227688
21175,0.9672401807438303,0.35191091127725205,0.648089088722748
21176,0.9672575599582899,0.35191091127725205,0.648089088722748
21177,0.9672575599582899,0.35213746710583643,0.6478625328941636
21178,0.9672749391727494,0.35213746710583643,0.6478625328941636
21179,0.9672749391727494,0.352154894477266,0.647845105522734
21180,0.9672923183872089,0.352154894477266,0.647845105522734
21181,0.9672923183872089,0.35239887767727995,0.64760112232272
21182,0.9673096976016684,0.35239887767727995,0.64760112232272
21183,0.9673096976016684,0.35255572402014607,0.647444275979854
21184,0.967327076816128,0.35255572402014607,0.647444275979854
21185,0.967327076816128,0.35281713459158953,0.6471828654084104
21186,0.9673444560305874,0.35281713459158953,0.6471828654084104
21187,0.9673444560305874,0.3529391261915965,0.6470608738084035
21188,0.9673792144595065,0.3529391261915965,0.6470608738084035
21189,0.9673792144595065,0.3530088356773148,0.6469911643226852
21190,0.9673965936739659,0.3530088356773148,0.6469911643226852
21191,0.9673965936739659,0.35318310939161046,0.6468168906083895
21192,0.9674139728884255,0.35318310939161046,0.6468168906083895
21193,0.9674139728884255,0.35323539150589917,0.6467646084941008
21194,0.967431352102885,0.35323539150589917,0.6467646084941008
21195,0.967431352102885,0.3534270925916244,0.6465729074083756
21196,0.967466110531804,0.3534270925916244,0.6465729074083756
21197,0.967466110531804,0.35346194733448355,0.6465380526655164
21198,0.967500868960723,0.35346194733448355,0.6465380526655164
21199,0.967500868960723,0.3536013663059201,0.6463986336940799
21200,0.9675182481751825,0.3536013663059201,0.6463986336940799
21201,0.9675182481751825,0.35363622104877923,0.6463637789512208
21202,0.9675530066041015,0.35363622104877923,0.6463637789512208
21203,0.9675530066041015,0.3538104947630749,0.6461895052369251
21204,0.967570385818561,0.3538104947630749,0.6461895052369251
21205,0.967570385818561,0.35388020424879313,0.6461197957512068
21206,0.9676225234619396,0.35388020424879313,0.6461197957512068
21207,0.9676225234619396,0.35396734110594097,0.646032658894059
21208,0.967639902676399,0.35396734110594097,0.646032658894059
21209,0.967639902676399,0.3540196232202297,0.6459803767797703
21210,0.9676920403197775,0.3540196232202297,0.6459803767797703
21211,0.9676920403197775,0.35408933270594795,0.645910667294052
21212,0.9677094195342371,0.35408933270594795,0.645910667294052
21213,0.9677094195342371,0.35414161482023665,0.6458583851797634
21214,0.9677267987486966,0.35414161482023665,0.6458583851797634
21215,0.9677267987486966,0.3541590421916662,0.6458409578083337
21216,0.967744177963156,0.3541590421916662,0.6458409578083337
21217,0.967744177963156,0.3542636064202436,0.6457363935797564
21218,0.9677615571776156,0.3542636064202436,0.6457363935797564
21219,0.9677615571776156,0.35436817064882103,0.6456318293511789
21220,0.9677789363920751,0.35436817064882103,0.6456318293511789
21221,0.9677789363920751,0.35442045276310974,0.6455795472368903
21222,0.9677963156065346,0.35442045276310974,0.6455795472368903
21223,0.9677963156065346,0.3544378801345393,0.6455621198654606
21224,0.9678136948209941,0.3544378801345393,0.6455621198654606
21225,0.9678136948209941,0.35457729910597585,0.6454227008940241
21226,0.9678310740354535,0.35457729910597585,0.6454227008940241
21227,0.9678310740354535,0.35462958122026456,0.6453704187797354
21228,0.9678484532499131,0.35462958122026456,0.6453704187797354
21229,0.9678484532499131,0.35468186333455326,0.6453181366654468
21230,0.9678658324643726,0.35468186333455326,0.6453181366654468
21231,0.9678658324643726,0.35473414544884196,0.645265854551158
21232,0.9678832116788321,0.35473414544884196,0.645265854551158
21233,0.9678832116788321,0.3547690001917011,0.6452309998082989
21234,0.9679005908932916,0.3547690001917011,0.6452309998082989
21235,0.9679005908932916,0.3548212823059898,0.6451787176940103
21236,0.9679179701077512,0.3548212823059898,0.6451787176940103
21237,0.9679179701077512,0.3548387096774194,0.6451612903225806
21238,0.9679353493222106,0.3548387096774194,0.6451612903225806
21239,0.9679353493222106,0.35490841916313765,0.6450915808368624
21240,0.9679527285366701,0.35490841916313765,0.6450915808368624
21241,0.9679527285366701,0.3549258465345672,0.6450741534654327
21242,0.9679701077511297,0.3549258465345672,0.6450741534654327
21243,0.9679701077511297,0.3551698297345811,0.6448301702654189
21244,0.9679874869655891,0.3551698297345811,0.6448301702654189
21245,0.9679874869655891,0.3551872571060107,0.6448127428939894
21246,0.9680048661800487,0.3551872571060107,0.6448127428939894
21247,0.9680048661800487,0.3553441034488768,0.6446558965511232
21248,0.9680222453945082,0.3553441034488768,0.6446558965511232
21249,0.9680222453945082,0.35541381293459506,0.6445861870654049
21250,0.9680396246089676,0.35541381293459506,0.6445861870654049
21251,0.9680396246089676,0.35553580453460204,0.644464195465398
21252,0.9680570038234272,0.35553580453460204,0.644464195465398
21253,0.9680570038234272,0.3556229413917499,0.6443770586082501
21254,0.9680743830378867,0.3556229413917499,0.6443770586082501
21255,0.9680743830378867,0.35574493299175686,0.6442550670082432
21256,0.9680917622523462,0.35574493299175686,0.6442550670082432
21257,0.9680917622523462,0.355779787734616,0.644220212265384
21258,0.9681091414668057,0.355779787734616,0.644220212265384
21259,0.9681091414668057,0.3560411983060595,0.6439588016939405
21260,0.9681265206812653,0.3560411983060595,0.6439588016939405
21261,0.9681265206812653,0.35612833516320735,0.6438716648367926
21262,0.9681438998957247,0.35612833516320735,0.6438716648367926
21263,0.9681438998957247,0.35625032676321433,0.6437496732367857
21264,0.9681612791101842,0.35625032676321433,0.6437496732367857
21265,0.9681612791101842,0.35637231836322125,0.6436276816367787
21266,0.9681786583246437,0.35637231836322125,0.6436276816367787
21267,0.9681786583246437,0.35647688259179866,0.6435231174082013
21268,0.9681960375391032,0.35647688259179866,0.6435231174082013
21269,0.9681960375391032,0.35652916470608736,0.6434708352939127
21270,0.9682481751824817,0.35652916470608736,0.6434708352939127
21271,0.9682481751824817,0.35665115630609434,0.6433488436939057
21272,0.9682655543969413,0.35665115630609434,0.6433488436939057
21273,0.9682655543969413,0.3566685836775239,0.6433314163224761
21274,0.9683003128258603,0.3566685836775239,0.6433314163224761
21275,0.9683003128258603,0.3567208657918126,0.6432791342081874
21276,0.9683176920403198,0.3567208657918126,0.6432791342081874
21277,0.9683176920403198,0.3567905752775309,0.6432094247224691
21278,0.9683350712547792,0.3567905752775309,0.6432094247224691
21279,0.9683350712547792,0.35696484899182657,0.6430351510081734
21280,0.9683524504692388,0.35696484899182657,0.6430351510081734
21281,0.9683524504692388,0.3572088321918405,0.6427911678081595
21282,0.9683698296836983,0.3572088321918405,0.6427911678081595
21283,0.9683698296836983,0.3573831059061362,0.6426168940938638
21284,0.9683872088981578,0.3573831059061362,0.6426168940938638
21285,0.9683872088981578,0.3575225248775727,0.6424774751224274
21286,0.9684045881126173,0.3575225248775727,0.6424774751224274
21287,0.9684045881126173,0.35753995224900226,0.6424600477509977
21288,0.9684219673270769,0.35753995224900226,0.6424600477509977
21289,0.9684219673270769,0.3575748069918614,0.6424251930081386
21290,0.9684393465415363,0.3575748069918614,0.6424251930081386
21291,0.9684393465415363,0.35776650807758664,0.6422334919224133
21292,0.9684914841849148,0.35776650807758664,0.6422334919224133
21293,0.9684914841849148,0.3578884996775936,0.6421115003224064
21294,0.9685088633993744,0.3578884996775936,0.6421115003224064
21295,0.9685088633993744,0.35804534602045973,0.6419546539795402
21296,0.9685262426138339,0.35804534602045973,0.6419546539795402
21297,0.9685262426138339,0.3581847649918963,0.6418152350081037
21298,0.9685436218282933,0.3581847649918963,0.6418152350081037
21299,0.9685436218282933,0.3583938934490511,0.6416061065509489
21300,0.9685610010427529,0.3583938934490511,0.6416061065509489
21301,0.9685610010427529,0.3584461755633398,0.6415538244366602
21302,0.9685783802572123,0.3584461755633398,0.6415538244366602
21303,0.9685783802572123,0.3584984576776285,0.6415015423223716
21304,0.9685957594716719,0.3584984576776285,0.6415015423223716
21305,0.9685957594716719,0.35877729562050154,0.6412227043794985
21306,0.9686131386861314,0.35877729562050154,0.6412227043794985
21307,0.9686131386861314,0.3588470051062198,0.6411529948937802
21308,0.9686305179005908,0.3588470051062198,0.6411529948937802
21309,0.9686305179005908,0.3590038514490859,0.6409961485509141
21310,0.9686478971150504,0.3590038514490859,0.6409961485509141
21311,0.9686478971150504,0.3592478346490999,0.6407521653509001
21312,0.9686652763295099,0.3592478346490999,0.6407521653509001
21313,0.9686652763295099,0.35942210836339555,0.6405778916366045
21314,0.9686826555439694,0.35942210836339555,0.6405778916366045
21315,0.9686826555439694,0.3595092452205434,0.6404907547794566
21316,0.9687174139728885,0.3595092452205434,0.6404907547794566
21317,0.9687174139728885,0.35954409996340253,0.6404559000365975
21318,0.9687347931873479,0.35954409996340253,0.6404559000365975
21319,0.9687347931873479,0.3596138094491208,0.6403861905508792
21320,0.9687521724018074,0.3596138094491208,0.6403861905508792
21321,0.9687521724018074,0.35975322842055735,0.6402467715794427
21322,0.968769551616267,0.35975322842055735,0.6402467715794427
21323,0.968769551616267,0.3597880831634165,0.6402119168365835
21324,0.9687869308307264,0.3597880831634165,0.6402119168365835
21325,0.9687869308307264,0.3598229379062756,0.6401770620937244
21326,0.968804310045186,0.3598229379062756,0.6401770620937244
21327,0.968804310045186,0.3598752200205643,0.6401247799794356
21328,0.9688216892596455,0.3598752200205643,0.6401247799794356
21329,0.9688216892596455,0.359927502134853,0.6400724978651471
21330,0.968839068474105,0.359927502134853,0.6400724978651471
21331,0.968839068474105,0.35999721162057124,0.6400027883794288
21332,0.9688564476885645,0.35999721162057124,0.6400027883794288
21333,0.9688564476885645,0.36020634007772606,0.639793659922274
21334,0.968873826903024,0.36020634007772606,0.639793659922274
21335,0.968873826903024,0.36027604956344433,0.6397239504365557
21336,0.9688912061174835,0.36027604956344433,0.6397239504365557
21337,0.9688912061174835,0.3602934769348739,0.6397065230651261
21338,0.968908585331943,0.3602934769348739,0.6397065230651261
21339,0.968908585331943,0.36031090430630347,0.6396890956936965
21340,0.9689259645464025,0.36031090430630347,0.6396890956936965
21341,0.9689259645464025,0.3603631864205922,0.6396368135794078
21342,0.968943343760862,0.3603631864205922,0.6396368135794078
21343,0.968943343760862,0.3603980411634513,0.6396019588365487
21344,0.9689607229753215,0.3603980411634513,0.6396019588365487
21345,0.9689607229753215,0.3607291612206131,0.6392708387793868
21346,0.968978102189781,0.3607291612206131,0.6392708387793868
21347,0.968978102189781,0.36076401596347224,0.6392359840365278
21348,0.9689954814042405,0.36076401596347224,0.6392359840365278
21349,0.9689954814042405,0.36086858019204965,0.6391314198079503
21350,0.9690128606187001,0.36086858019204965,0.6391314198079503
21351,0.9690128606187001,0.3610602812777749,0.6389397187222251
21352,0.9690302398331595,0.3610602812777749,0.6389397187222251
21353,0.9690302398331595,0.36132169184921836,0.6386783081507816
21354,0.9690649982620786,0.36132169184921836,0.6386783081507816
21355,0.9690649982620786,0.3613565465920775,0.6386434534079225
21356,0.9690997566909976,0.3613565465920775,0.6386434534079225
21357,0.9690997566909976,0.36137397396350707,0.6386260260364929
21358,0.9691171359054571,0.36137397396350707,0.6386260260364929
21359,0.9691171359054571,0.3614088287063662,0.6385911712936339
21360,0.9691345151199166,0.3614088287063662,0.6385911712936339
21361,0.9691345151199166,0.36144368344922534,0.6385563165507746
21362,0.9691518943343761,0.36144368344922534,0.6385563165507746
21363,0.9691518943343761,0.3614785381920845,0.6385214618079156
21364,0.9691866527632951,0.3614785381920845,0.6385214618079156
21365,0.9691866527632951,0.361617957163521,0.638382042836479
21366,0.9692040319777546,0.361617957163521,0.638382042836479
21367,0.9692040319777546,0.3616353845349506,0.6383646154650494
21368,0.9692214111922142,0.3616353845349506,0.6383646154650494
21369,0.9692214111922142,0.3616702392778097,0.6383297607221903
21370,0.9692387904066736,0.3616702392778097,0.6383297607221903
21371,0.9692387904066736,0.36172252139209843,0.6382774786079015
21372,0.9692909280500521,0.36172252139209843,0.6382774786079015
21373,0.9692909280500521,0.36180965824924627,0.6381903417507537
21374,0.9693083072645117,0.36180965824924627,0.6381903417507537
21375,0.9693083072645117,0.3619665045921124,0.6380334954078877
21376,0.9693256864789711,0.3619665045921124,0.6380334954078877
21377,0.9693256864789711,0.36203621407783065,0.6379637859221694
21378,0.9693430656934306,0.36203621407783065,0.6379637859221694
21379,0.9693430656934306,0.36226276990641504,0.637737230093585
21380,0.9693604449078902,0.36226276990641504,0.637737230093585
21381,0.9693604449078902,0.36238476150642196,0.637615238493578
21382,0.9693778241223496,0.36238476150642196,0.637615238493578
21383,0.9693778241223496,0.3624021888778515,0.6375978111221485
21384,0.9693952033368092,0.3624021888778515,0.6375978111221485
21385,0.9693952033368092,0.3625416078492881,0.637458392150712
21386,0.9694125825512687,0.3625416078492881,0.637458392150712
21387,0.9694125825512687,0.3625764625921472,0.6374235374078527
21388,0.9694299617657282,0.3625764625921472,0.6374235374078527
21389,0.9694299617657282,0.3626287447064359,0.6373712552935641
21390,0.9694473409801877,0.3626287447064359,0.6373712552935641
21391,0.9694473409801877,0.36282044579216116,0.6371795542078389
21392,0.9694820994091067,0.36282044579216116,0.6371795542078389
21393,0.9694820994091067,0.3629772921350273,0.6370227078649727
21394,0.9694994786235662,0.3629772921350273,0.6370227078649727
21395,0.9694994786235662,0.3630121468778864,0.6369878531221136
21396,0.9695168578380258,0.3630121468778864,0.6369878531221136
21397,0.9695168578380258,0.36309928373503425,0.6369007162649658
21398,0.9695516162669447,0.36309928373503425,0.6369007162649658
21399,0.9695516162669447,0.3632212753350412,0.6367787246649588
21400,0.9695689954814043,0.3632212753350412,0.6367787246649588
21401,0.9695689954814043,0.36327355744932993,0.63672644255067
21402,0.9695863746958637,0.36327355744932993,0.63672644255067
21403,0.9695863746958637,0.3634129764207665,0.6365870235792335
21404,0.9696037539103233,0.3634129764207665,0.6365870235792335
21405,0.9696037539103233,0.3634478311636256,0.6365521688363744
21406,0.9696211331247827,0.3634478311636256,0.6365521688363744
21407,0.9696211331247827,0.3635698227636326,0.6364301772363674
21408,0.9696385123392423,0.3635698227636326,0.6364301772363674
21409,0.9696385123392423,0.36383123333507605,0.636168766664924
21410,0.9696558915537018,0.36383123333507605,0.636168766664924
21411,0.9696558915537018,0.36388351544936476,0.6361164845506353
21412,0.9696732707681612,0.36388351544936476,0.6361164845506353
21413,0.9696732707681612,0.3639706523065126,0.6360293476934874
21414,0.9696906499826208,0.3639706523065126,0.6360293476934874
21415,0.9696906499826208,0.36405778916366044,0.6359422108363395
21416,0.9697080291970803,0.36405778916366044,0.6359422108363395
21417,0.9697080291970803,0.36407521653509,0.63592478346491
21418,0.9697254084115398,0.36407521653509,0.63592478346491
21419,0.9697254084115398,0.364197208135097,0.635802791864903
21420,0.9697427876259993,0.364197208135097,0.635802791864903
21421,0.9697427876259993,0.3643540544779631,0.6356459455220369
21422,0.9697601668404588,0.3643540544779631,0.6356459455220369
21423,0.9697601668404588,0.36438890922082223,0.6356110907791778
21424,0.9697775460549183,0.36438890922082223,0.6356110907791778
21425,0.9697775460549183,0.3645109008208292,0.6354890991791708
21426,0.9697949252693778,0.3645109008208292,0.6354890991791708
21427,0.9697949252693778,0.36454575556368835,0.6354542444363116
21428,0.9698123044838374,0.36454575556368835,0.6354542444363116
21429,0.9698123044838374,0.36459803767797705,0.635401962322023
21430,0.9698470629127564,0.36459803767797705,0.635401962322023
21431,0.9698470629127564,0.3646328924208362,0.6353671075791638
21432,0.9698644421272159,0.3646328924208362,0.6353671075791638
21433,0.9698644421272159,0.36470260190655446,0.6352973980934455
21434,0.9698818213416753,0.36470260190655446,0.6352973980934455
21435,0.9698818213416753,0.36475488402084316,0.6352451159791568
21436,0.9698992005561349,0.36475488402084316,0.6352451159791568
21437,0.9698992005561349,0.3649640124779979,0.6350359875220021
21438,0.9699165797705944,0.3649640124779979,0.6350359875220021
21439,0.9699165797705944,0.36505114933514576,0.6349488506648542
21440,0.9699339589850539,0.36505114933514576,0.6349488506648542
21441,0.9699339589850539,0.3650860040780049,0.6349139959219952
21442,0.9699513381995134,0.3650860040780049,0.6349139959219952
21443,0.9699513381995134,0.3651905683065823,0.6348094316934176
21444,0.9699687174139728,0.3651905683065823,0.6348094316934176
21445,0.9699687174139728,0.3652079956780119,0.6347920043219881
21446,0.9699860966284324,0.3652079956780119,0.6347920043219881
21447,0.9699860966284324,0.3652602777923006,0.6347397222076994
21448,0.9700034758428919,0.3652602777923006,0.6347397222076994
21449,0.9700034758428919,0.3653474146494484,0.6346525853505516
21450,0.9700208550573514,0.3653474146494484,0.6346525853505516
21451,0.9700208550573514,0.36538226939230756,0.6346177306076924
21452,0.9700382342718109,0.36538226939230756,0.6346177306076924
21453,0.9700382342718109,0.3654171241351667,0.6345828758648333
21454,0.9700556134862705,0.3654171241351667,0.6345828758648333
21455,0.9700556134862705,0.36545197887802583,0.6345480211219742
21456,0.9700729927007299,0.36545197887802583,0.6345480211219742
21457,0.9700729927007299,0.36566110733518065,0.6343388926648194
21458,0.9700903719151894,0.36566110733518065,0.6343388926648194
21459,0.9700903719151894,0.3656959620780398,0.6343040379219602
21460,0.970107751129649,0.3656959620780398,0.6343040379219602
21461,0.970107751129649,0.36592251790662417,0.6340774820933759
21462,0.9701251303441084,0.36592251790662417,0.6340774820933759
21463,0.9701251303441084,0.36628849270664504,0.633711507293355
21464,0.970142509558568,0.36628849270664504,0.633711507293355
21465,0.970142509558568,0.3664627664209407,0.6335372335790592
21466,0.9701598887730275,0.3664627664209407,0.6335372335790592
21467,0.9701598887730275,0.3665847580209477,0.6334152419790523
21468,0.9701772679874869,0.3665847580209477,0.6334152419790523
21469,0.9701772679874869,0.3667416043638138,0.6332583956361861
21470,0.9701946472019465,0.3667416043638138,0.6332583956361861
21471,0.9701946472019465,0.3668635959638208,0.6331364040361792
21472,0.970212026416406,0.3668635959638208,0.6331364040361792
21473,0.970212026416406,0.36693330544953906,0.6330666945504609
21474,0.9702294056308655,0.36693330544953906,0.6330666945504609
21475,0.9702294056308655,0.3670901517924052,0.6329098482075948
21476,0.970246784845325,0.3670901517924052,0.6329098482075948
21477,0.970246784845325,0.36728185287813037,0.6327181471218697
21478,0.9702641640597846,0.36728185287813037,0.6327181471218697
21479,0.9702641640597846,0.3673167076209895,0.6326832923790104
21480,0.970281543274244,0.3673167076209895,0.6326832923790104
21481,0.970281543274244,0.36740384447813734,0.6325961555218627
21482,0.9703336809176225,0.36740384447813734,0.6325961555218627
21483,0.9703336809176225,0.36750840870671475,0.6324915912932852
21484,0.970351060132082,0.36750840870671475,0.6324915912932852
21485,0.970351060132082,0.3675258360781443,0.6324741639218556
21486,0.9703684393465415,0.3675258360781443,0.6324741639218556
21487,0.9703684393465415,0.3675432634495739,0.6324567365504261
21488,0.9704031977754606,0.3675432634495739,0.6324567365504261
21489,0.9704031977754606,0.3679615203638835,0.6320384796361165
21490,0.9704379562043796,0.3679615203638835,0.6320384796361165
21491,0.9704379562043796,0.36811836670674963,0.6318816332932504
21492,0.9704379562043796,0.36815322144960877,0.6318467785503912
21493,0.9704379562043796,0.3682577856781862,0.6317422143218139
21494,0.9704553354188391,0.3682577856781862,0.6317422143218139
21495,0.9704553354188391,0.3683100677924749,0.6316899322075251
21496,0.9704727146332985,0.3683100677924749,0.6316899322075251
21497,0.9704727146332985,0.3684494867639114,0.6315505132360886
21498,0.9704900938477581,0.3684494867639114,0.6315505132360886
21499,0.9704900938477581,0.3684843415067705,0.6315156584932295
21500,0.9705074730622176,0.3684843415067705,0.6315156584932295
21501,0.9705074730622176,0.36872832470678446,0.6312716752932155
21502,0.9705422314911366,0.36872832470678446,0.6312716752932155
21503,0.9705422314911366,0.368867743678221,0.6311322563217789
21504,0.9705596107055962,0.368867743678221,0.6311322563217789
21505,0.9705596107055962,0.3690245900210871,0.6309754099789129
21506,0.9705769899200556,0.3690245900210871,0.6309754099789129
21507,0.9705769899200556,0.36921629110681237,0.6307837088931876
21508,0.9705943691345151,0.36921629110681237,0.6307837088931876
21509,0.9705943691345151,0.36928600059253064,0.6307139994074693
21510,0.9706117483489747,0.36928600059253064,0.6307139994074693
21511,0.9706117483489747,0.3693208553353898,0.6306791446646103
21512,0.9706291275634341,0.3693208553353898,0.6306791446646103
21513,0.9706291275634341,0.36949512904968546,0.6305048709503145
21514,0.9706465067778937,0.36949512904968546,0.6305048709503145
21515,0.9706465067778937,0.3695822659068333,0.6304177340931667
21516,0.9706638859923531,0.3695822659068333,0.6304177340931667
21517,0.9706638859923531,0.36961712064969243,0.6303828793503076
21518,0.9706812652068126,0.36961712064969243,0.6303828793503076
21519,0.9706812652068126,0.36966940276398114,0.6303305972360189
21520,0.9706986444212722,0.36966940276398114,0.6303305972360189
21521,0.9706986444212722,0.3697216848782698,0.6302783151217302
21522,0.9707160236357316,0.3697216848782698,0.6302783151217302
21523,0.9707160236357316,0.3698262491068472,0.6301737508931529
21524,0.9707334028501912,0.3698262491068472,0.6301737508931529
21525,0.9707334028501912,0.3700876596782907,0.6299123403217093
21526,0.9707507820646507,0.3700876596782907,0.6299123403217093
21527,0.9707507820646507,0.3701050870497203,0.6298949129502798
21528,0.9707681612791101,0.3701050870497203,0.6298949129502798
21529,0.9707681612791101,0.37012251442114985,0.6298774855788501
21530,0.9708029197080292,0.37012251442114985,0.6298774855788501
21531,0.9708029197080292,0.3701399417925794,0.6298600582074205
21532,0.9708202989224887,0.3701399417925794,0.6298600582074205
21533,0.9708202989224887,0.37029678813544553,0.6297032118645545
21534,0.9708376781369482,0.37029678813544553,0.6297032118645545
21535,0.9708376781369482,0.3704710618497412,0.6295289381502588
21536,0.9708550573514078,0.3704710618497412,0.6295289381502588
21537,0.9708550573514078,0.37055819870688905,0.6294418012931109
21538,0.9708898157803267,0.37055819870688905,0.6294418012931109
21539,0.9708898157803267,0.3705930534497482,0.6294069465502519
21540,0.9709071949947863,0.3705930534497482,0.6294069465502519
21541,0.9709071949947863,0.37078475453547344,0.6292152454645266
21542,0.9709245742092457,0.37078475453547344,0.6292152454645266
21543,0.9709245742092457,0.3709416008783395,0.6290583991216605
21544,0.9709419534237053,0.3709416008783395,0.6290583991216605
21545,0.9709419534237053,0.37108101984977604,0.628918980150224
21546,0.9709593326381648,0.37108101984977604,0.628918980150224
21547,0.9709593326381648,0.3711507293354943,0.6288492706645057
21548,0.9709767118526242,0.3711507293354943,0.6288492706645057
21549,0.9709767118526242,0.3713075756783604,0.6286924243216396
21550,0.9709940910670838,0.3713075756783604,0.6286924243216396
21551,0.9709940910670838,0.3713772851640787,0.6286227148359214
21552,0.9710288494960028,0.3713772851640787,0.6286227148359214
21553,0.9710288494960028,0.3714295672783674,0.6285704327216326
21554,0.9710462287104623,0.3714295672783674,0.6285704327216326
21555,0.9710462287104623,0.37146442202122654,0.6285355779787735
21556,0.9710636079249217,0.37146442202122654,0.6285355779787735
21557,0.9710636079249217,0.3715341315069448,0.6284658684930552
21558,0.9710809871393813,0.3715341315069448,0.6284658684930552
21559,0.9710809871393813,0.37162126836409265,0.6283787316359073
21560,0.9710983663538408,0.37162126836409265,0.6283787316359073
21561,0.9710983663538408,0.37177811470695876,0.6282218852930412
21562,0.9711157455683003,0.37177811470695876,0.6282218852930412
21563,0.9711157455683003,0.37179554207838833,0.6282044579216117
21564,0.9711331247827598,0.37179554207838833,0.6282044579216117
21565,0.9711331247827598,0.3718129694498179,0.6281870305501821
21566,0.9711505039972194,0.3718129694498179,0.6281870305501821
21567,0.9711505039972194,0.3719175336783953,0.6280824663216047
21568,0.9711678832116788,0.3719175336783953,0.6280824663216047
21569,0.9711678832116788,0.371969815792684,0.6280301842073159
21570,0.9711852624261383,0.371969815792684,0.6280301842073159
21571,0.9711852624261383,0.3721615168784092,0.6278384831215909
21572,0.9712026416405979,0.3721615168784092,0.6278384831215909
21573,0.9712026416405979,0.3722137989926979,0.6277862010073021
21574,0.9712200208550573,0.3722137989926979,0.6277862010073021
21575,0.9712200208550573,0.3722312263641275,0.6277687736358726
21576,0.9712374000695169,0.3722312263641275,0.6277687736358726
21577,0.9712374000695169,0.37224865373555704,0.627751346264443
21578,0.9712547792839764,0.37224865373555704,0.627751346264443
21579,0.9712547792839764,0.3722835084784162,0.6277164915215838
21580,0.9712721584984358,0.3722835084784162,0.6277164915215838
21581,0.9712721584984358,0.37230093584984575,0.6276990641501543
21582,0.9712895377128954,0.37230093584984575,0.6276990641501543
21583,0.9712895377128954,0.3723357905927049,0.6276642094072951
21584,0.9713069169273549,0.3723357905927049,0.6276642094072951
21585,0.9713069169273549,0.3724403548212823,0.6275596451787178
21586,0.9713242961418144,0.3724403548212823,0.6275596451787178
21587,0.9713242961418144,0.37251006430700057,0.6274899356929995
21588,0.9713416753562739,0.37251006430700057,0.6274899356929995
21589,0.9713416753562739,0.37273662013558495,0.627263379864415
21590,0.9713590545707333,0.37273662013558495,0.627263379864415
21591,0.9713764337851929,0.3727540475070145,0.6272459524929854
21592,0.9713764337851929,0.3730851675641763,0.6269148324358237
21593,0.9713938129996524,0.3730851675641763,0.6269148324358237
21594,0.9713938129996524,0.37312002230703545,0.6268799776929646
21595,0.9714111922141119,0.37312002230703545,0.6268799776929646
21596,0.9714111922141119,0.3732071591641833,0.6267928408358168
21597,0.9714285714285714,0.3732071591641833,0.6267928408358168
21598,0.9714285714285714,0.373259441278472,0.626740558721528
21599,0.971445950643031,0.373259441278472,0.626740558721528
21600,0.971445950643031,0.37346856973562675,0.6265314302643732
21601,0.9714633298574904,0.37346856973562675,0.6265314302643732
21602,0.9714633298574904,0.37362541607849287,0.6263745839215071
21603,0.9714807090719499,0.37362541607849287,0.6263745839215071
21604,0.9714807090719499,0.3738171171642181,0.6261828828357818
21605,0.9714980882864095,0.3738171171642181,0.6261828828357818
21606,0.9714980882864095,0.3738345445356477,0.6261654554643523
21607,0.971550225929788,0.3738345445356477,0.6261654554643523
21608,0.971550225929788,0.3738868266499364,0.6261131733500636
21609,0.971584984358707,0.3738868266499364,0.6261131733500636
21610,0.971584984358707,0.37400881824994336,0.6259911817500566
21611,0.9716023635731665,0.37400881824994336,0.6259911817500566
21612,0.9716023635731665,0.37406110036423207,0.625938899635768
21613,0.971619742787626,0.37406110036423207,0.625938899635768
21614,0.971619742787626,0.3742528014499573,0.6257471985500427
21615,0.9716371220020855,0.3742528014499573,0.6257471985500427
21616,0.9716371220020855,0.37475819522141474,0.6252418047785853
21617,0.9716545012165451,0.37475819522141474,0.6252418047785853
21618,0.9716545012165451,0.3748453320785626,0.6251546679214375
21619,0.9716718804310045,0.3748453320785626,0.6251546679214375
21620,0.9716718804310045,0.37535072585002005,0.62464927414998
21621,0.971689259645464,0.37535072585002005,0.62464927414998
21622,0.971689259645464,0.375472717450027,0.624527282549973
21623,0.9717066388599235,0.375472717450027,0.624527282549973
21624,0.9717066388599235,0.3754901448214566,0.6245098551785434
21625,0.971724018074383,0.3754901448214566,0.6245098551785434
21626,0.971724018074383,0.375594709050034,0.624405290949966
21627,0.9717413972888426,0.375594709050034,0.624405290949966
21628,0.9717413972888426,0.3756992732786114,0.6243007267213886
21629,0.971758776503302,0.3756992732786114,0.6243007267213886
21630,0.971758776503302,0.37592582910719574,0.6240741708928043
21631,0.9717935349322211,0.37592582910719574,0.6240741708928043
21632,0.9717935349322211,0.3760129659643436,0.6239870340356564
21633,0.9718282933611401,0.3760129659643436,0.6239870340356564
21634,0.9718282933611401,0.37603039333577315,0.6239696066642269
21635,0.9718456725755996,0.37603039333577315,0.6239696066642269
21636,0.9718456725755996,0.3760478207072027,0.6239521792927973
21637,0.971863051790059,0.3760478207072027,0.6239521792927973
21638,0.971863051790059,0.3760652480786323,0.6239347519213677
21639,0.9718804310045186,0.3760652480786323,0.6239347519213677
21640,0.9718804310045186,0.376117530192921,0.6238824698070791
21641,0.9718978102189781,0.376117530192921,0.6238824698070791
21642,0.9718978102189781,0.37625694916435753,0.6237430508356425
21643,0.9719151894334376,0.37625694916435753,0.6237430508356425
21644,0.9719151894334376,0.3762743765357871,0.6237256234642129
21645,0.9719499478623567,0.3762743765357871,0.6237256234642129
21646,0.9719499478623567,0.37629180390721667,0.6237081960927833
21647,0.9719673270768161,0.37629180390721667,0.6237081960927833
21648,0.9719673270768161,0.37630923127864624,0.6236907687213538
21649,0.9719847062912756,0.37630923127864624,0.6236907687213538
21650,0.9719847062912756,0.3763440860215054,0.6236559139784946
21651,0.9720020855057352,0.3763440860215054,0.6236559139784946
21652,0.9720020855057352,0.3764486502500828,0.6235513497499172
21653,0.9720194647201946,0.3764486502500828,0.6235513497499172
21654,0.9720194647201946,0.3765357871072306,0.6234642128927694
21655,0.9720368439346542,0.3765357871072306,0.6234642128927694
21656,0.9720368439346542,0.37657064185008976,0.6234293581499102
21657,0.9720542231491136,0.37657064185008976,0.6234293581499102
21658,0.9720542231491136,0.3767797703072446,0.6232202296927554
21659,0.9720716023635732,0.3767797703072446,0.6232202296927554
21660,0.9720716023635732,0.37698889876439934,0.6230111012356007
21661,0.9721063607924921,0.37698889876439934,0.6230111012356007
21662,0.9721063607924921,0.37709346299297675,0.6229065370070233
21663,0.9721237400069517,0.37709346299297675,0.6229065370070233
21664,0.9721237400069517,0.37732001882156113,0.6226799811784389
21665,0.9721584984358707,0.37732001882156113,0.6226799811784389
21666,0.9721584984358707,0.3775640020215751,0.6224359979784249
21667,0.9721758776503302,0.3775640020215751,0.6224359979784249
21668,0.9721758776503302,0.37768599362158206,0.6223140063784179
21669,0.9721932568647897,0.37768599362158206,0.6223140063784179
21670,0.9721932568647897,0.37775570310730033,0.6222442968926997
21671,0.9722106360792492,0.37775570310730033,0.6222442968926997
21672,0.9722106360792492,0.377929976821596,0.622070023178404
21673,0.9722280152937087,0.377929976821596,0.622070023178404
21674,0.9722280152937087,0.3779996863073143,0.6220003136926857
21675,0.9722627737226277,0.3779996863073143,0.6220003136926857
21676,0.9722627737226277,0.3780345410501734,0.6219654589498266
21677,0.9722801529370872,0.3780345410501734,0.6219654589498266
21678,0.9722801529370872,0.3780868231644621,0.6219131768355379
21679,0.9722975321515468,0.3780868231644621,0.6219131768355379
21680,0.9722975321515468,0.3784005158501943,0.6215994841498057
21681,0.9723149113660062,0.3784005158501943,0.6215994841498057
21682,0.9723149113660062,0.3786619264216378,0.6213380735783622
21683,0.9723322905804658,0.3786619264216378,0.6213380735783622
21684,0.9723322905804658,0.3787839180216448,0.6212160819783552
21685,0.9723496697949253,0.3787839180216448,0.6212160819783552
21686,0.9723496697949253,0.37892333699308134,0.6210766630069187
21687,0.9723670490093848,0.37892333699308134,0.6210766630069187
21688,0.9723670490093848,0.37918474756452486,0.6208152524354751
21689,0.9724018074383037,0.37918474756452486,0.6208152524354751
21690,0.9724018074383037,0.3792718844216727,0.6207281155783273
21691,0.9724191866527633,0.3792718844216727,0.6207281155783273
21692,0.9724191866527633,0.37930673916453184,0.6206932608354682
21693,0.9724365658672228,0.37930673916453184,0.6206932608354682
21694,0.9724365658672228,0.379341593907391,0.620658406092609
21695,0.9724539450816823,0.379341593907391,0.620658406092609
21696,0.9724539450816823,0.3794635855073979,0.6205364144926021
21697,0.9724713242961418,0.3794635855073979,0.6205364144926021
21698,0.9724713242961418,0.3796727139645527,0.6203272860354473
21699,0.9724887035106013,0.3796727139645527,0.6203272860354473
21700,0.9724887035106013,0.37970756870741185,0.6202924312925882
21701,0.9725060827250608,0.37970756870741185,0.6202924312925882
21702,0.9725060827250608,0.3801258256217215,0.6198741743782785
21703,0.9725234619395203,0.3801258256217215,0.6198741743782785
21704,0.9725234619395203,0.38030009933601716,0.6196999006639828
21705,0.9725408411539799,0.38030009933601716,0.6196999006639828
21706,0.9725408411539799,0.38031752670744673,0.6196824732925532
21707,0.9725755995828989,0.38031752670744673,0.6196824732925532
21708,0.9725755995828989,0.38035238145030587,0.6196476185496942
21709,0.9725929787973584,0.38035238145030587,0.6196476185496942
21710,0.9725929787973584,0.380387236193165,0.6196127638068349
21711,0.9726103580118178,0.380387236193165,0.6196127638068349
21712,0.9726103580118178,0.3804569456788833,0.6195430543211167
21713,0.9726451164407369,0.3804569456788833,0.6195430543211167
21714,0.9726451164407369,0.380509227793172,0.619490772206828
21715,0.9726798748696559,0.380509227793172,0.619490772206828
21716,0.9726798748696559,0.38052665516460155,0.6194733448353984
21717,0.9727146332985749,0.38052665516460155,0.6194733448353984
21718,0.9727146332985749,0.3805615099074607,0.6194384900925394
21719,0.9727320125130344,0.3805615099074607,0.6194384900925394
21720,0.9727320125130344,0.380788065736045,0.619211934263955
21721,0.972749391727494,0.380788065736045,0.619211934263955
21722,0.972749391727494,0.3808054931074746,0.6191945068925254
21723,0.9727667709419534,0.3808054931074746,0.6191945068925254
21724,0.9727667709419534,0.38125860476464335,0.6187413952353567
21725,0.9728015293708724,0.38125860476464335,0.6187413952353567
21726,0.9728015293708724,0.3813805963646503,0.6186194036353496
21727,0.9728189085853319,0.3813805963646503,0.6186194036353496
21728,0.9728536670142509,0.3813805963646503,0.6186194036353496
21729,0.9728710462287105,0.3813805963646503,0.6186194036353496
21730,0.9728710462287105,0.3815025879646573,0.6184974120353427
21731,0.97288842544317,0.3815025879646573,0.6184974120353427
21732,0.97288842544317,0.381554870078946,0.618445129921054
21733,0.972923183872089,0.381554870078946,0.618445129921054
21734,0.972923183872089,0.3816594343075234,0.6183405656924765
21735,0.972957942301008,0.3816594343075234,0.6183405656924765
21736,0.972957942301008,0.3817814259075304,0.6182185740924696
21737,0.9729753215154675,0.3817814259075304,0.6182185740924696
21738,0.9729753215154675,0.3818337080218191,0.618166291978181
21739,0.972992700729927,0.3818337080218191,0.618166291978181
21740,0.972992700729927,0.38188599013610774,0.6181140098638922
21741,0.9730100799443865,0.38188599013610774,0.6181140098638922
21742,0.9730100799443865,0.3820602638504034,0.6179397361495966
21743,0.973027459158846,0.3820602638504034,0.6179397361495966
21744,0.973027459158846,0.382077691221833,0.617922308778167
21745,0.973062217587765,0.382077691221833,0.617922308778167
21746,0.973062217587765,0.38214740070755127,0.6178525992924487
21747,0.9730795968022246,0.38214740070755127,0.6178525992924487
21748,0.9730795968022246,0.38221711019326954,0.6177828898067305
21749,0.9731143552311435,0.38221711019326954,0.6177828898067305
21750,0.9731143552311435,0.3823042470504174,0.6176957529495826
21751,0.9731317344456031,0.3823042470504174,0.6176957529495826
21752,0.9731317344456031,0.38232167442184695,0.617678325578153
21753,0.9731491136600625,0.38232167442184695,0.617678325578153
21754,0.9731491136600625,0.3826179397361496,0.6173820602638505
21755,0.9731664928745221,0.3826179397361496,0.6173820602638505
21756,0.9731664928745221,0.3827399313361566,0.6172600686638434
21757,0.9731838720889816,0.3827399313361566,0.6172600686638434
21758,0.9731838720889816,0.3827922134504453,0.6172077865495547
21759,0.973201251303441,0.3827922134504453,0.6172077865495547
21760,0.973201251303441,0.38296648716474097,0.6170335128352591
21761,0.9732186305179006,0.38296648716474097,0.6170335128352591
21762,0.9732186305179006,0.3830710513933183,0.6169289486066817
21763,0.9732533889468196,0.3830710513933183,0.6169289486066817
21764,0.9732533889468196,0.383123333507607,0.616876666492393
21765,0.9732707681612791,0.383123333507607,0.616876666492393
21766,0.9732707681612791,0.3832976072219027,0.6167023927780972
21767,0.9732881473757387,0.3832976072219027,0.6167023927780972
21768,0.9732881473757387,0.38331503459333227,0.6166849654066677
21769,0.9733229058046576,0.38331503459333227,0.6166849654066677
21770,0.9733229058046576,0.38338474407905054,0.6166152559209495
21771,0.9733402850191172,0.38338474407905054,0.6166152559209495
21772,0.9733402850191172,0.3834021714504801,0.6165978285495199
21773,0.9733576642335766,0.3834021714504801,0.6165978285495199
21774,0.9733576642335766,0.3835067356790575,0.6164932643209424
21775,0.9733750434480362,0.3835067356790575,0.6164932643209424
21776,0.9733750434480362,0.38376814625050104,0.616231853749499
21777,0.9733924226624957,0.38376814625050104,0.616231853749499
21778,0.9733924226624957,0.38382042836478975,0.6161795716352103
21779,0.9734098018769551,0.38382042836478975,0.6161795716352103
21780,0.9734098018769551,0.3839424199647967,0.6160575800352033
21781,0.9734445603058742,0.3839424199647967,0.6160575800352033
21782,0.9734445603058742,0.38420383053624024,0.6157961694637597
21783,0.9734619395203337,0.38420383053624024,0.6157961694637597
21784,0.9734619395203337,0.38434324950767673,0.6156567504923233
21785,0.9734793187347932,0.38434324950767673,0.6156567504923233
21786,0.9734793187347932,0.384412958993395,0.615587041006605
21787,0.9734966979492526,0.384412958993395,0.615587041006605
21788,0.9734966979492526,0.3844303863648246,0.6155696136351754
21789,0.9735140771637122,0.3844303863648246,0.6155696136351754
21790,0.9735140771637122,0.3849706348791412,0.6150293651208588
21791,0.9735314563781717,0.3849706348791412,0.6150293651208588
21792,0.9735314563781717,0.3851274812220073,0.6148725187779926
21793,0.9735488355926312,0.3851274812220073,0.6148725187779926
21794,0.9735488355926312,0.3852843275648734,0.6147156724351266
21795,0.9735662148070907,0.3852843275648734,0.6147156724351266
21796,0.9735662148070907,0.3854411739077395,0.6145588260922605
21797,0.9735835940215503,0.3854411739077395,0.6145588260922605
21798,0.9735835940215503,0.3854586012791691,0.6145413987208309
21799,0.9736009732360097,0.3854586012791691,0.6145413987208309
21800,0.9736009732360097,0.38556316550774644,0.6144368344922535
21801,0.9736183524504692,0.38556316550774644,0.6144368344922535
21802,0.9736183524504692,0.385580592879176,0.614419407120824
21803,0.9736357316649288,0.385580592879176,0.614419407120824
21804,0.9736357316649288,0.3861382687649222,0.6138617312350778
21805,0.9736531108793882,0.3861382687649222,0.6138617312350778
21806,0.9736531108793882,0.3861905508792109,0.613809449120789
21807,0.9736704900938478,0.3861905508792109,0.613809449120789
21808,0.9736704900938478,0.3862951151077883,0.6137048848922118
21809,0.9736878693083073,0.3862951151077883,0.6137048848922118
21810,0.9736878693083073,0.38638225196493614,0.6136177480350639
21811,0.9737052485227667,0.38638225196493614,0.6136177480350639
21812,0.9737052485227667,0.3863996793363657,0.6136003206636342
21813,0.9737226277372263,0.3863996793363657,0.6136003206636342
21814,0.9737226277372263,0.386870218364964,0.6131297816350361
21815,0.9737573861661453,0.386870218364964,0.6131297816350361
21816,0.9737573861661453,0.3869225004792527,0.6130774995207473
21817,0.9737747653806048,0.3869225004792527,0.6130774995207473
21818,0.9737747653806048,0.3869747825935414,0.6130252174064585
21819,0.9737921445950644,0.3869747825935414,0.6130252174064585
21820,0.9737921445950644,0.38700963733640054,0.6129903626635995
21821,0.9738095238095238,0.38700963733640054,0.6129903626635995
21822,0.9738095238095238,0.38711420156497794,0.612885798435022
21823,0.9738269030239833,0.38711420156497794,0.612885798435022
21824,0.9738269030239833,0.38734075739356233,0.6126592426064377
21825,0.9738616614529023,0.38734075739356233,0.6126592426064377
21826,0.9738616614529023,0.38737561213642147,0.6126243878635785
21827,0.9738790406673619,0.38737561213642147,0.6126243878635785
21828,0.9738790406673619,0.38754988585071715,0.6124501141492829
21829,0.9738964198818213,0.38754988585071715,0.6124501141492829
21830,0.9738964198818213,0.3877938690507311,0.6122061309492689
21831,0.9739137990962808,0.3877938690507311,0.6122061309492689
21832,0.9739137990962808,0.38781129642216067,0.6121887035778393
21833,0.9739311783107404,0.38781129642216067,0.6121887035778393
21834,0.9739311783107404,0.38786357853644937,0.6121364214635506
21835,0.9739485575251998,0.38786357853644937,0.6121364214635506
21836,0.9739485575251998,0.38793328802216764,0.6120667119778324
21837,0.9739659367396594,0.38793328802216764,0.6120667119778324
21838,0.9739659367396594,0.38795071539359716,0.6120492846064028
21839,0.9739833159541189,0.3879681427650267,0.6120318572349732
21840,0.9739833159541189,0.388159843850752,0.611840156149248
21841,0.9740006951685783,0.388159843850752,0.611840156149248
21842,0.9740006951685783,0.3882469807078998,0.6117530192921001
21843,0.9740180743830379,0.3882469807078998,0.6117530192921001
21844,0.9740180743830379,0.3883166901936181,0.6116833098063819
21845,0.9740354535974974,0.3883166901936181,0.6116833098063819
21846,0.9740354535974974,0.38845610916505463,0.6115438908349453
21847,0.9740528328119569,0.38845610916505463,0.6115438908349453
21848,0.9740528328119569,0.38866523762220945,0.6113347623777905
21849,0.974087591240876,0.38866523762220945,0.6113347623777905
21850,0.974087591240876,0.38883951133650513,0.6111604886634949
21851,0.9741049704553354,0.38883951133650513,0.6111604886634949
21852,0.9741049704553354,0.3890137850508008,0.6109862149491991
21853,0.9741223496697949,0.3890137850508008,0.6109862149491991
21854,0.9741223496697949,0.38910092190794865,0.6108990780920514
21855,0.9741397288842545,0.38910092190794865,0.6108990780920514
21856,0.9741397288842545,0.38929262299367384,0.6107073770063262
21857,0.9741571080987139,0.38929262299367384,0.6107073770063262
21858,0.9741571080987139,0.3894146145936808,0.6105853854063192
21859,0.9741744873131735,0.3894146145936808,0.6105853854063192
21860,0.9741744873131735,0.3896411704222652,0.6103588295777348
21861,0.9741918665276329,0.3896411704222652,0.6103588295777348
21862,0.9741918665276329,0.3897457346508426,0.6102542653491574
21863,0.9742092457420924,0.3897457346508426,0.6102542653491574
21864,0.9742092457420924,0.38993743573656786,0.6100625642634321
21865,0.974226624956552,0.38993743573656786,0.6100625642634321
21866,0.974226624956552,0.38998971785085657,0.6100102821491434
21867,0.9742440041710114,0.38998971785085657,0.6100102821491434
21868,0.9742440041710114,0.39016399156515225,0.6098360084348478
21869,0.9742787625999305,0.39016399156515225,0.6098360084348478
21870,0.9742787625999305,0.3902337010508705,0.6097662989491295
21871,0.97429614181439,0.3902337010508705,0.6097662989491295
21872,0.97429614181439,0.3904776842508844,0.6095223157491156
21873,0.9743135210288495,0.3904776842508844,0.6095223157491156
21874,0.9743135210288495,0.39051253899374355,0.6094874610062564
21875,0.974365658672228,0.39051253899374355,0.6094874610062564
21876,0.974365658672228,0.39056482110803226,0.6094351788919677
21877,0.9743830378866876,0.39056482110803226,0.6094351788919677
21878,0.9743830378866876,0.3906519579651801,0.6093480420348198
21879,0.974400417101147,0.3906519579651801,0.6093480420348198
21880,0.974400417101147,0.39073909482232794,0.6092609051776721
21881,0.9744177963156065,0.39073909482232794,0.6092609051776721
21882,0.9744177963156065,0.39089594116519405,0.609104058834806
21883,0.9744351755300661,0.39089594116519405,0.609104058834806
21884,0.9744351755300661,0.3909656506509123,0.6090343493490877
21885,0.9744525547445255,0.3909656506509123,0.6090343493490877
21886,0.9744525547445255,0.39100050539377146,0.6089994946062285
21887,0.9744699339589851,0.39100050539377146,0.6089994946062285
21888,0.9744699339589851,0.3910876422509193,0.6089123577490807
21889,0.9744873131734446,0.3910876422509193,0.6089123577490807
21890,0.9744873131734446,0.39115735173663757,0.6088426482633624
21891,0.974504692387904,0.39115735173663757,0.6088426482633624
21892,0.974504692387904,0.3912444885937854,0.6087555114062146
21893,0.9745220716023636,0.3912444885937854,0.6087555114062146
21894,0.9745220716023636,0.3913664801937924,0.6086335198062076
21895,0.974539450816823,0.3913664801937924,0.6086335198062076
21896,0.974539450816823,0.39138390756522196,0.6086160924347781
21897,0.9745568300312826,0.39138390756522196,0.6086160924347781
21898,0.9745568300312826,0.39155818127951764,0.6084418187204823
21899,0.9745742092457421,0.39155818127951764,0.6084418187204823
21900,0.9745742092457421,0.3915756086509472,0.6084243913490528
21901,0.9745915884602016,0.3915756086509472,0.6084243913490528
21902,0.9745915884602016,0.3916453181366654,0.6083546818633345
21903,0.9746263468891206,0.3916453181366654,0.6083546818633345
21904,0.9746263468891206,0.39180216447953153,0.6081978355204685
21905,0.9746437261035801,0.39180216447953153,0.6081978355204685
21906,0.9746437261035801,0.39195901082239765,0.6080409891776024
21907,0.9746611053180396,0.39195901082239765,0.6080409891776024
21908,0.9746611053180396,0.39211585716526376,0.6078841428347362
21909,0.9746784845324992,0.39211585716526376,0.6078841428347362
21910,0.9746784845324992,0.39222042139384117,0.6077795786061588
21911,0.9746958637469586,0.39222042139384117,0.6077795786061588
21912,0.9746958637469586,0.3924644045938551,0.6075355954061449
21913,0.9747306221758777,0.3924644045938551,0.6075355954061449
21914,0.9747306221758777,0.3926909604224395,0.6073090395775604
21915,0.9747653806047967,0.3926909604224395,0.6073090395775604
21916,0.9747653806047967,0.39272581516529864,0.6072741848347014
21917,0.9747827598192562,0.39272581516529864,0.6072741848347014
21918,0.9747827598192562,0.392830379393876,0.607169620606124
21919,0.9748001390337157,0.392830379393876,0.607169620606124
21920,0.9748001390337157,0.3930395078510308,0.6069604921489692
21921,0.9748175182481752,0.3930395078510308,0.6069604921489692
21922,0.9748175182481752,0.3930569352224604,0.6069430647775396
21923,0.9748348974626347,0.3930569352224604,0.6069430647775396
21924,0.9748348974626347,0.3931092173367491,0.6068907826632509
21925,0.9748522766770942,0.39312664470817865,0.6068733552918213
21926,0.9748522766770942,0.39330091842247433,0.6066990815775257
21927,0.9748696558915537,0.39330091842247433,0.6066990815775257
21928,0.9748696558915537,0.3933706279081926,0.6066293720918075
21929,0.9748870351060132,0.3933706279081926,0.6066293720918075
21930,0.9748870351060132,0.3936494658510657,0.6063505341489344
21931,0.9749044143204727,0.3936494658510657,0.6063505341489344
21932,0.9749044143204727,0.3937017479653544,0.6062982520346456
21933,0.9749217935349322,0.3937017479653544,0.6062982520346456
21934,0.9749217935349322,0.3938760216796501,0.6061239783203499
21935,0.9749391727493917,0.3938760216796501,0.6061239783203499
21936,0.9749391727493917,0.3943814154511075,0.6056185845488925
21937,0.9749565519638512,0.3943814154511075,0.6056185845488925
21938,0.9749565519638512,0.3945034070511145,0.6054965929488856
21939,0.9749739311783108,0.3945034070511145,0.6054965929488856
21940,0.9749739311783108,0.3945556891654032,0.6054443108345968
21941,0.9750086896072298,0.3945556891654032,0.6054443108345968
21942,0.9750086896072298,0.39467768076541015,0.6053223192345898
21943,0.9750260688216893,0.39467768076541015,0.6053223192345898
21944,0.9750260688216893,0.3948693818511354,0.6051306181488646
21945,0.9750434480361487,0.3948693818511354,0.6051306181488646
21946,0.9750434480361487,0.3949390913368537,0.6050609086631463
21947,0.9750608272506083,0.3949390913368537,0.6050609086631463
21948,0.9750608272506083,0.3954270577368815,0.6045729422631185
21949,0.9750782064650678,0.3954270577368815,0.6045729422631185
21950,0.9750782064650678,0.3956710409368955,0.6043289590631045
21951,0.9751129648939868,0.3956710409368955,0.6043289590631045
21952,0.9751129648939868,0.39579303253690246,0.6042069674630975
21953,0.9751303441084463,0.39579303253690246,0.6042069674630975
21954,0.9751303441084463,0.39601958836548684,0.6039804116345131
21955,0.9751477233229058,0.39601958836548684,0.6039804116345131
21956,0.9751477233229058,0.3960892978512051,0.6039107021487948
21957,0.9751651025373653,0.3960892978512051,0.6039107021487948
21958,0.9751651025373653,0.39629842630835993,0.60370157369164
21959,0.9751824817518249,0.39629842630835993,0.60370157369164
21960,0.9751824817518249,0.39633328105121907,0.603666718948781
21961,0.9751998609662843,0.39633328105121907,0.603666718948781
21962,0.9751998609662843,0.3966121189940921,0.6033878810059079
21963,0.9752346193952033,0.3966121189940921,0.6033878810059079
21964,0.9752346193952033,0.3967341105940991,0.6032658894059009
21965,0.9752693778241224,0.3967341105940991,0.6032658894059009
21966,0.9752693778241224,0.3967689653369582,0.6032310346630418
21967,0.9752867570385818,0.3967689653369582,0.6032310346630418
21968,0.9752867570385818,0.39690838430839476,0.6030916156916053
21969,0.9753041362530414,0.39690838430839476,0.6030916156916053
21970,0.9753041362530414,0.39696066642268346,0.6030393335773165
21971,0.9753215154675009,0.39696066642268346,0.6030393335773165
21972,0.9753215154675009,0.39708265802269044,0.6029173419773095
21973,0.9753562738964199,0.39708265802269044,0.6029173419773095
21974,0.9753562738964199,0.3972569317369861,0.6027430682630139
21975,0.9753736531108794,0.3972569317369861,0.6027430682630139
21976,0.9753736531108794,0.39734406859413396,0.602655931405866
21977,0.975425790754258,0.39734406859413396,0.602655931405866
21978,0.975425790754258,0.3974834875655705,0.6025165124344295
21979,0.9754431699687174,0.3974834875655705,0.6025165124344295
21980,0.9754431699687174,0.3975531970512888,0.6024468029487112
21981,0.9754605491831769,0.3975531970512888,0.6024468029487112
21982,0.9754605491831769,0.3975880517941479,0.6024119482058521
21983,0.9755474452554744,0.3975880517941479,0.6024119482058521
21984,0.9755474452554744,0.3978843171084505,0.6021156828915495
21985,0.975564824469934,0.3978843171084505,0.6021156828915495
21986,0.975564824469934,0.3979540265941688,0.6020459734058312
21987,0.9755822036843934,0.3979540265941688,0.6020459734058312
21988,0.9755822036843934,0.3979888813370279,0.6020111186629721
21989,0.9756169621133125,0.3979888813370279,0.6020111186629721
21990,0.9756169621133125,0.39814572767989403,0.6018542723201059
21991,0.9756343413277719,0.39814572767989403,0.6018542723201059
21992,0.9756343413277719,0.3985465572227741,0.6014534427772259
21993,0.9756517205422315,0.3985465572227741,0.6014534427772259
21994,0.9756517205422315,0.3985988393370628,0.6014011606629373
21995,0.9756864789711505,0.3985988393370628,0.6014011606629373
21996,0.9756864789711505,0.39913908785137936,0.6008609121486206
21997,0.97570385818561,0.39913908785137936,0.6008609121486206
21998,0.97570385818561,0.3992262247085272,0.6007737752914728
21999,0.975738616614529,0.3992262247085272,0.6007737752914728
22000,0.975738616614529,0.39941792579425245,0.6005820742057475
22001,0.9757559958289885,0.39941792579425245,0.6005820742057475
22002,0.9757559958289885,0.3995399173942594,0.6004600826057406
22003,0.9757733750434481,0.3995399173942594,0.6004600826057406
22004,0.9757733750434481,0.39964448162283683,0.6003555183771632
22005,0.9757907542579075,0.39964448162283683,0.6003555183771632
22006,0.9757907542579075,0.3997141911085551,0.6002858088914449
22007,0.9758081334723671,0.3997141911085551,0.6002858088914449
22008,0.9758081334723671,0.3998884648228508,0.6001115351771492
22009,0.9758255126868266,0.3998884648228508,0.6001115351771492
22010,0.9758255126868266,0.3999930290514282,0.6000069709485718
22011,0.975842891901286,0.3999930290514282,0.6000069709485718
22012,0.975842891901286,0.40011502065143517,0.5998849793485648
22013,0.9758602711157456,0.40011502065143517,0.5998849793485648
22014,0.9758602711157456,0.40014987539429425,0.5998501246057057
22015,0.9758776503302051,0.40014987539429425,0.5998501246057057
22016,0.9758776503302051,0.4001847301371534,0.5998152698628466
22017,0.9758950295446646,0.4001847301371534,0.5998152698628466
22018,0.9758950295446646,0.4002892943657308,0.5997107056342692
22019,0.9759124087591241,0.4002892943657308,0.5997107056342692
22020,0.9759124087591241,0.40030672173716036,0.5996932782628397
22021,0.9759297879735835,0.40030672173716036,0.5996932782628397
22022,0.9759297879735835,0.4005507049371743,0.5994492950628256
22023,0.9759471671880431,0.4005507049371743,0.5994492950628256
22024,0.9759471671880431,0.4006204144228926,0.5993795855771074
22025,0.9759645464025026,0.4006204144228926,0.5993795855771074
22026,0.9759645464025026,0.40069012390861086,0.5993098760913891
22027,0.9759819256169621,0.40069012390861086,0.5993098760913891
22028,0.9759819256169621,0.40081211550861784,0.5991878844913822
22029,0.9759993048314216,0.40081211550861784,0.5991878844913822
22030,0.9759993048314216,0.4010386713372022,0.5989613286627977
22031,0.9760166840458812,0.4010386713372022,0.5989613286627977
22032,0.9760166840458812,0.40112580819435006,0.5988741918056499
22033,0.9760340632603406,0.40112580819435006,0.5988741918056499
22034,0.9760340632603406,0.40124779979435704,0.5987522002056429
22035,0.9760514424748001,0.40124779979435704,0.5987522002056429
22036,0.9760514424748001,0.4015266377372301,0.5984733622627699
22037,0.9760688216892597,0.4015266377372301,0.5984733622627699
22038,0.9760688216892597,0.40170091145152576,0.5982990885484742
22039,0.9761035801181787,0.40170091145152576,0.5982990885484742
22040,0.9761035801181787,0.4020494588801171,0.5979505411198829
22041,0.9761209593326382,0.4020494588801171,0.5979505411198829
22042,0.9761209593326382,0.4021191683658354,0.5978808316341646
22043,0.9761383385470976,0.4021191683658354,0.5978808316341646
22044,0.9761383385470976,0.4022237325944128,0.5977762674055872
22045,0.9761557177615572,0.4022237325944128,0.5977762674055872
22046,0.9761557177615572,0.40251999790871545,0.5974800020912845
22047,0.9761730969760167,0.40251999790871545,0.5974800020912845
22048,0.9761730969760167,0.402537425280145,0.597462574719855
22049,0.9761904761904762,0.402537425280145,0.597462574719855
22050,0.9761904761904762,0.40325194750875726,0.5967480524912427
22051,0.9762078554049357,0.40325194750875726,0.5967480524912427
22052,0.9762078554049357,0.40335651173733467,0.5966434882626653
22053,0.9762252346193953,0.40335651173733467,0.5966434882626653
22054,0.9762252346193953,0.40340879385162337,0.5965912061483767
22055,0.9762426138338547,0.40340879385162337,0.5965912061483767
22056,0.9762426138338547,0.4040710339659469,0.5959289660340531
22057,0.9762599930483142,0.4040710339659469,0.5959289660340531
22058,0.9762599930483142,0.4041755981945243,0.5958244018054757
22059,0.9762773722627737,0.4041755981945243,0.5958244018054757
22060,0.9762773722627737,0.4042975897945313,0.5957024102054687
22061,0.9762947514772332,0.4042975897945313,0.5957024102054687
22062,0.9762947514772332,0.40431501716596085,0.5956849828340391
22063,0.9763121306916928,0.40431501716596085,0.5956849828340391
22064,0.9763121306916928,0.4043847266516791,0.5956152733483209
22065,0.9763295099061522,0.4043847266516791,0.5956152733483209
22066,0.9763295099061522,0.40443700876596783,0.5955629912340321
22067,0.9763468891206117,0.40443700876596783,0.5955629912340321
22068,0.9763468891206117,0.4045590003659748,0.5954409996340252
22069,0.9763642683350713,0.4045590003659748,0.5954409996340252
22070,0.9763642683350713,0.4045764277374044,0.5954235722625956
22071,0.9763642683350713,0.4046112824802635,0.5953887175197365
22072,0.9763642683350713,0.4046635645945522,0.5953364354054478
22073,0.9763816475495307,0.4046635645945522,0.5953364354054478
22074,0.9763816475495307,0.4046809919659818,0.5953190080340183
22075,0.9763990267639903,0.4046809919659818,0.5953190080340183
22076,0.9763990267639903,0.40480298356598876,0.5951970164340112
22077,0.9764337851929092,0.40480298356598876,0.5951970164340112
22078,0.9764337851929092,0.40482041093741833,0.5951795890625817
22079,0.9764511644073688,0.40482041093741833,0.5951795890625817
22080,0.9764511644073688,0.40504696676600266,0.5949530332339974
22081,0.9764859228362878,0.40504696676600266,0.5949530332339974
22082,0.9764859228362878,0.4050643941374322,0.5949356058625678
22083,0.9765033020507473,0.4050643941374322,0.5949356058625678
22084,0.9765033020507473,0.40509924888029136,0.5949007511197086
22085,0.9765206812652069,0.40509924888029136,0.5949007511197086
22086,0.9765206812652069,0.40527352259458704,0.594726477405413
22087,0.9765380604796663,0.40527352259458704,0.594726477405413
22088,0.9765380604796663,0.40548265105174186,0.5945173489482581
22089,0.9765554396941258,0.40548265105174186,0.5945173489482581
22090,0.9765554396941258,0.40550007842317143,0.5944999215768285
22091,0.9765728189085854,0.40550007842317143,0.5944999215768285
22092,0.9765728189085854,0.405517505794601,0.594482494205399
22093,0.9765901981230448,0.405517505794601,0.594482494205399
22094,0.9765901981230448,0.4056220700231784,0.5943779299768216
22095,0.9766423357664233,0.4056220700231784,0.5943779299768216
22096,0.9766423357664233,0.40576148899461495,0.594238511005385
22097,0.9766597149808829,0.40576148899461495,0.594238511005385
22098,0.9766597149808829,0.4057963437374741,0.5942036562625259
22099,0.9766770941953423,0.4057963437374741,0.5942036562625259
22100,0.9766770941953423,0.40598804482319933,0.5940119551768006
22101,0.9767118526242614,0.40598804482319933,0.5940119551768006
22102,0.9767118526242614,0.40604032693748804,0.593959673062512
22103,0.9767466110531804,0.40604032693748804,0.593959673062512
22104,0.9767466110531804,0.40628431013750194,0.593715689862498
22105,0.9767639902676399,0.40628431013750194,0.593715689862498
22106,0.9767639902676399,0.4064760112232272,0.5935239887767728
22107,0.9767813694820994,0.4064760112232272,0.5935239887767728
22108,0.9767813694820994,0.4066328575660933,0.5933671424339066
22109,0.9767987486965589,0.4066328575660933,0.5933671424339066
22110,0.9767987486965589,0.4067897039089594,0.5932102960910406
22111,0.9768161279110185,0.4067897039089594,0.5932102960910406
22112,0.9768161279110185,0.4068594133946777,0.5931405866053223
22113,0.9768335071254779,0.4068594133946777,0.5931405866053223
22114,0.9768335071254779,0.4070162597375438,0.5929837402624563
22115,0.9768508863399374,0.4070162597375438,0.5929837402624563
22116,0.9768508863399374,0.40703368710897336,0.5929663128910266
22117,0.976868265554397,0.40703368710897336,0.5929663128910266
22118,0.976868265554397,0.40726024293755775,0.5927397570624422
22119,0.9768856447688564,0.40726024293755775,0.5927397570624422
22120,0.9768856447688564,0.407329952423276,0.5926700475767239
22121,0.9769204031977755,0.407329952423276,0.5926700475767239
22122,0.9769204031977755,0.40736480716613516,0.5926351928338649
22123,0.976937782412235,0.40736480716613516,0.5926351928338649
22124,0.976937782412235,0.40741708928042386,0.5925829107195761
22125,0.9769899200556135,0.40741708928042386,0.5925829107195761
22126,0.9769899200556135,0.40745194402328294,0.5925480559767171
22127,0.977007299270073,0.40745194402328294,0.5925480559767171
22128,0.977007299270073,0.4074867987661421,0.5925132012338579
22129,0.9770246784845324,0.4074867987661421,0.5925132012338579
22130,0.9770246784845324,0.4075913629947195,0.5924086370052806
22131,0.977042057698992,0.4075913629947195,0.5924086370052806
22132,0.977042057698992,0.40771335459472646,0.5922866454052735
22133,0.9770594369134515,0.40771335459472646,0.5922866454052735
22134,0.9770594369134515,0.4079224830518813,0.5920775169481187
22135,0.9770941953423705,0.4079224830518813,0.5920775169481187
22136,0.9770941953423705,0.40797476516617,0.59202523483383
22137,0.9771115745568301,0.40797476516617,0.59202523483383
22138,0.9771115745568301,0.4080270472804587,0.5919729527195413
22139,0.9771289537712895,0.4080270472804587,0.5919729527195413
22140,0.9771289537712895,0.408497586309057,0.591502413690943
22141,0.977146332985749,0.408497586309057,0.591502413690943
22142,0.977146332985749,0.408619577909064,0.591380422090936
22143,0.9771637122002086,0.408619577909064,0.591380422090936
22144,0.9771637122002086,0.4086544326519231,0.591345567348077
22145,0.9771984706291276,0.4086544326519231,0.591345567348077
22146,0.9771984706291276,0.4086892873947822,0.5913107126052177
22147,0.9772158498435871,0.4086892873947822,0.5913107126052177
22148,0.9772158498435871,0.40888098848050747,0.5911190115194925
22149,0.9772332290580465,0.40888098848050747,0.5911190115194925
22150,0.9772332290580465,0.4090726895662327,0.5909273104337673
22151,0.9772506082725061,0.4090726895662327,0.5909273104337673
22152,0.9772506082725061,0.409142399051951,0.5908576009480491
22153,0.9772853667014251,0.409142399051951,0.5908576009480491
22154,0.9772853667014251,0.4092469632805284,0.5907530367194715
22155,0.9773027459158846,0.4092469632805284,0.5907530367194715
22156,0.9773027459158846,0.40931667276624667,0.5906833272337533
22157,0.9773201251303442,0.40931667276624667,0.5906833272337533
22158,0.9773201251303442,0.4094038096233945,0.5905961903766055
22159,0.9773375043448036,0.4094038096233945,0.5905961903766055
22160,0.9773375043448036,0.40943866436625365,0.5905613356337464
22161,0.9773548835592631,0.40943866436625365,0.5905613356337464
22162,0.9773548835592631,0.40964779282340846,0.5903522071765915
22163,0.9773722627737226,0.40964779282340846,0.5903522071765915
22164,0.9773722627737226,0.40970007493769717,0.5902999250623029
22165,0.9774070212026417,0.40970007493769717,0.5902999250623029
22166,0.9774070212026417,0.40976978442341544,0.5902302155765846
22167,0.9774244004171011,0.40976978442341544,0.5902302155765846
22168,0.9774244004171011,0.4099789128805702,0.5900210871194298
22169,0.9774417796315606,0.4099789128805702,0.5900210871194298
22170,0.9774417796315606,0.40999634025199977,0.5900036597480003
22171,0.9774591588460202,0.40999634025199977,0.5900036597480003
22172,0.9774591588460202,0.4102926055663024,0.5897073944336976
22173,0.9774765380604796,0.4102926055663024,0.5897073944336976
22174,0.9774765380604796,0.41060629825203465,0.5893937017479653
22175,0.9774939172749392,0.41060629825203465,0.5893937017479653
22176,0.9774939172749392,0.41072828985204163,0.5892717101479583
22177,0.9775112964893987,0.41072828985204163,0.5892717101479583
22178,0.9775112964893987,0.4110594099092034,0.5889405900907966
22179,0.9775286757038582,0.4110594099092034,0.5889405900907966
22180,0.9775286757038582,0.41139052996636516,0.5886094700336348
22181,0.9775460549183177,0.41139052996636516,0.5886094700336348
22182,0.9775460549183177,0.41144281208065386,0.5885571879193461
22183,0.9775634341327772,0.41144281208065386,0.5885571879193461
22184,0.9775634341327772,0.4115299489378017,0.5884700510621983
22185,0.9775981925616962,0.4115299489378017,0.5884700510621983
22186,0.9775981925616962,0.41166936790923825,0.5883306320907618
22187,0.9776155717761558,0.41166936790923825,0.5883306320907618
22188,0.9776155717761558,0.4117565047663861,0.588243495233614
22189,0.9776329509906152,0.4117565047663861,0.588243495233614
22190,0.9776329509906152,0.41215733430926615,0.5878426656907338
22191,0.9776503302050747,0.41215733430926615,0.5878426656907338
22192,0.9776503302050747,0.4121921890521253,0.5878078109478747
22193,0.9776677094195343,0.4121921890521253,0.5878078109478747
22194,0.9776677094195343,0.4123141806521322,0.5876858193478678
22195,0.9777024678484533,0.4123141806521322,0.5876858193478678
22196,0.9777024678484533,0.4123664627664209,0.587633537233579
22197,0.9777198470629127,0.4123664627664209,0.587633537233579
22198,0.9777198470629127,0.4127498649378714,0.5872501350621286
22199,0.9777372262773723,0.4127498649378714,0.5872501350621286
22200,0.9777372262773723,0.4130809849950332,0.5869190150049668
22201,0.9777546054918318,0.4130809849950332,0.5869190150049668
22202,0.9777546054918318,0.4131332671093219,0.586866732890678
22203,0.9777719847062912,0.4131332671093219,0.586866732890678
22204,0.9777719847062912,0.41322040396646975,0.5867795960335302
22205,0.9777893639207508,0.41322040396646975,0.5867795960335302
22206,0.9777893639207508,0.41356895139506106,0.5864310486049389
22207,0.9778067431352103,0.41356895139506106,0.5864310486049389
22208,0.9778067431352103,0.4135863787664906,0.5864136212335094
22209,0.9778241223496698,0.4135863787664906,0.5864136212335094
22210,0.9778241223496698,0.4139697809379411,0.5860302190620589
22211,0.9778415015641293,0.4139697809379411,0.5860302190620589
22212,0.9778415015641293,0.41407434516651853,0.5859256548334815
22213,0.9778588807785888,0.41407434516651853,0.5859256548334815
22214,0.9778588807785888,0.4140917725379481,0.585908227462052
22215,0.9778762599930483,0.4140917725379481,0.585908227462052
22216,0.9778762599930483,0.41423119150938464,0.5857688084906154
22217,0.9778936392075078,0.41423119150938464,0.5857688084906154
22218,0.9778936392075078,0.4142486188808142,0.5857513811191858
22219,0.9779110184219674,0.4142486188808142,0.5857513811191858
22220,0.9779110184219674,0.4143009009951029,0.5856990990048971
22221,0.9779283976364268,0.4143009009951029,0.5856990990048971
22222,0.9779283976364268,0.4146843031665534,0.5853156968334465
22223,0.9779457768508864,0.4146843031665534,0.5853156968334465
22224,0.9779457768508864,0.41484114950941947,0.5851588504905805
22225,0.9779631560653459,0.41484114950941947,0.5851588504905805
22226,0.9779631560653459,0.41513741482372213,0.5848625851762779
22227,0.9779805352798053,0.41513741482372213,0.5848625851762779
22228,0.9779805352798053,0.4152768337951587,0.5847231662048413
22229,0.9779979144942649,0.4152768337951587,0.5847231662048413
22230,0.9779979144942649,0.4153291159094474,0.5846708840905526
22231,0.9780152937087244,0.4153291159094474,0.5846708840905526
22232,0.9780152937087244,0.41534654328087695,0.584653456719123
22233,0.9780326729231839,0.41534654328087695,0.584653456719123
22234,0.9780326729231839,0.41550338962374306,0.584496610376257
22235,0.9780500521376434,0.41550338962374306,0.584496610376257
22236,0.9780500521376434,0.41555567173803176,0.5844443282619682
22237,0.9780674313521028,0.41555567173803176,0.5844443282619682
22238,0.9780674313521028,0.41557309910946133,0.5844269008905387
22239,0.9780848105665624,0.41557309910946133,0.5844269008905387
22240,0.9780848105665624,0.41566023596660917,0.5843397640333908
22241,0.9781021897810219,0.41566023596660917,0.5843397640333908
22242,0.9781021897810219,0.4160087833952005,0.5839912166047996
22243,0.9781195689954814,0.4160087833952005,0.5839912166047996
22244,0.9781195689954814,0.4160959202523483,0.5839040797476517
22245,0.9781369482099409,0.4160959202523483,0.5839040797476517
22246,0.9781369482099409,0.4162004844809257,0.5837995155190743
22247,0.9781543274244004,0.4162004844809257,0.5837995155190743
22248,0.9781543274244004,0.41633990345236227,0.5836600965476377
22249,0.9781717066388599,0.41633990345236227,0.5836600965476377
22250,0.9781717066388599,0.41656645928094665,0.5834335407190534
22251,0.9781890858533194,0.41656645928094665,0.5834335407190534
22252,0.9781890858533194,0.4166361687666649,0.5833638312333351
22253,0.978206465067779,0.4166361687666649,0.5833638312333351
22254,0.978206465067779,0.41679301510953104,0.583206984890469
22255,0.9782586027111575,0.41679301510953104,0.583206984890469
22256,0.9782586027111575,0.4168627245952493,0.5831372754047507
22257,0.9782759819256169,0.4168627245952493,0.5831372754047507
22258,0.9782759819256169,0.4168801519666789,0.5831198480333211
22259,0.9782933611400765,0.4168801519666789,0.5831198480333211
22260,0.9782933611400765,0.417036998309545,0.582963001690455
22261,0.978345498783455,0.417036998309545,0.582963001690455
22262,0.978345498783455,0.41707185305240413,0.5829281469475959
22263,0.978380257212374,0.41707185305240413,0.5829281469475959
22264,0.978380257212374,0.41742040048099543,0.5825795995190046
22265,0.978415015641293,0.41742040048099543,0.5825795995190046
22266,0.978415015641293,0.41780380265244593,0.582196197347554
22267,0.978449774070212,0.41780380265244593,0.582196197347554
22268,0.978449774070212,0.41801293110960075,0.5819870688903992
22269,0.9784671532846715,0.41801293110960075,0.5819870688903992
22270,0.9784671532846715,0.4180477858524599,0.5819522141475402
22271,0.978484532499131,0.4180477858524599,0.5819522141475402
22272,0.978484532499131,0.418204632195326,0.581795367804674
22273,0.9785019117135906,0.418204632195326,0.581795367804674
22274,0.9785019117135906,0.4183614785381921,0.5816385214618078
22275,0.9785366701425096,0.4183614785381921,0.5816385214618078
22276,0.9785366701425096,0.41857060699534687,0.5814293930046531
22277,0.9785540493569691,0.41857060699534687,0.5814293930046531
22278,0.9785540493569691,0.41886687230964953,0.5811331276903504
22279,0.9785714285714285,0.41886687230964953,0.5811331276903504
22280,0.9785714285714285,0.4188842996810791,0.5811157003189209
22281,0.9785888077858881,0.4188842996810791,0.5811157003189209
22282,0.9785888077858881,0.4189365817953678,0.5810634182046321
22283,0.9786061870003476,0.4189365817953678,0.5810634182046321
22284,0.9786061870003476,0.4190934281382339,0.5809065718617661
22285,0.9786409454292666,0.4190934281382339,0.5809065718617661
22286,0.9786409454292666,0.4192154197382409,0.580784580261759
22287,0.9786583246437262,0.4192154197382409,0.580784580261759
22288,0.9786583246437262,0.4192502744811,0.5807497255189
22289,0.9786757038581856,0.4192502744811,0.5807497255189
22290,0.9786757038581856,0.4195291124239731,0.5804708875760269
22291,0.9787104622871047,0.4195291124239731,0.5804708875760269
22292,0.9787104622871047,0.4196162492811209,0.5803837507188792
22293,0.9787278415015641,0.4196162492811209,0.5803837507188792
22294,0.9787278415015641,0.4198428051097053,0.5801571948902947
22295,0.9787452207160237,0.4198428051097053,0.5801571948902947
22296,0.9787452207160237,0.419895087223994,0.5801049127760061
22297,0.9787625999304831,0.419895087223994,0.5801049127760061
22298,0.9787625999304831,0.42001707882400097,0.579982921175999
22299,0.9787973583594022,0.42001707882400097,0.579982921175999
22300,0.9787973583594022,0.42006936093828967,0.5799306390617103
22301,0.9788147375738616,0.42006936093828967,0.5799306390617103
22302,0.9788147375738616,0.4206096094526063,0.5793903905473937
22303,0.9788321167883212,0.4206096094526063,0.5793903905473937
22304,0.9788321167883212,0.42073160105261326,0.5792683989473868
22305,0.9788494960027807,0.42073160105261326,0.5792683989473868
22306,0.9788494960027807,0.4207490284240428,0.5792509715759572
22307,0.9788668752172401,0.4207490284240428,0.5792509715759572
22308,0.9788668752172401,0.42080131053833153,0.5791986894616685
22309,0.9788842544316997,0.42080131053833153,0.5791986894616685
22310,0.9788842544316997,0.420940729509768,0.579059270490232
22311,0.9789016336461592,0.420940729509768,0.579059270490232
22312,0.9789016336461592,0.4209581568811976,0.5790418431188025
22313,0.9789190128606187,0.4209581568811976,0.5790418431188025
22314,0.9789190128606187,0.42108014848120456,0.5789198515187954
22315,0.9789363920750782,0.42108014848120456,0.5789198515187954
22316,0.9789363920750782,0.4212718495669298,0.5787281504330701
22317,0.9789537712895378,0.4212718495669298,0.5787281504330701
22318,0.9789537712895378,0.42163782436695074,0.5783621756330493
22319,0.9789885297184567,0.42163782436695074,0.5783621756330493
22320,0.9789885297184567,0.42169010648123945,0.5783098935187605
22321,0.9790232881473757,0.42169010648123945,0.5783098935187605
22322,0.9790232881473757,0.4219863717955421,0.5780136282044579
22323,0.9790406673618353,0.4219863717955421,0.5780136282044579
22324,0.9790406673618353,0.42216064550983773,0.5778393544901623
22325,0.9790754257907542,0.42216064550983773,0.5778393544901623
22326,0.9790754257907542,0.4221780728812673,0.5778219271187327
22327,0.9790928050052138,0.4221780728812673,0.5778219271187327
22328,0.9790928050052138,0.4223872013384221,0.5776127986615779
22329,0.9791101842196732,0.4223872013384221,0.5776127986615779
22330,0.9791101842196732,0.4226660392812952,0.5773339607187048
22331,0.9791275634341328,0.4226660392812952,0.5773339607187048
22332,0.9791275634341328,0.4227183213955839,0.5772816786044161
22333,0.9791449426485923,0.4227183213955839,0.5772816786044161
22334,0.9791449426485923,0.42275317613844304,0.5772468238615569
22335,0.9791623218630517,0.42275317613844304,0.5772468238615569
22336,0.9791623218630517,0.4227880308813022,0.5772119691186979
22337,0.9791797010775113,0.4227880308813022,0.5772119691186979
22338,0.9791797010775113,0.42287516773845,0.57712483226155
22339,0.9791970802919708,0.42287516773845,0.57712483226155
22340,0.9791970802919708,0.42297973196702743,0.5770202680329726
22341,0.9792144595064303,0.42297973196702743,0.5770202680329726
22342,0.9792144595064303,0.42324114253847095,0.576758857461529
22343,0.9792318387208898,0.42324114253847095,0.576758857461529
22344,0.9792318387208898,0.4233457067670483,0.5766542932329517
22345,0.9792492179353494,0.4233457067670483,0.5766542932329517
22346,0.9792492179353494,0.42338056150990744,0.5766194384900926
22347,0.9792665971498088,0.42338056150990744,0.5766194384900926
22348,0.9792665971498088,0.4235025531099144,0.5764974468900856
22349,0.9792839763642683,0.4235025531099144,0.5764974468900856
22350,0.9792839763642683,0.423519980481344,0.576480019518656
22351,0.9793013555787279,0.423519980481344,0.576480019518656
22352,0.9793013555787279,0.4236768268242101,0.5763231731757898
22353,0.9793187347931873,0.4236768268242101,0.5763231731757898
22354,0.9793187347931873,0.4237813910527875,0.5762186089472126
22355,0.9793361140076469,0.4237813910527875,0.5762186089472126
22356,0.9793361140076469,0.42379881842421707,0.5762011815757829
22357,0.9793534932221064,0.42379881842421707,0.5762011815757829
22358,0.9793534932221064,0.42392081002422405,0.576079189975776
22359,0.9793708724365658,0.42392081002422405,0.576079189975776
22360,0.9793708724365658,0.42402537425280146,0.5759746257471985
22361,0.9793882516510254,0.42402537425280146,0.5759746257471985
22362,0.9793882516510254,0.424164793224238,0.5758352067757619
22363,0.9794230100799444,0.424164793224238,0.5758352067757619
22364,0.9794230100799444,0.4247224691099841,0.5752775308900159
22365,0.9794403892944039,0.4247224691099841,0.5752775308900159
22366,0.9794403892944039,0.42498387968142765,0.5750161203185724
22367,0.9794577685088633,0.42498387968142765,0.5750161203185724
22368,0.9794577685088633,0.4250187344242868,0.5749812655757132
22369,0.9794751477233229,0.4250187344242868,0.5749812655757132
22370,0.9794751477233229,0.4251581533957233,0.5748418466042766
22371,0.9794925269377824,0.4251581533957233,0.5748418466042766
22372,0.9794925269377824,0.4253847092243077,0.5746152907756923
22373,0.9795099061522419,0.4253847092243077,0.5746152907756923
22374,0.9795099061522419,0.4254369913385964,0.5745630086614035
22375,0.9795272853667014,0.4254369913385964,0.5745630086614035
22376,0.9795272853667014,0.42564611979575123,0.5743538802042487
22377,0.979544664581161,0.42564611979575123,0.5743538802042487
22378,0.979544664581161,0.4257855387671877,0.5742144612328123
22379,0.9795620437956204,0.4257855387671877,0.5742144612328123
22380,0.9795620437956204,0.42582039351004686,0.5741796064899531
22381,0.9795794230100799,0.42582039351004686,0.5741796064899531
22382,0.9795794230100799,0.42587267562433556,0.5741273243756644
22383,0.9795968022245395,0.42587267562433556,0.5741273243756644
22384,0.9795968022245395,0.42589010299576513,0.5741098970042349
22385,0.9796141814389989,0.42589010299576513,0.5741098970042349
22386,0.9796141814389989,0.4260295219672017,0.5739704780327983
22387,0.9796315606534585,0.4260295219672017,0.5739704780327983
22388,0.9796315606534585,0.4261863683100678,0.5738136316899323
22389,0.979648939867918,0.4261863683100678,0.5738136316899323
22390,0.979648939867918,0.4262212230529269,0.573778776947073
22391,0.9796663190823774,0.4262212230529269,0.573778776947073
22392,0.9796663190823774,0.42641292413865217,0.5735870758613478
22393,0.979683698296837,0.42641292413865217,0.5735870758613478
22394,0.979683698296837,0.4265523431100887,0.5734476568899113
22395,0.9797010775112965,0.4265523431100887,0.5734476568899113
22396,0.9797010775112965,0.42670918945295483,0.5732908105470451
22397,0.979718456725756,0.42670918945295483,0.5732908105470451
22398,0.979718456725756,0.42686603579582094,0.5731339642041791
22399,0.9797358359402155,0.42686603579582094,0.5731339642041791
22400,0.9797358359402155,0.4268834631672505,0.5731165368327495
22401,0.9797532151546751,0.4268834631672505,0.5731165368327495
22402,0.9797532151546751,0.4269706000243983,0.5730293999756018
22403,0.9797705943691345,0.4269706000243983,0.5730293999756018
22404,0.9797705943691345,0.42731914745298966,0.5726808525470104
22405,0.979787973583594,0.42731914745298966,0.5726808525470104
22406,0.979787973583594,0.4274062843101375,0.5725937156898625
22407,0.9798053527980535,0.4274062843101375,0.5725937156898625
22408,0.9798053527980535,0.4276154127672923,0.5723845872327077
22409,0.979822732012513,0.4276154127672923,0.5723845872327077
22410,0.979822732012513,0.42765026751015145,0.5723497324898486
22411,0.9798748696558915,0.42765026751015145,0.5723497324898486
22412,0.9798748696558915,0.42782454122444713,0.5721754587755529
22413,0.9799096280848105,0.42782454122444713,0.5721754587755529
22414,0.9799096280848105,0.42798138756731324,0.5720186124326867
22415,0.9799270072992701,0.42798138756731324,0.5720186124326867
22416,0.9799270072992701,0.4281382339101793,0.5718617660898206
22417,0.9799443865137296,0.4281382339101793,0.5718617660898206
22418,0.9799443865137296,0.4286959097959255,0.5713040902040745
22419,0.9799791449426486,0.4286959097959255,0.5713040902040745
22420,0.9799791449426486,0.4289050382530803,0.5710949617469196
22421,0.9799965241571081,0.4289050382530803,0.5710949617469196
22422,0.9799965241571081,0.428957320367369,0.571042679632631
22423,0.9800139033715676,0.428957320367369,0.571042679632631
22424,0.9800139033715676,0.42897474773879857,0.5710252522612014
22425,0.9800312825860271,0.42897474773879857,0.5710252522612014
22426,0.9800312825860271,0.4290618845959464,0.5709381154040536
22427,0.9800486618004867,0.4290618845959464,0.5709381154040536
22428,0.9800486618004867,0.42925358568167166,0.5707464143183283
22429,0.9800660410149461,0.42925358568167166,0.5707464143183283
22430,0.9800660410149461,0.4293407225388195,0.5706592774611805
22431,0.9801007994438652,0.4293407225388195,0.5706592774611805
22432,0.9801007994438652,0.4294627141388264,0.5705372858611736
22433,0.9801181786583246,0.4294627141388264,0.5705372858611736
22434,0.9801181786583246,0.429480141510256,0.570519858489744
22435,0.9801355578727842,0.429480141510256,0.570519858489744
22436,0.9801355578727842,0.42967184259598123,0.5703281574040188
22437,0.9801529370872436,0.42967184259598123,0.5703281574040188
22438,0.9801529370872436,0.42970669733884037,0.5702933026611596
22439,0.9801703163017031,0.42970669733884037,0.5702933026611596
22440,0.9801703163017031,0.42982868893884735,0.5701713110611526
22441,0.9801876955161627,0.42982868893884735,0.5701713110611526
22442,0.9801876955161627,0.4298461163102769,0.5701538836897231
22443,0.9802050747306221,0.4298461163102769,0.5701538836897231
22444,0.9802050747306221,0.42988097105313605,0.570119028946864
22445,0.9802224539450817,0.42988097105313605,0.570119028946864
22446,0.9802224539450817,0.42998553528171346,0.5700144647182865
22447,0.9802398331595412,0.42998553528171346,0.5700144647182865
22448,0.9802398331595412,0.43003781739600216,0.5699621826039978
22449,0.9802572123740007,0.43003781739600216,0.5699621826039978
22450,0.9802572123740007,0.43015980899600914,0.5698401910039909
22451,0.9802745915884602,0.43015980899600914,0.5698401910039909
22452,0.9802745915884602,0.4302818005960161,0.5697181994039839
22453,0.9802919708029197,0.4302818005960161,0.5697181994039839
22454,0.9802919708029197,0.43036893745316396,0.569631062546836
22455,0.9803267292318387,0.43036893745316396,0.569631062546836
22456,0.9803267292318387,0.4304037921960231,0.5695962078039769
22457,0.9803441084462983,0.4304037921960231,0.5695962078039769
22458,0.9803441084462983,0.4305954932817483,0.5694045067182517
22459,0.9803614876607577,0.4305954932817483,0.5694045067182517
22460,0.9803614876607577,0.43061292065317786,0.5693870793468221
22461,0.9803962460896768,0.43061292065317786,0.5693870793468221
22462,0.9803962460896768,0.4309614680817692,0.5690385319182307
22463,0.9804136253041362,0.4309614680817692,0.5690385319182307
22464,0.9804136253041362,0.4310660323103466,0.5689339676896534
22465,0.9804310045185958,0.4310660323103466,0.5689339676896534
22466,0.9804310045185958,0.43110088705320576,0.5688991129467942
22467,0.9804483837330553,0.43110088705320576,0.5688991129467942
22468,0.9804483837330553,0.43120545128178317,0.5687945487182169
22469,0.9804657629475148,0.43120545128178317,0.5687945487182169
22470,0.9804657629475148,0.4312403060246423,0.5687596939753576
22471,0.9804831421619743,0.4312403060246423,0.5687596939753576
22472,0.9804831421619743,0.43132744288179015,0.5686725571182099
22473,0.9805005213764337,0.43132744288179015,0.5686725571182099
22474,0.9805005213764337,0.4313448702532197,0.5686551297467803
22475,0.9805179005908933,0.4313448702532197,0.5686551297467803
22476,0.9805179005908933,0.4315191439675154,0.5684808560324845
22477,0.9805352798053528,0.4315191439675154,0.5684808560324845
22478,0.9805352798053528,0.4315714260818041,0.5684285739181959
22479,0.9805526590198123,0.4315714260818041,0.5684285739181959
22480,0.9805526590198123,0.43164113556752237,0.5683588644324776
22481,0.9805874174487313,0.43164113556752237,0.5683588644324776
22482,0.9805874174487313,0.43188511876753627,0.5681148812324637
22483,0.9806047966631908,0.43188511876753627,0.5681148812324637
22484,0.9806047966631908,0.4319199735103954,0.5680800264896047
22485,0.9806221758776503,0.4319199735103954,0.5680800264896047
22486,0.9806221758776503,0.4319896829961137,0.5680103170038864
22487,0.9806395550921099,0.4319896829961137,0.5680103170038864
22488,0.9806395550921099,0.43205939248183195,0.5679406075181681
22489,0.9806569343065693,0.43205939248183195,0.5679406075181681
22490,0.9806569343065693,0.43226852093898677,0.5677314790610133
22491,0.9806743135210289,0.43226852093898677,0.5677314790610133
22492,0.9806743135210289,0.43259964099614856,0.5674003590038514
22493,0.9806916927354884,0.43259964099614856,0.5674003590038514
22494,0.9806916927354884,0.4328087694533034,0.5671912305466966
22495,0.9807090719499478,0.4328087694533034,0.5671912305466966
22496,0.9807090719499478,0.43293076105331035,0.5670692389466896
22497,0.9807264511644074,0.43293076105331035,0.5670692389466896
22498,0.9807264511644074,0.4332095989961834,0.5667904010038166
22499,0.9807438303788669,0.4332095989961834,0.5667904010038166
22500,0.9807438303788669,0.4333141632247608,0.5666858367752392
22501,0.9807612095933264,0.4333141632247608,0.5666858367752392
22502,0.9807612095933264,0.433627855910493,0.566372144089507
22503,0.9807785888077859,0.433627855910493,0.566372144089507
22504,0.9807785888077859,0.43376727488192957,0.5662327251180704
22505,0.9808133472367049,0.43376727488192957,0.5662327251180704
22506,0.9808133472367049,0.43394154859622525,0.5660584514037748
22507,0.9808307264511644,0.43394154859622525,0.5660584514037748
22508,0.9808307264511644,0.4339589759676548,0.5660410240323452
22509,0.9808481056656239,0.4339589759676548,0.5660410240323452
22510,0.9808481056656239,0.43409839493909136,0.5659016050609087
22511,0.9808654848800834,0.43409839493909136,0.5659016050609087
22512,0.9808654848800834,0.4341158223105209,0.5658841776894791
22513,0.9809002433090024,0.4341158223105209,0.5658841776894791
22514,0.9809002433090024,0.43441208762482353,0.5655879123751765
22515,0.9809350017379215,0.43441208762482353,0.5655879123751765
22516,0.9809350017379215,0.4348129171677036,0.5651870828322965
22517,0.9809523809523809,0.4348129171677036,0.5651870828322965
22518,0.9809523809523809,0.43483034453913316,0.5651696554608668
22519,0.9809697601668405,0.43483034453913316,0.5651696554608668
22520,0.9809697601668405,0.4351266098534358,0.5648733901465641
22521,0.9809871393813,0.4351266098534358,0.5648733901465641
22522,0.9809871393813,0.43516146459629496,0.5648385354037051
22523,0.9810045185957594,0.43516146459629496,0.5648385354037051
22524,0.9810045185957594,0.43538802042487934,0.5646119795751207
22525,0.981021897810219,0.43538802042487934,0.5646119795751207
22526,0.981021897810219,0.43563200362489324,0.5643679963751067
22527,0.9810392770246785,0.43563200362489324,0.5643679963751067
22528,0.9810392770246785,0.4358237047106185,0.5641762952893815
22529,0.981056656239138,0.4358237047106185,0.5641762952893815
22530,0.981056656239138,0.4361548247677803,0.5638451752322198
22531,0.981091414668057,0.4361548247677803,0.5638451752322198
22532,0.981091414668057,0.43632909848207596,0.563670901517924
22533,0.9811087938825165,0.43632909848207596,0.563670901517924
22534,0.9811087938825165,0.43634652585350553,0.5636534741464945
22535,0.9811435523114356,0.43634652585350553,0.5636534741464945
22536,0.9811435523114356,0.4367125006535264,0.5632874993464736
22537,0.981160931525895,0.4367125006535264,0.5632874993464736
22538,0.981160931525895,0.43672992802495597,0.5632700719750441
22539,0.9811783107403546,0.43672992802495597,0.5632700719750441
22540,0.9811783107403546,0.4371481849392656,0.5628518150607345
22541,0.981195689954814,0.4371481849392656,0.5628518150607345
22542,0.981195689954814,0.4374270228821387,0.5625729771178614
22543,0.9812130691692735,0.4374270228821387,0.5625729771178614
22544,0.9812130691692735,0.43749673236785697,0.5625032676321431
22545,0.9812478275981925,0.43749673236785697,0.5625032676321431
22546,0.9812478275981925,0.43772328819644135,0.5622767118035586
22547,0.9812652068126521,0.43772328819644135,0.5622767118035586
22548,0.9812652068126521,0.4379324166535961,0.5620675833464039
22549,0.9812825860271116,0.4379324166535961,0.5620675833464039
22550,0.9812825860271116,0.43796727139645525,0.5620327286035447
22551,0.9812825860271116,0.4380021261393144,0.5619978738606857
22552,0.981299965241571,0.4380021261393144,0.5619978738606857
22553,0.981299965241571,0.4380892629964622,0.5619107370035378
22554,0.9813173444560306,0.4380892629964622,0.5619107370035378
22555,0.9813173444560306,0.43812411773932136,0.5618758822606786
22556,0.9813347236704901,0.43812411773932136,0.5618758822606786
22557,0.9813347236704901,0.4383158188250466,0.5616841811749533
22558,0.9813694820994091,0.4383158188250466,0.5616841811749533
22559,0.9813694820994091,0.4383681009393353,0.5616318990606647
22560,0.9813868613138687,0.4383681009393353,0.5616318990606647
22561,0.9813868613138687,0.43855980202506056,0.5614401979749395
22562,0.9814042405283281,0.43855980202506056,0.5614401979749395
22563,0.9814042405283281,0.43861208413934927,0.5613879158606507
22564,0.9814216197427876,0.43861208413934927,0.5613879158606507
22565,0.9814216197427876,0.4389257768250815,0.5610742231749185
22566,0.9814389989572472,0.4389257768250815,0.5610742231749185
22567,0.9814389989572472,0.43918718739652496,0.560812812603475
22568,0.9814563781717066,0.43918718739652496,0.560812812603475
22569,0.9814563781717066,0.43967515379655286,0.5603248462034471
22570,0.9814737573861662,0.43967515379655286,0.5603248462034471
22571,0.9814737573861662,0.43974486328227114,0.5602551367177289
22572,0.9814911366006257,0.43974486328227114,0.5602551367177289
22573,0.9814911366006257,0.4398668548822781,0.5601331451177218
22574,0.9815085158150851,0.4398668548822781,0.5601331451177218
22575,0.9815085158150851,0.43990170962513725,0.5600982903748628
22576,0.9815258950295447,0.43990170962513725,0.5600982903748628
22577,0.9815258950295447,0.44007598333943293,0.559924016660567
22578,0.9815432742440041,0.44007598333943293,0.559924016660567
22579,0.9815432742440041,0.44016312019658077,0.5598368798034192
22580,0.9815432742440041,0.4401979749394399,0.5598020250605601
22581,0.9815432742440041,0.4402502570537286,0.5597497429462714
22582,0.9815606534584637,0.4402502570537286,0.5597497429462714
22583,0.9815606534584637,0.44045938551088337,0.5595406144891166
22584,0.9815780326729232,0.44045938551088337,0.5595406144891166
22585,0.9815780326729232,0.4405116676251721,0.5594883323748279
22586,0.9815954118873826,0.4405116676251721,0.5594883323748279
22587,0.9815954118873826,0.44058137711089035,0.5594186228891096
22588,0.9816127911018422,0.44058137711089035,0.5594186228891096
22589,0.9816127911018422,0.44068594133946776,0.5593140586605323
22590,0.9816301703163017,0.44068594133946776,0.5593140586605323
22591,0.9816301703163017,0.44080793293947473,0.5591920670605253
22592,0.9816475495307612,0.44080793293947473,0.5591920670605253
22593,0.9816475495307612,0.440877642425193,0.559122357574807
22594,0.9816649287452207,0.440877642425193,0.559122357574807
22595,0.9816649287452207,0.4413133267109322,0.5586866732890678
22596,0.9816996871741397,0.4413133267109322,0.5586866732890678
22597,0.9816996871741397,0.4413656088252209,0.5586343911747791
22598,0.9817170663885992,0.4413656088252209,0.5586343911747791
22599,0.9817170663885992,0.44145274568236875,0.5585472543176313
22600,0.9817344456030588,0.44145274568236875,0.5585472543176313
22601,0.9817344456030588,0.4417664383681009,0.5582335616318991
22602,0.9817518248175182,0.4417664383681009,0.5582335616318991
22603,0.9817518248175182,0.4422718321395584,0.5577281678604415
22604,0.9817692040319778,0.4422718321395584,0.5577281678604415
22605,0.9817692040319778,0.4426552343110089,0.5573447656889912
22606,0.9817865832464373,0.4426552343110089,0.5573447656889912
22607,0.9817865832464373,0.44269008905386803,0.5573099109461319
22608,0.9818039624608967,0.44269008905386803,0.5573099109461319
22609,0.9818039624608967,0.4428817901395932,0.5571182098604068
22610,0.9818387208898158,0.4428817901395932,0.5571182098604068
22611,0.9818387208898158,0.4429514996253115,0.5570485003746886
22612,0.9818561001042753,0.4429514996253115,0.5570485003746886
22613,0.9818561001042753,0.44319548282532545,0.5568045171746745
22614,0.9818734793187348,0.44319548282532545,0.5568045171746745
22615,0.9818734793187348,0.44340461128248027,0.5565953887175197
22616,0.9818908585331944,0.44340461128248027,0.5565953887175197
22617,0.9818908585331944,0.4435963123682055,0.5564036876317945
22618,0.9819082377476538,0.4435963123682055,0.5564036876317945
22619,0.9819082377476538,0.4437183039682125,0.5562816960317876
22620,0.9819256169621133,0.4437183039682125,0.5562816960317876
22621,0.9819256169621133,0.4437531587110716,0.5562468412889283
22622,0.9819429961765728,0.4437531587110716,0.5562468412889283
22623,0.9819429961765728,0.4438228681967899,0.55617713180321
22624,0.9819603753910323,0.4438228681967899,0.55617713180321
22625,0.9819603753910323,0.4439274324253673,0.5560725675746327
22626,0.9819951338199513,0.4439274324253673,0.5560725675746327
22627,0.9819951338199513,0.44413656088252207,0.5558634391174779
22628,0.9820125130344108,0.44413656088252207,0.5558634391174779
22629,0.9820125130344108,0.4447813736254161,0.555218626374584
22630,0.9820298922488704,0.4447813736254161,0.555218626374584
22631,0.9820298922488704,0.44497307471114134,0.5550269252888587
22632,0.9820472714633298,0.44497307471114134,0.5550269252888587
22633,0.9820472714633298,0.44507763893971874,0.5549223610602813
22634,0.9820646506777894,0.44507763893971874,0.5549223610602813
22635,0.9820646506777894,0.445670169568324,0.5543298304316759
22636,0.9820820298922489,0.445670169568324,0.5543298304316759
22637,0.9820820298922489,0.4458444432826197,0.5541555567173804
22638,0.9820994091067083,0.4458444432826197,0.5541555567173804
22639,0.9820994091067083,0.4459490075111971,0.5540509924888029
22640,0.9821167883211679,0.4459490075111971,0.5540509924888029
22641,0.9821167883211679,0.4461581359683519,0.553841864031648
22642,0.9821341675356274,0.4461581359683519,0.553841864031648
22643,0.9821341675356274,0.4462801275683589,0.5537198724316411
22644,0.9821515467500869,0.4462801275683589,0.5537198724316411
22645,0.9821515467500869,0.44629755493978845,0.5537024450602115
22646,0.9821689259645464,0.44629755493978845,0.5537024450602115
22647,0.9821689259645464,0.446314982311218,0.553685017688782
22648,0.982186305179006,0.446314982311218,0.553685017688782
22649,0.982186305179006,0.4465241107683728,0.5534758892316272
22650,0.9822210636079249,0.4465241107683728,0.5534758892316272
22651,0.9822210636079249,0.4470469319112598,0.5529530680887402
22652,0.9822384428223845,0.4470469319112598,0.5529530680887402
22653,0.9822384428223845,0.4472212056255555,0.5527787943744444
22654,0.9822558220368439,0.4472212056255555,0.5527787943744444
22655,0.9822558220368439,0.4472386329969851,0.5527613670030149
22656,0.9822732012513035,0.4472386329969851,0.5527613670030149
22657,0.9822732012513035,0.4473431972255625,0.5526568027744375
22658,0.9822905804657629,0.4473431972255625,0.5526568027744375
22659,0.9822905804657629,0.4477963088827312,0.5522036911172687
22660,0.9823079596802224,0.4477963088827312,0.5522036911172687
22661,0.9823079596802224,0.448005437339886,0.5519945626601139
22662,0.982325338894682,0.448005437339886,0.5519945626601139
22663,0.982325338894682,0.44814485631132256,0.5518551436886774
22664,0.9823427181091414,0.44814485631132256,0.5518551436886774
22665,0.9823427181091414,0.4481797110541817,0.5518202889458184
22666,0.982360097323601,0.4481797110541817,0.5518202889458184
22667,0.982360097323601,0.4483365573970478,0.5516634426029522
22668,0.9823774765380605,0.4483365573970478,0.5516634426029522
22669,0.9823774765380605,0.44842369425419565,0.5515763057458043
22670,0.98239485575252,0.44842369425419565,0.5515763057458043
22671,0.98239485575252,0.44926020808281486,0.5507397919171851
22672,0.982429614181439,0.44926020808281486,0.5507397919171851
22673,0.982429614181439,0.449295062825674,0.550704937174326
22674,0.9824469933958985,0.449295062825674,0.550704937174326
22675,0.9824469933958985,0.44931249019710356,0.5506875098028965
22676,0.982464372610358,0.44931249019710356,0.5506875098028965
22677,0.982464372610358,0.44936477231139227,0.5506352276886077
22678,0.9824817518248176,0.44936477231139227,0.5506352276886077
22679,0.9824817518248176,0.4494519091685401,0.55054809083146
22680,0.982499131039277,0.4494519091685401,0.55054809083146
22681,0.982499131039277,0.4497830292257019,0.5502169707742981
22682,0.9825165102537365,0.4497830292257019,0.5502169707742981
22683,0.9825165102537365,0.44992244819713845,0.5500775518028616
22684,0.9825512686826555,0.44992244819713845,0.5500775518028616
22685,0.9825512686826555,0.4502012861400115,0.5497987138599885
22686,0.9825686478971151,0.4502012861400115,0.5497987138599885
22687,0.9825686478971151,0.4502535682543002,0.5497464317456998
22688,0.9825860271115746,0.4502535682543002,0.5497464317456998
22689,0.9825860271115746,0.4504104145971663,0.5495895854028336
22690,0.982603406326034,0.4504104145971663,0.5495895854028336
22691,0.982603406326034,0.45048012408288457,0.5495198759171154
22692,0.9826207855404936,0.45048012408288457,0.5495198759171154
22693,0.9826207855404936,0.45054983356860284,0.5494501664313971
22694,0.982638164754953,0.45054983356860284,0.5494501664313971
22695,0.982638164754953,0.45065439779718025,0.5493456022028198
22696,0.9826555439694126,0.45065439779718025,0.5493456022028198
22697,0.9826555439694126,0.45070667991146895,0.549293320088531
22698,0.9826729231838721,0.45070667991146895,0.549293320088531
22699,0.9826729231838721,0.4507241072828985,0.5492758927171015
22700,0.9826903023983315,0.4507241072828985,0.5492758927171015
22701,0.9826903023983315,0.4507415346543281,0.5492584653456719
22702,0.9827076816127911,0.4507415346543281,0.5492584653456719
22703,0.9827076816127911,0.4507938167686168,0.5492061832313833
22704,0.9827250608272506,0.4507938167686168,0.5492061832313833
22705,0.9827250608272506,0.45086352625433507,0.549136473745665
22706,0.9827598192561696,0.45086352625433507,0.549136473745665
22707,0.9827598192561696,0.45088095362576464,0.5491190463742354
22708,0.9827771984706292,0.45088095362576464,0.5491190463742354
22709,0.9827771984706292,0.45133406528293335,0.5486659347170666
22710,0.9827771984706292,0.4513689200257925,0.5486310799742076
22711,0.9827771984706292,0.45159547585437687,0.5484045241456231
22712,0.9827945776850886,0.45159547585437687,0.5484045241456231
22713,0.9827945776850886,0.4516477579686656,0.5483522420313345
22714,0.9828119568995481,0.4516477579686656,0.5483522420313345
22715,0.9828119568995481,0.45197887802582737,0.5480211219741726
22716,0.9828293361140077,0.45197887802582737,0.5480211219741726
22717,0.9828293361140077,0.45215315174012305,0.547846848259877
22718,0.9828467153284671,0.45215315174012305,0.547846848259877
22719,0.9828467153284671,0.452919956083024,0.5470800439169761
22720,0.9828640945429267,0.452919956083024,0.5470800439169761
22721,0.9828640945429267,0.45293738345445356,0.5470626165455464
22722,0.9828814737573862,0.45293738345445356,0.5470626165455464
22723,0.9828814737573862,0.4530245203116014,0.5469754796883985
22724,0.9828988529718456,0.4530245203116014,0.5469754796883985
22725,0.9828988529718456,0.4531465119116084,0.5468534880883916
22726,0.9829162321863052,0.4531465119116084,0.5468534880883916
22727,0.9829162321863052,0.4532336487687562,0.5467663512312437
22728,0.9829336114007647,0.4532336487687562,0.5467663512312437
22729,0.9829336114007647,0.45349505934019974,0.5465049406598003
22730,0.9829509906152242,0.45349505934019974,0.5465049406598003
22731,0.9829509906152242,0.45352991408305887,0.5464700859169411
22732,0.9829683698296837,0.45352991408305887,0.5464700859169411
22733,0.9829683698296837,0.4536344783116363,0.5463655216883637
22734,0.9829857490441432,0.4536344783116363,0.5463655216883637
22735,0.9829857490441432,0.45370418779735455,0.5462958122026454
22736,0.9830031282586027,0.45370418779735455,0.5462958122026454
22737,0.9830031282586027,0.4539830257402276,0.5460169742597725
22738,0.9830205074730622,0.4539830257402276,0.5460169742597725
22739,0.9830205074730622,0.4544012826545372,0.5455987173454628
22740,0.9830378866875217,0.4544012826545372,0.5455987173454628
22741,0.9830378866875217,0.45459298374026247,0.5454070162597375
22742,0.9830552659019812,0.45459298374026247,0.5454070162597375
22743,0.9830552659019812,0.45461041111169204,0.545389588888308
22744,0.9830726451164408,0.45461041111169204,0.545389588888308
22745,0.9830726451164408,0.45466269322598074,0.5453373067740193
22746,0.9830900243309002,0.45466269322598074,0.5453373067740193
22747,0.9830900243309002,0.45471497534026944,0.5452850246597305
22748,0.9831074035453597,0.45471497534026944,0.5452850246597305
22749,0.9831074035453597,0.4548021121974173,0.5451978878025827
22750,0.9831247827598193,0.4548021121974173,0.5451978878025827
22751,0.9831247827598193,0.4549763859117129,0.5450236140882871
22752,0.9831421619742787,0.4549763859117129,0.5450236140882871
22753,0.9831421619742787,0.455255223854586,0.5447447761454141
22754,0.9831595411887383,0.455255223854586,0.5447447761454141
22755,0.9831595411887383,0.45572576288318434,0.5442742371168157
22756,0.9831769204031978,0.45572576288318434,0.5442742371168157
22757,0.9831769204031978,0.4558651818546209,0.5441348181453791
22758,0.9831942996176573,0.4558651818546209,0.5441348181453791
22759,0.9831942996176573,0.4559174639689096,0.5440825360310904
22760,0.9832116788321168,0.4559174639689096,0.5440825360310904
22761,0.9832116788321168,0.45640543036893744,0.5435945696310626
22762,0.9832290580465763,0.45640543036893744,0.5435945696310626
22763,0.9832290580465763,0.45678883254038793,0.5432111674596121
22764,0.9832464372610358,0.45678883254038793,0.5432111674596121
22765,0.9832464372610358,0.45705024311183146,0.5429497568881685
22766,0.9832638164754953,0.45705024311183146,0.5429497568881685
22767,0.9832638164754953,0.45745107265471147,0.5425489273452886
22768,0.9832811956899549,0.45745107265471147,0.5425489273452886
22769,0.9832811956899549,0.45750335476900017,0.5424966452309998
22770,0.9833333333333333,0.45750335476900017,0.5424966452309998
22771,0.9833333333333333,0.4576079189975776,0.5423920810024224
22772,0.9833507125477928,0.4576079189975776,0.5423920810024224
22773,0.9833507125477928,0.45800874854045764,0.5419912514595424
22774,0.9833680917622524,0.45800874854045764,0.5419912514595424
22775,0.9833680917622524,0.4583050138547603,0.5416949861452397
22776,0.9833854709767118,0.4583050138547603,0.5416949861452397
22777,0.9833854709767118,0.458479287569056,0.541520712430944
22778,0.9834028501911714,0.458479287569056,0.541520712430944
22779,0.9834028501911714,0.45863613391192204,0.541363866088078
22780,0.9834202294056309,0.45863613391192204,0.541363866088078
22781,0.9834202294056309,0.4586709886547812,0.5413290113452188
22782,0.9834376086200903,0.4586709886547812,0.5413290113452188
22783,0.9834376086200903,0.4590543908262317,0.5409456091737683
22784,0.9834549878345499,0.4590543908262317,0.5409456091737683
22785,0.9834549878345499,0.4590892455690908,0.5409107544309092
22786,0.9834723670490094,0.4590892455690908,0.5409107544309092
22787,0.9834723670490094,0.45922866454052735,0.5407713354594726
22788,0.9834897462634689,0.45922866454052735,0.5407713354594726
22789,0.9834897462634689,0.45940293825482303,0.540597061745177
22790,0.9835071254779284,0.45940293825482303,0.540597061745177
22791,0.9835071254779284,0.46001289625485786,0.5399871037451421
22792,0.9835418839068474,0.46001289625485786,0.5399871037451421
22793,0.9835418839068474,0.46006517836914657,0.5399348216308535
22794,0.9835766423357665,0.46006517836914657,0.5399348216308535
22795,0.9835766423357665,0.46008260574057613,0.5399173942594239
22796,0.9835940215502259,0.46008260574057613,0.5399173942594239
22797,0.9835940215502259,0.46013488785486484,0.5398651121451352
22798,0.9835940215502259,0.460169742597724,0.539830257402276
22799,0.9835940215502259,0.4602045973405831,0.539795402659417
22800,0.9836114007646855,0.4602045973405831,0.539795402659417
22801,0.9836114007646855,0.46034401631201965,0.5396559836879804
22802,0.983628779979145,0.46034401631201965,0.5396559836879804
22803,0.983628779979145,0.4603614436834492,0.5396385563165508
22804,0.9836461591936044,0.4603614436834492,0.5396385563165508
22805,0.9836461591936044,0.46067513636918145,0.5393248636308186
22806,0.983663538408064,0.46067513636918145,0.5393248636308186
22807,0.983663538408064,0.4607099911120406,0.5392900088879594
22808,0.9836809176225234,0.4607099911120406,0.5392900088879594
22809,0.9836809176225234,0.46135480385493455,0.5386451961450655
22810,0.983698296836983,0.46135480385493455,0.5386451961450655
22811,0.983698296836983,0.46189505236925116,0.5381049476307489
22812,0.9837156760514425,0.46189505236925116,0.5381049476307489
22813,0.9837156760514425,0.46196476185496943,0.5380352381450306
22814,0.9837330552659019,0.46196476185496943,0.5380352381450306
22815,0.9837330552659019,0.4621390355692651,0.5378609644307348
22816,0.9837504344803615,0.4621390355692651,0.5378609644307348
22817,0.9837504344803615,0.4621913176835538,0.5378086823164462
22818,0.9837851929092805,0.4621913176835538,0.5378086823164462
22819,0.9837851929092805,0.46236559139784944,0.5376344086021505
22820,0.98380257212374,0.46236559139784944,0.5376344086021505
22821,0.98380257212374,0.462505010369286,0.537494989630714
22822,0.9838199513381995,0.462505010369286,0.537494989630714
22823,0.9838199513381995,0.46273156619787037,0.5372684338021296
22824,0.9838547097671185,0.46273156619787037,0.5372684338021296
22825,0.9838547097671185,0.4628361304264478,0.5371638695735522
22826,0.9838720889815781,0.4628361304264478,0.5371638695735522
22827,0.9838720889815781,0.4634286610550531,0.5365713389449469
22828,0.9838894681960375,0.4634286610550531,0.5365713389449469
22829,0.9838894681960375,0.46348094316934174,0.5365190568306583
22830,0.983906847410497,0.46348094316934174,0.5365190568306583
22831,0.983906847410497,0.4635157979122009,0.5364842020877991
22832,0.9839242266249566,0.4635157979122009,0.5364842020877991
22833,0.9839242266249566,0.46363778951220785,0.5363622104877921
22834,0.983941605839416,0.46363778951220785,0.5363622104877921
22835,0.983941605839416,0.464317456997961,0.535682543002039
22836,0.9839589850538756,0.464317456997961,0.535682543002039
22837,0.9839589850538756,0.464840278140848,0.535159721859152
22838,0.9839763642683351,0.464840278140848,0.535159721859152
22839,0.9839763642683351,0.4649971244837141,0.5350028755162859
22840,0.9839937434827946,0.4649971244837141,0.5350028755162859
22841,0.9839937434827946,0.46508426134086195,0.5349157386591381
22842,0.9840111226972541,0.46508426134086195,0.5349157386591381
22843,0.9840111226972541,0.4651539708265802,0.5348460291734198
22844,0.9840285019117135,0.4651539708265802,0.5348460291734198
22845,0.9840285019117135,0.46557222774088985,0.5344277722591102
22846,0.9840458811261731,0.46557222774088985,0.5344277722591102
22847,0.9840458811261731,0.46574650145518554,0.5342534985448144
22848,0.9840806395550921,0.46574650145518554,0.5342534985448144
22849,0.9840806395550921,0.46578135619804467,0.5342186438019554
22850,0.9840980187695516,0.46578135619804467,0.5342186438019554
22851,0.9840980187695516,0.46579878356947424,0.5342012164305258
22852,0.9841153979840112,0.46579878356947424,0.5342012164305258
22853,0.9841153979840112,0.4664435963123682,0.5335564036876318
22854,0.9841501564129301,0.4664435963123682,0.5335564036876318
22855,0.9841501564129301,0.46653073316951604,0.5334692668304839
22856,0.9841849148418491,0.46653073316951604,0.5334692668304839
22857,0.9841849148418491,0.4666701521409526,0.5333298478590474
22858,0.9842022940563087,0.4666701521409526,0.5333298478590474
22859,0.9842022940563087,0.4669838448266848,0.5330161551733152
22860,0.9842196732707682,0.4669838448266848,0.5330161551733152
22861,0.9842196732707682,0.4672801101409874,0.5327198898590126
22862,0.9842370524852276,0.4672801101409874,0.5327198898590126
22863,0.9842370524852276,0.4673323922552761,0.5326676077447239
22864,0.9842544316996872,0.4673323922552761,0.5326676077447239
22865,0.9842544316996872,0.4673498196267057,0.5326501803732944
22866,0.9842718109141467,0.4673498196267057,0.5326501803732944
22867,0.9842718109141467,0.4675066659695718,0.5324933340304282
22868,0.9842891901286062,0.4675066659695718,0.5324933340304282
22869,0.9842891901286062,0.46757637545529007,0.5324236245447099
22870,0.9843065693430657,0.46757637545529007,0.5324236245447099
22871,0.9843065693430657,0.46785521339816316,0.5321447866018368
22872,0.9843239485575253,0.46785521339816316,0.5321447866018368
22873,0.9843239485575253,0.46802948711245884,0.5319705128875412
22874,0.9843413277719847,0.46802948711245884,0.5319705128875412
22875,0.9843413277719847,0.4683954619124797,0.5316045380875203
22876,0.9843587069864442,0.4683954619124797,0.5316045380875203
22877,0.9843587069864442,0.46843031665533885,0.5315696833446611
22878,0.9843760862009037,0.46843031665533885,0.5315696833446611
22879,0.9843760862009037,0.46865687248392324,0.5313431275160767
22880,0.9843934654153632,0.46865687248392324,0.5313431275160767
22881,0.9843934654153632,0.4686742998553528,0.5313257001446472
22882,0.9844282238442822,0.4686742998553528,0.5313257001446472
22883,0.9844282238442822,0.46881371882678935,0.5311862811732107
22884,0.9844456030587417,0.46881371882678935,0.5311862811732107
22885,0.9844456030587417,0.4691796936268103,0.5308203063731898
22886,0.9844629822732013,0.4691796936268103,0.5308203063731898
22887,0.9844629822732013,0.4693191125982468,0.5306808874017532
22888,0.9844803614876607,0.4693191125982468,0.5306808874017532
22889,0.9844803614876607,0.4693365399696764,0.5306634600303236
22890,0.9844977407021203,0.4693365399696764,0.5306634600303236
22891,0.9844977407021203,0.4694933863125425,0.5305066136874574
22892,0.9844977407021203,0.46952824105540164,0.5304717589445984
22893,0.9844977407021203,0.46966766002683813,0.5303323399731619
22894,0.9845151199165798,0.46966766002683813,0.5303323399731619
22895,0.9845151199165798,0.47013819905543647,0.5298618009445635
22896,0.9845324991310392,0.47013819905543647,0.5298618009445635
22897,0.9845324991310392,0.47020790854115474,0.5297920914588452
22898,0.9845498783454988,0.47020790854115474,0.5297920914588452
22899,0.9845498783454988,0.470277618026873,0.5297223819731269
22900,0.9845672575599583,0.470277618026873,0.5297223819731269
22901,0.9845672575599583,0.4706261654554644,0.5293738345445356
22902,0.9845846367744178,0.4706261654554644,0.5293738345445356
22903,0.9845846367744178,0.47074815705547135,0.5292518429445286
22904,0.9846020159888773,0.47074815705547135,0.5292518429445286
22905,0.9846020159888773,0.47078301179833043,0.5292169882016695
22906,0.9846193952033369,0.47078301179833043,0.5292169882016695
22907,0.9846193952033369,0.47099214025548525,0.5290078597445147
22908,0.9846367744177963,0.47099214025548525,0.5290078597445147
22909,0.9846367744177963,0.471445251912654,0.528554748087346
22910,0.9846541536322558,0.471445251912654,0.528554748087346
22911,0.9846541536322558,0.4717763719698158,0.5282236280301842
22912,0.9846715328467154,0.4717763719698158,0.5282236280301842
22913,0.9846715328467154,0.47186350882696365,0.5281364911730364
22914,0.9846889120611748,0.47186350882696365,0.5281364911730364
22915,0.9846889120611748,0.47191579094125236,0.5280842090587476
22916,0.9847062912756344,0.47191579094125236,0.5280842090587476
22917,0.9847062912756344,0.4719855004269706,0.5280144995730294
22918,0.9847236704900938,0.4719855004269706,0.5280144995730294
22919,0.9847236704900938,0.4720203551698297,0.5279796448301703
22920,0.9847410497045533,0.4720203551698297,0.5279796448301703
22921,0.9847410497045533,0.47275230476987157,0.5272476952301284
22922,0.9847584289190129,0.47275230476987157,0.5272476952301284
22923,0.9847584289190129,0.4731182795698925,0.5268817204301075
22924,0.9847758081334723,0.4731182795698925,0.5268817204301075
22925,0.9847758081334723,0.47344939962705423,0.5265506003729458
22926,0.9847931873479319,0.47344939962705423,0.5265506003729458
22927,0.9847931873479319,0.4738502291699343,0.5261497708300658
22928,0.9848105665623914,0.4738502291699343,0.5261497708300658
22929,0.9848105665623914,0.4739199386556526,0.5260800613443475
22930,0.9848279457768508,0.4739199386556526,0.5260800613443475
22931,0.9848279457768508,0.4741290671128074,0.5258709328871927
22932,0.9848453249913104,0.4741290671128074,0.5258709328871927
22933,0.9848453249913104,0.4741813492270961,0.5258186507729039
22934,0.9848627042057699,0.4741813492270961,0.5258186507729039
22935,0.9848627042057699,0.47419877659852566,0.5258012234014744
22936,0.9848800834202294,0.47419877659852566,0.5258012234014744
22937,0.9848800834202294,0.47425105871281437,0.5257489412871856
22938,0.9848800834202294,0.4742859134556735,0.5257140865443265
22939,0.9848800834202294,0.47432076819853264,0.5256792318014674
22940,0.9848974626346889,0.47432076819853264,0.5256792318014674
22941,0.9848974626346889,0.47444275979853956,0.5255572402014604
22942,0.9849148418491485,0.47444275979853956,0.5255572402014604
22943,0.9849148418491485,0.47451246928425783,0.5254875307157422
22944,0.9849322210636079,0.47451246928425783,0.5254875307157422
22945,0.9849322210636079,0.47493072619856747,0.5250692738014325
22946,0.9849496002780674,0.47493072619856747,0.5250692738014325
22947,0.9849496002780674,0.4750178630557153,0.5249821369442846
22948,0.984966979492527,0.4750178630557153,0.5249821369442846
22949,0.984966979492527,0.4751398546557223,0.5248601453442777
22950,0.9849843587069864,0.4751398546557223,0.5248601453442777
22951,0.9849843587069864,0.4753489831128771,0.5246510168871229
22952,0.985001737921446,0.4753489831128771,0.5246510168871229
22953,0.985001737921446,0.4755058294557432,0.5244941705442567
22954,0.9850191171359055,0.4755058294557432,0.5244941705442567
22955,0.9850191171359055,0.47559296631289105,0.524407033687109
22956,0.9850364963503649,0.47559296631289105,0.524407033687109
22957,0.9850364963503649,0.4756103936843206,0.5243896063156794
22958,0.9850538755648245,0.4756103936843206,0.5243896063156794
22959,0.9850538755648245,0.4759763684843415,0.5240236315156586
22960,0.9850712547792839,0.4759763684843415,0.5240236315156586
22961,0.9850712547792839,0.4763074885415033,0.5236925114584967
22962,0.9850886339937435,0.4763074885415033,0.5236925114584967
22963,0.9850886339937435,0.47632491591293286,0.5236750840870672
22964,0.985106013208203,0.47632491591293286,0.5236750840870672
22965,0.985106013208203,0.47637719802722156,0.5236228019727784
22966,0.9851233924226624,0.47637719802722156,0.5236228019727784
22967,0.9851233924226624,0.47648176225579897,0.523518237744201
22968,0.985140771637122,0.47648176225579897,0.523518237744201
22969,0.985140771637122,0.47665603597009465,0.5233439640299054
22970,0.9851581508515815,0.47665603597009465,0.5233439640299054
22971,0.9851581508515815,0.4767780275701016,0.5232219724298983
22972,0.9851929092805005,0.4767780275701016,0.5232219724298983
22973,0.9851929092805005,0.47700458339868596,0.522995416601314
22974,0.9852102884949601,0.47700458339868596,0.522995416601314
22975,0.9852102884949601,0.4772659939701295,0.5227340060298705
22976,0.9852276677094195,0.4772659939701295,0.5227340060298705
22977,0.9852276677094195,0.4773182760844182,0.5226817239155819
22978,0.985245046923879,0.4773182760844182,0.5226817239155819
22979,0.985245046923879,0.47750997717014343,0.5224900228298566
22980,0.9852624261383386,0.47750997717014343,0.5224900228298566
22981,0.9852624261383386,0.47756225928443213,0.5224377407155678
22982,0.985279805352798,0.4775796866558617,0.5224203133441383
22983,0.985279805352798,0.4779108067130235,0.5220891932869764
22984,0.9852971845672576,0.4779108067130235,0.5220891932869764
22985,0.9852971845672576,0.47798051619874177,0.5220194838012582
22986,0.9853145637817171,0.47798051619874177,0.5220194838012582
22987,0.9853145637817171,0.4783813457416218,0.5216186542583783
22988,0.9853319429961765,0.4783813457416218,0.5216186542583783
22989,0.9853319429961765,0.47839877311305135,0.5216012268869487
22990,0.9853493222106361,0.47839877311305135,0.5216012268869487
22991,0.9853493222106361,0.47909586797023407,0.5209041320297659
22992,0.9853840806395551,0.47909586797023407,0.5209041320297659
22993,0.9853840806395551,0.4791307227130932,0.5208692772869068
22994,0.9854014598540146,0.4791307227130932,0.5208692772869068
22995,0.9854014598540146,0.4796535438559802,0.5203464561440199
22996,0.985418839068474,0.4796535438559802,0.5203464561440199
22997,0.985418839068474,0.4797581080845576,0.5202418919154423
22998,0.9854362182829336,0.4797581080845576,0.5202418919154423
22999,0.9854362182829336,0.4798103901988463,0.5201896098011537
23000,0.9854535974973931,0.4798103901988463,0.5201896098011537
23001,0.9854535974973931,0.4803680660845925,0.5196319339154075
23002,0.9854709767118526,0.4803680660845925,0.5196319339154075
23003,0.9854709767118526,0.480507485056029,0.519492514943971
23004,0.9854883559263121,0.480507485056029,0.519492514943971
23005,0.9854883559263121,0.48080375037033163,0.5191962496296684
23006,0.9854883559263121,0.48083860511319076,0.5191613948868092
23007,0.9854883559263121,0.4811871525417821,0.5188128474582179
23008,0.9855057351407717,0.4811871525417821,0.5188128474582179
23009,0.9855057351407717,0.48155312734180306,0.518446872658197
23010,0.9855404935696906,0.48155312734180306,0.518446872658197
23011,0.9855404935696906,0.4816402641989509,0.5183597358010491
23012,0.9855578727841502,0.4816402641989509,0.5183597358010491
23013,0.9855578727841502,0.48197138425611263,0.5180286157438874
23014,0.9855926312130692,0.48197138425611263,0.5180286157438874
23015,0.9855926312130692,0.48202366637040134,0.5179763336295986
23016,0.9856100104275287,0.48202366637040134,0.5179763336295986
23017,0.9856100104275287,0.4821108032275492,0.5178891967724508
23018,0.9856273896419881,0.4821108032275492,0.5178891967724508
23019,0.9856273896419881,0.482197940084697,0.517802059915303
23020,0.9856447688564477,0.482197940084697,0.517802059915303
23021,0.9856447688564477,0.4822153674561266,0.5177846325438734
23022,0.9856621480709072,0.4822153674561266,0.5177846325438734
23023,0.9856621480709072,0.48244192328471097,0.517558076715289
23024,0.9856795272853667,0.48244192328471097,0.517558076715289
23025,0.9856795272853667,0.48341785608476673,0.5165821439152333
23026,0.9856969064998262,0.48341785608476673,0.5165821439152333
23027,0.9856969064998262,0.48352242031334414,0.5164775796866559
23028,0.9857142857142858,0.48352242031334414,0.5164775796866559
23029,0.9857142857142858,0.48373154877049895,0.516268451229501
23030,0.9857316649287452,0.48373154877049895,0.516268451229501
23031,0.9857316649287452,0.4837664035133581,0.5162335964866419
23032,0.9857490441432047,0.4837664035133581,0.5162335964866419
23033,0.9857490441432047,0.48383611299907636,0.5161638870009236
23034,0.9857664233576642,0.48383611299907636,0.5161638870009236
23035,0.9857664233576642,0.4842892246562451,0.5157107753437549
23036,0.9857838025721237,0.4842892246562451,0.5157107753437549
23037,0.9857838025721237,0.4846726268276956,0.5153273731723045
23038,0.9858011817865833,0.4846726268276956,0.5153273731723045
23039,0.9858011817865833,0.4848120457991321,0.5151879542008679
23040,0.9858185610010427,0.4848120457991321,0.5151879542008679
23041,0.9858185610010427,0.4848643279134208,0.5151356720865792
23042,0.9858359402155022,0.4848643279134208,0.5151356720865792
23043,0.9858359402155022,0.48489918265627996,0.51510081734372
23044,0.9858533194299618,0.48489918265627996,0.51510081734372
23045,0.9858533194299618,0.4849863195134278,0.5150136804865721
23046,0.9858706986444212,0.4849863195134278,0.5150136804865721
23047,0.9858706986444212,0.4851605932277235,0.5148394067722766
23048,0.9858880778588808,0.4851605932277235,0.5148394067722766
23049,0.9858880778588808,0.48533486694201916,0.5146651330579808
23050,0.9859054570733403,0.48533486694201916,0.5146651330579808
23051,0.9859054570733403,0.4853697216848783,0.5146302783151218
23052,0.9859228362877998,0.4853697216848783,0.5146302783151218
23053,0.9859228362877998,0.48585768808490615,0.5141423119150939
23054,0.9859402155022593,0.48585768808490615,0.5141423119150939
23055,0.9859402155022593,0.48608424391349053,0.5139157560865095
23056,0.9859575947167188,0.48608424391349053,0.5139157560865095
23057,0.9859575947167188,0.48651992819922973,0.5134800718007703
23058,0.9859749739311783,0.48651992819922973,0.5134800718007703
23059,0.9859749739311783,0.48657221031351844,0.5134277896864816
23060,0.9859923531456378,0.48657221031351844,0.5134277896864816
23061,0.9859923531456378,0.4868859029992506,0.5131140970007494
23062,0.9860097323600974,0.4868859029992506,0.5131140970007494
23063,0.9860097323600974,0.48692075774210974,0.5130792422578903
23064,0.9860271115745568,0.48692075774210974,0.5130792422578903
23065,0.9860271115745568,0.48697303985639845,0.5130269601436015
23066,0.9860444907890163,0.48697303985639845,0.5130269601436015
23067,0.9860444907890163,0.4870078945992576,0.5129921054007425
23068,0.9860618700034759,0.4870078945992576,0.5129921054007425
23069,0.9860618700034759,0.4872867325421307,0.5127132674578694
23070,0.9860792492179353,0.4872867325421307,0.5127132674578694
23071,0.9860792492179353,0.4875481431135742,0.5124518568864258
23072,0.9860966284323949,0.4875481431135742,0.5124518568864258
23073,0.9860966284323949,0.4877746989421586,0.5122253010578415
23074,0.9861313868613139,0.4877746989421586,0.5122253010578415
23075,0.9861313868613139,0.4878444084278768,0.5121555915721232
23076,0.9861487660757734,0.4878444084278768,0.5121555915721232
23077,0.9861487660757734,0.4878966905421655,0.5121033094578344
23078,0.9861661452902328,0.4878966905421655,0.5121033094578344
23079,0.9861661452902328,0.4879489726564542,0.5120510273435458
23080,0.9861835245046924,0.4879489726564542,0.5120510273435458
23081,0.9861835245046924,0.4880012547707429,0.5119987452292571
23082,0.9861835245046924,0.48803610951360205,0.5119638904863979
23083,0.9862009037191519,0.48803610951360205,0.5119638904863979
23084,0.9862009037191519,0.4881058189993203,0.5118941810006796
23085,0.9862182829336114,0.4881058189993203,0.5118941810006796
23086,0.9862182829336114,0.48826266534218643,0.5117373346578136
23087,0.9862356621480709,0.48826266534218643,0.5117373346578136
23088,0.9862356621480709,0.4884369390564821,0.5115630609435179
23089,0.9862530413625304,0.4884369390564821,0.5115630609435179
23090,0.9862530413625304,0.48873320437078477,0.5112667956292152
23091,0.9862704205769899,0.48873320437078477,0.5112667956292152
23092,0.9862704205769899,0.4891688886565239,0.510831111343476
23093,0.9862877997914494,0.4891688886565239,0.510831111343476
23094,0.9862877997914494,0.4891863160279535,0.5108136839720465
23095,0.9863225582203684,0.4891863160279535,0.5108136839720465
23096,0.9863225582203684,0.4892734528851013,0.5107265471148987
23097,0.986339937434828,0.4892734528851013,0.5107265471148987
23098,0.986339937434828,0.489447726599397,0.5105522734006029
23099,0.9863573166492875,0.489447726599397,0.5105522734006029
23100,0.9863573166492875,0.4895522908279744,0.5104477091720256
23101,0.9863746958637469,0.4895522908279744,0.5104477091720256
23102,0.9863746958637469,0.48963942768512225,0.5103605723148777
23103,0.9863920750782065,0.48963942768512225,0.5103605723148777
23104,0.9863920750782065,0.48969170979941096,0.5103082902005891
23105,0.986409454292666,0.48969170979941096,0.5103082902005891
23106,0.986409454292666,0.4900576845994319,0.5099423154005681
23107,0.9864268335071255,0.4900576845994319,0.5099423154005681
23108,0.9864268335071255,0.49047594151374146,0.5095240584862586
23109,0.986444212721585,0.49047594151374146,0.5095240584862586
23110,0.986444212721585,0.4908419163137624,0.5091580836862376
23111,0.9864615919360445,0.4908419163137624,0.5091580836862376
23112,0.9864615919360445,0.4911730363709242,0.5088269636290759
23113,0.986478971150504,0.4911730363709242,0.5088269636290759
23114,0.986478971150504,0.49153901117094506,0.508460988829055
23115,0.986513729579423,0.49153901117094506,0.508460988829055
23116,0.986513729579423,0.49159129328523377,0.5084087067147662
23117,0.9865311087938825,0.49159129328523377,0.5084087067147662
23118,0.9865311087938825,0.49192241334239556,0.5080775866576044
23119,0.986548488008342,0.49192241334239556,0.5080775866576044
23120,0.986548488008342,0.4921315417995504,0.5078684582004496
23121,0.9865658672228015,0.4921315417995504,0.5078684582004496
23122,0.9865658672228015,0.49258465345671915,0.5074153465432809
23123,0.986583246437261,0.49258465345671915,0.5074153465432809
23124,0.986583246437261,0.4926195081995783,0.5073804918004217
23125,0.9866006256517206,0.4926195081995783,0.5073804918004217
23126,0.9866006256517206,0.49268921768529655,0.5073107823147034
23127,0.98661800486618,0.49268921768529655,0.5073107823147034
23128,0.98661800486618,0.49282863665673304,0.507171363343267
23129,0.9866353840806396,0.49282863665673304,0.507171363343267
23130,0.9866353840806396,0.49295062825674,0.50704937174326
23131,0.9866527632950991,0.49295062825674,0.50704937174326
23132,0.9866527632950991,0.49347344939962706,0.5065265506003729
23133,0.9866701425095585,0.49347344939962706,0.5065265506003729
23134,0.9866701425095585,0.4937697147139297,0.5062302852860703
23135,0.9866875217240181,0.4937697147139297,0.5062302852860703
23136,0.9866875217240181,0.49390913368536626,0.5060908663146337
23137,0.9867049009384776,0.49390913368536626,0.5060908663146337
23138,0.9867049009384776,0.49417054425680973,0.5058294557431903
23139,0.9867222801529371,0.49417054425680973,0.5058294557431903
23140,0.9867222801529371,0.4943099632282463,0.5056900367717537
23141,0.9867396593673966,0.4943099632282463,0.5056900367717537
23142,0.9867396593673966,0.49453651905683066,0.5054634809431693
23143,0.9867570385818561,0.49453651905683066,0.5054634809431693
23144,0.9867570385818561,0.49464108328540807,0.505358916714592
23145,0.9867744177963156,0.49464108328540807,0.505358916714592
23146,0.9867744177963156,0.49528589602830203,0.504714103971698
23147,0.9867917970107751,0.49528589602830203,0.504714103971698
23148,0.9867917970107751,0.4953556055140203,0.5046443944859798
23149,0.9868091762252347,0.4953556055140203,0.5046443944859798
23150,0.9868091762252347,0.49549502448545685,0.5045049755145432
23151,0.9868265554396941,0.49549502448545685,0.5045049755145432
23152,0.9868265554396941,0.49617469197121,0.50382530802879
23153,0.9868439346541537,0.49617469197121,0.50382530802879
23154,0.9868439346541537,0.49640124779979433,0.5035987522002057
23155,0.9868613138686131,0.49640124779979433,0.5035987522002057
23156,0.9868613138686131,0.49704606054268835,0.5029539394573117
23157,0.9868786930830726,0.49704606054268835,0.5029539394573117
23158,0.9868786930830726,0.4971157700284066,0.5028842299715934
23159,0.9868960722975322,0.4971157700284066,0.5028842299715934
23160,0.9868960722975322,0.49715062477126576,0.5028493752287342
23161,0.9869134515119916,0.49715062477126576,0.5028493752287342
23162,0.9869134515119916,0.49748174482842755,0.5025182551715724
23163,0.9869308307264512,0.49748174482842755,0.5025182551715724
23164,0.9869308307264512,0.4975863090570049,0.502413690942995
23165,0.9869482099409107,0.4975863090570049,0.502413690942995
23166,0.9869482099409107,0.4976385911712936,0.5023614088287064
23167,0.9869655891553701,0.4976385911712936,0.5023614088287064
23168,0.9869655891553701,0.497743155399871,0.502256844600129
23169,0.9869829683698297,0.497743155399871,0.502256844600129
23170,0.9869829683698297,0.49790000174273713,0.5020999982572629
23171,0.9870003475842892,0.49790000174273713,0.5020999982572629
23172,0.9870003475842892,0.4983531133999059,0.501646886600094
23173,0.9870177267987487,0.4983531133999059,0.501646886600094
23174,0.9870177267987487,0.49871908819992683,0.5012809118000732
23175,0.9870351060132082,0.49871908819992683,0.5012809118000732
23176,0.9870351060132082,0.49875394294278597,0.501246057057214
23177,0.9870698644421272,0.49875394294278597,0.501246057057214
23178,0.9870698644421272,0.498910789285652,0.501089210714348
23179,0.9870872436565867,0.498910789285652,0.501089210714348
23180,0.9870872436565867,0.49894564402851116,0.5010543559714888
23181,0.9871393812999653,0.49894564402851116,0.5010543559714888
23182,0.9871393812999653,0.4992070545999547,0.5007929454000453
23183,0.9871567605144248,0.4992070545999547,0.5007929454000453
23184,0.9871567605144248,0.4994161830571095,0.5005838169428904
23185,0.9871741397288842,0.4994161830571095,0.5005838169428904
23186,0.9871741397288842,0.49948589254282777,0.5005141074571722
23187,0.9871915189433438,0.49948589254282777,0.5005141074571722
23188,0.9871915189433438,0.49960788414283475,0.5003921158571653
23189,0.9871915189433438,0.4996427388856939,0.5003572611143061
23190,0.9871915189433438,0.4996950209999826,0.5003049790000174
23191,0.9872088981578032,0.4996950209999826,0.5003049790000174
23192,0.9872088981578032,0.5002004147714401,0.49979958522855994
23193,0.9872262773722628,0.5002004147714401,0.49979958522855994
23194,0.9872262773722628,0.5003398337428766,0.4996601662571234
23195,0.9872610358011817,0.5003398337428766,0.4996601662571234
23196,0.9872610358011817,0.5007580906571861,0.49924190934281387
23197,0.9872784150156413,0.5007580906571861,0.49924190934281387
23198,0.9872784150156413,0.5013506212857914,0.49864937871420856
23199,0.9872957942301008,0.5013506212857914,0.49864937871420856
23200,0.9872957942301008,0.5013854760286506,0.4986145239713494
23201,0.9873305526590198,0.5013854760286506,0.4986145239713494
23202,0.9873305526590198,0.5015771771143759,0.4984228228856241
23203,0.9873653110879388,0.5015771771143759,0.4984228228856241
23204,0.9873653110879388,0.5018037329429602,0.4981962670570398
23205,0.9873826903023983,0.5018037329429602,0.4981962670570398
23206,0.9873826903023983,0.5019605792858263,0.49803942071417373
23207,0.9874000695168579,0.5019605792858263,0.49803942071417373
23208,0.9874000695168579,0.5023439814572768,0.49765601854272323
23209,0.9874174487313173,0.5023439814572768,0.49765601854272323
23210,0.9874174487313173,0.5023788362001359,0.4976211637998641
23211,0.9874348279457769,0.5023788362001359,0.4976211637998641
23212,0.9874348279457769,0.5025531099144316,0.4974468900855684
23213,0.9874522071602364,0.5025531099144316,0.4974468900855684
23214,0.9874522071602364,0.5026228194001499,0.49737718059985014
23215,0.9874695863746958,0.5026228194001499,0.49737718059985014
23216,0.9874695863746958,0.5029190847144526,0.49708091528554743
23217,0.9874869655891554,0.5029365120858821,0.4970634879141179
23218,0.9874869655891554,0.503180495285896,0.49681950471410397
23219,0.9875043448036149,0.503180495285896,0.49681950471410397
23220,0.9875043448036149,0.50342447848591,0.49657552151409
23221,0.9875217240180744,0.50342447848591,0.49657552151409
23222,0.9875217240180744,0.5036336069430648,0.4963663930569352
23223,0.9875391032325339,0.5036336069430648,0.4963663930569352
23224,0.9875391032325339,0.5036510343144943,0.4963489656855057
23225,0.9875738616614529,0.5036510343144943,0.4963489656855057
23226,0.9875738616614529,0.5041390007145222,0.4958609992854778
23227,0.9875912408759124,0.5041390007145222,0.4958609992854778
23228,0.9875912408759124,0.5043655565431066,0.49563444345689345
23229,0.9876086200903719,0.5043655565431066,0.49563444345689345
23230,0.9876086200903719,0.5043829839145362,0.4956170160854638
23231,0.9876259993048314,0.5043829839145362,0.4956170160854638
23232,0.9876259993048314,0.5046269671145501,0.49537303288544987
23233,0.987643378519291,0.5046269671145501,0.49537303288544987
23234,0.987643378519291,0.5046443944859796,0.49535560551402036
23235,0.9876607577337504,0.5046443944859796,0.49535560551402036
23236,0.9876607577337504,0.5046792492288388,0.4953207507711612
23237,0.9876781369482099,0.5046792492288388,0.4953207507711612
23238,0.9876781369482099,0.5047141039716979,0.4952858960283021
23239,0.9876955161626695,0.5047141039716979,0.4952858960283021
23240,0.9876955161626695,0.5055506178003172,0.4944493821996828
23241,0.9877128953771289,0.5055506178003172,0.4944493821996828
23242,0.9877128953771289,0.5055680451717467,0.4944319548282533
23243,0.987747653806048,0.5055680451717467,0.4944319548282533
23244,0.987747653806048,0.5058643104860494,0.4941356895139506
23245,0.9877650330205074,0.5058643104860494,0.4941356895139506
23246,0.9877650330205074,0.5062999947717886,0.49370000522821145
23247,0.987782412234967,0.5062999947717886,0.49370000522821145
23248,0.987782412234967,0.5063348495146477,0.4936651504853523
23249,0.9877997914494265,0.5063348495146477,0.4936651504853523
23250,0.9877997914494265,0.506683396943239,0.49331660305676095
23251,0.987817170663886,0.506683396943239,0.49331660305676095
23252,0.987817170663886,0.5070842264861191,0.49291577351388094
23253,0.9878345498783455,0.5070842264861191,0.49291577351388094
23254,0.9878345498783455,0.5072759275718444,0.49272407242815563
23255,0.9878519290928051,0.5072759275718444,0.49272407242815563
23256,0.9878519290928051,0.5073630644289921,0.49263693557100785
23257,0.9878693083072645,0.5073630644289921,0.49263693557100785
23258,0.9878693083072645,0.5074676286575696,0.49253237134243044
23259,0.9879040667361835,0.5074676286575696,0.49253237134243044
23260,0.9879040667361835,0.5075199107718583,0.4924800892281417
23261,0.987921445950643,0.5075199107718583,0.4924800892281417
23262,0.987921445950643,0.5080601592861749,0.4919398407138251
23263,0.9879388251651026,0.5080601592861749,0.4919398407138251
23264,0.9879388251651026,0.5083912793433366,0.4916087206566634
23265,0.987956204379562,0.5083912793433366,0.4916087206566634
23266,0.987956204379562,0.5085655530576323,0.4914344469423677
23267,0.9879735835940215,0.5085655530576323,0.4914344469423677
23268,0.9879735835940215,0.5085829804290619,0.4914170195709381
23269,0.9879909628084811,0.5085829804290619,0.4914170195709381
23270,0.9879909628084811,0.5088269636290759,0.49117303637092413
23271,0.9880083420229405,0.5088269636290759,0.49117303637092413
23272,0.9880083420229405,0.5092103658005263,0.49078963419947375
23273,0.9880257212374001,0.5092103658005263,0.49078963419947375
23274,0.9880257212374001,0.5095240584862585,0.4904759415137415
23275,0.9880431004518596,0.5095240584862585,0.4904759415137415
23276,0.9880431004518596,0.5097854690577021,0.49021453094229794
23277,0.988060479666319,0.5097854690577021,0.49021453094229794
23278,0.988060479666319,0.510029452257716,0.489970547742284
23279,0.9880778588807786,0.510029452257716,0.489970547742284
23280,0.9880778588807786,0.5100817343720047,0.48991826562799534
23281,0.9880952380952381,0.5100817343720047,0.48991826562799534
23282,0.9880952380952381,0.5101514438577229,0.48984855614227707
23283,0.9881299965241571,0.5101514438577229,0.48984855614227707
23284,0.9881299965241571,0.5104128544291664,0.4895871455708336
23285,0.9881473757386167,0.5104128544291664,0.4895871455708336
23286,0.9881473757386167,0.5104477091720255,0.48955229082797447
23287,0.9881647549530761,0.5104477091720255,0.48955229082797447
23288,0.9881647549530761,0.5104651365434552,0.48953486345654484
23289,0.9881821341675356,0.5104651365434552,0.48953486345654484
23290,0.9881821341675356,0.5109182482006239,0.4890817517993761
23291,0.9881821341675356,0.5109531029434831,0.48904689705651694
23292,0.9881821341675356,0.51107509454349,0.48892490545651
23293,0.9881995133819952,0.51107509454349,0.48892490545651
23294,0.9881995133819952,0.511197086143497,0.488802913856503
23295,0.9882168925964546,0.511197086143497,0.488802913856503
23296,0.9882168925964546,0.5113365051149336,0.48866349488506644
23297,0.9882168925964546,0.5113713598577927,0.4886286401422073
23298,0.9882168925964546,0.5114933514577996,0.4885066485422004
23299,0.9882342718109142,0.5114933514577996,0.4885066485422004
23300,0.9882342718109142,0.5115282062006588,0.48847179379934125
23301,0.9882516510253736,0.5115282062006588,0.48847179379934125
23302,0.9882516510253736,0.5116153430578065,0.48838465694219346
23303,0.9882690302398331,0.5116153430578065,0.48838465694219346
23304,0.9882690302398331,0.5121381642006936,0.4878618357993064
23305,0.9882864094542927,0.5121381642006936,0.4878618357993064
23306,0.9882864094542927,0.5122078736864119,0.48779212631358815
23307,0.9883037886687521,0.5122078736864119,0.48779212631358815
23308,0.9883037886687521,0.5124692842578554,0.48753071574214457
23309,0.9883211678832117,0.5124692842578554,0.48753071574214457
23310,0.9883211678832117,0.5127481222007285,0.4872518777992715
23311,0.9883385470976712,0.5127481222007285,0.4872518777992715
23312,0.9883385470976712,0.5130443875150311,0.4869556124849689
23313,0.9883559263121307,0.5130443875150311,0.4869556124849689
23314,0.9883559263121307,0.5137937644865025,0.4862062355134975
23315,0.9883733055265902,0.5137937644865025,0.4862062355134975
23316,0.9883733055265902,0.5140377476865164,0.48596225231348356
23317,0.9883906847410497,0.5140377476865164,0.48596225231348356
23318,0.9883906847410497,0.5140726024293756,0.4859273975706244
23319,0.9884080639555092,0.5140726024293756,0.4859273975706244
23320,0.9884080639555092,0.5142120214008121,0.4857879785991879
23321,0.9884254431699687,0.5142120214008121,0.4857879785991879
23322,0.9884254431699687,0.5153796552865931,0.48462034471340687
23323,0.9884602015988877,0.5153796552865931,0.48462034471340687
23324,0.9884775808133472,0.5153796552865931,0.48462034471340687
23325,0.9884775808133472,0.5165298618009445,0.4834701381990555
23326,0.9884949600278068,0.5165298618009445,0.4834701381990555
23327,0.9884949600278068,0.5165821439152333,0.48341785608476673
23328,0.9885123392422662,0.5165821439152333,0.48341785608476673
23329,0.9885123392422662,0.5167041355152402,0.4832958644847598
23330,0.9885297184567258,0.5167041355152402,0.4832958644847598
23331,0.9885297184567258,0.5168784092295359,0.4831215907704641
23332,0.9885470976711853,0.5168784092295359,0.4831215907704641
23333,0.9885470976711853,0.5169306913438246,0.48306930865617537
23334,0.9885644768856447,0.5169306913438246,0.48306930865617537
23335,0.9885644768856447,0.5171223924295498,0.4828776075704502
23336,0.9885818561001043,0.5171223924295498,0.4828776075704502
23337,0.9885818561001043,0.5172966661438455,0.4827033338561545
23338,0.9885992353145637,0.5172966661438455,0.4827033338561545
23339,0.9885992353145637,0.5174709398581412,0.4825290601418588
23340,0.9886166145290233,0.5174709398581412,0.4825290601418588
23341,0.9886166145290233,0.51752322197243,0.48247677802757005
23342,0.9886339937434828,0.51752322197243,0.48247677802757005
23343,0.9886339937434828,0.5178194872867325,0.48218051271326745
23344,0.9886513729579423,0.5178194872867325,0.48218051271326745
23345,0.9886513729579423,0.5183074536867605,0.48169254631323954
23346,0.9886687521724018,0.5183074536867605,0.48169254631323954
23347,0.9886687521724018,0.519091685401091,0.48090831459890904
23348,0.9886861313868613,0.519091685401091,0.48090831459890904
23349,0.9886861313868613,0.5191265401439501,0.4808734598560499
23350,0.9887035106013208,0.5191265401439501,0.4808734598560499
23351,0.9887035106013208,0.5192311043725275,0.4807688956274725
23352,0.9887208898157803,0.5192311043725275,0.4807688956274725
23353,0.9887208898157803,0.5192833864868162,0.48071661351318384
23354,0.9887382690302399,0.5192833864868162,0.48071661351318384
23355,0.9887382690302399,0.5194228054582527,0.4805771945417473
23356,0.9887556482446993,0.5194228054582527,0.4805771945417473
23357,0.9887556482446993,0.5197364981439849,0.4802635018560151
23358,0.9887904066736184,0.5197364981439849,0.4802635018560151
23359,0.9887904066736184,0.5197887802582737,0.4802112197417263
23360,0.9888077858880778,0.5197887802582737,0.4802112197417263
23361,0.9888077858880778,0.520259319286872,0.47974068071312803
23362,0.9888251651025374,0.520259319286872,0.47974068071312803
23363,0.9888251651025374,0.5202767466583015,0.4797232533416985
23364,0.9888425443169969,0.5202767466583015,0.4797232533416985
23365,0.9888425443169969,0.5202941740297311,0.4797058259702689
23366,0.9888599235314564,0.5202941740297311,0.4797058259702689
23367,0.9888599235314564,0.5205033024868859,0.4794966975131141
23368,0.9888599235314564,0.5205381572297451,0.47946184277025494
23369,0.9888599235314564,0.5210784057440616,0.4789215942559384
23370,0.9888773027459159,0.5210784057440616,0.4789215942559384
23371,0.9888773027459159,0.5210958331154912,0.47890416688450876
23372,0.9888946819603754,0.5210958331154912,0.47890416688450876
23373,0.9888946819603754,0.5212178247154982,0.47878217528450184
23374,0.9889120611748349,0.5212178247154982,0.47878217528450184
23375,0.9889120611748349,0.5217580732298147,0.4782419267701853
23376,0.9889294403892944,0.5217580732298147,0.4782419267701853
23377,0.9889294403892944,0.5218626374583921,0.4781373625416079
23378,0.9889468196037539,0.5218626374583921,0.4781373625416079
23379,0.9889468196037539,0.5227340060298705,0.4772659939701295
23380,0.9889641988182134,0.5227340060298705,0.4772659939701295
23381,0.9889641988182134,0.5232393998013279,0.47676060019867206
23382,0.988981578032673,0.5232393998013279,0.47676060019867206
23383,0.988981578032673,0.5238842125442219,0.4761157874557781
23384,0.9889989572471324,0.5238842125442219,0.4761157874557781
23385,0.9889989572471324,0.5240759136299472,0.4759240863700528
23386,0.9890163364615919,0.5240759136299472,0.4759240863700528
23387,0.9890163364615919,0.5244593158013977,0.4755406841986023
23388,0.9890337156760515,0.5244593158013977,0.4755406841986023
23389,0.9890337156760515,0.5244941705442568,0.47550582945574316
23390,0.9890510948905109,0.5244941705442568,0.47550582945574316
23391,0.9890510948905109,0.525452675972883,0.47454732402711697
23392,0.9890684741049705,0.525452675972883,0.47454732402711697
23393,0.9890684741049705,0.5255572402014604,0.47444275979853956
23394,0.98908585331943,0.5255572402014604,0.47444275979853956
23395,0.98908585331943,0.5257140865443265,0.4742859134556735
23396,0.9891032325338894,0.5257140865443265,0.4742859134556735
23397,0.9891032325338894,0.5258883602586222,0.4741116397413778
23398,0.989120611748349,0.5258883602586222,0.4741116397413778
23399,0.989120611748349,0.5261671982014953,0.47383280179850473
23400,0.9891379909628085,0.5261671982014953,0.47383280179850473
23401,0.9891379909628085,0.5261846255729249,0.4738153744270751
23402,0.989155370177268,0.5261846255729249,0.4738153744270751
23403,0.989155370177268,0.5263240445443613,0.4736759554556387
23404,0.9891727493917275,0.5263240445443613,0.4736759554556387
23405,0.9891727493917275,0.5264286087729387,0.47357139122706127
23406,0.989190128606187,0.5264286087729387,0.47357139122706127
23407,0.989190128606187,0.5265854551158049,0.4734145448841951
23408,0.9892075078206465,0.5265854551158049,0.4734145448841951
23409,0.9892075078206465,0.5283456196301912,0.4716543803698088
23410,0.989224887035106,0.5283456196301912,0.4716543803698088
23411,0.989224887035106,0.5284153291159095,0.4715846708840905
23412,0.9892422662495656,0.5284153291159095,0.4715846708840905
23413,0.9892422662495656,0.5287290218016416,0.4712709781983584
23414,0.989259645464025,0.5287290218016416,0.4712709781983584
23415,0.989259645464025,0.5287813039159304,0.47121869608406963
23416,0.9892770246784846,0.5287813039159304,0.47121869608406963
23417,0.9892770246784846,0.5293738345445357,0.4706261654554643
23418,0.989294403892944,0.5293738345445357,0.4706261654554643
23419,0.989294403892944,0.5294609714016835,0.47053902859831653
23420,0.9893117831074035,0.5294609714016835,0.47053902859831653
23421,0.9893117831074035,0.5301406388874366,0.46985936111256343
23422,0.9893291623218631,0.5301406388874366,0.46985936111256343
23423,0.9893291623218631,0.5302626304874436,0.4697373695125564
23424,0.9893465415363225,0.5302626304874436,0.4697373695125564
23425,0.9893465415363225,0.5309945800874855,0.46900541991251454
23426,0.989363920750782,0.5309945800874855,0.46900541991251454
23427,0.989363920750782,0.5311339990589219,0.4688660009410781
23428,0.9893812999652416,0.5311339990589219,0.4688660009410781
23429,0.9893812999652416,0.5315696833446611,0.46843031665533885
23430,0.989398679179701,0.5315696833446611,0.46843031665533885
23431,0.989398679179701,0.5315871107160907,0.46841288928390934
23432,0.9894160583941606,0.5315871107160907,0.46841288928390934
23433,0.9894160583941606,0.5321447866018368,0.46785521339816316
23434,0.9894334376086201,0.5321447866018368,0.46785521339816316
23435,0.9894334376086201,0.5322842055732734,0.4677157944267266
23436,0.9894334376086201,0.5323190603161325,0.4676809396838675
23437,0.9894334376086201,0.5325107614018577,0.4674892385981423
23438,0.9894508168230796,0.5325107614018577,0.4674892385981423
23439,0.9894508168230796,0.5329638730590265,0.4670361269409735
23440,0.9894681960375391,0.5329638730590265,0.4670361269409735
23441,0.9894681960375391,0.5330684372876039,0.4669315627123961
23442,0.9894855752519987,0.5330684372876039,0.4669315627123961
23443,0.9894855752519987,0.5336783952876387,0.4663216047123613
23444,0.9895029544664581,0.5336783952876387,0.4663216047123613
23445,0.9895029544664581,0.5339223784876527,0.46607762151234733
23446,0.9895203336809176,0.5339223784876527,0.46607762151234733
23447,0.9895203336809176,0.5342883532876737,0.46571164671232634
23448,0.9895550921098366,0.5342883532876737,0.46571164671232634
23449,0.9895550921098366,0.5346543280876945,0.46534567191230547
23450,0.9895724713242962,0.5346543280876945,0.46534567191230547
23451,0.9895724713242962,0.5346717554591242,0.46532824454087585
23452,0.9896072297532151,0.5346717554591242,0.46532824454087585
23453,0.9896072297532151,0.5356128335163207,0.4643871664836793
23454,0.9896246089676747,0.5356128335163207,0.4643871664836793
23455,0.9896246089676747,0.5358393893449052,0.46416061065509484
23456,0.9896419881821341,0.5358393893449052,0.46416061065509484
23457,0.9896419881821341,0.536205364144926,0.46379463585507397
23458,0.9896593673965937,0.536205364144926,0.46379463585507397
23459,0.9896593673965937,0.5369895958592565,0.46301040414074346
23460,0.9896767466110532,0.5369895958592565,0.46301040414074346
23461,0.9896767466110532,0.5373381432878479,0.4626618567121521
23462,0.9896941258255126,0.5373381432878479,0.4626618567121521
23463,0.9896941258255126,0.5380352381450306,0.4619647618549694
23464,0.9897115050399722,0.5380352381450306,0.4619647618549694
23465,0.9897115050399722,0.5381223750021784,0.4618776249978216
23466,0.9897288842544317,0.5381223750021784,0.4618776249978216
23467,0.9897288842544317,0.5383489308307629,0.46165106916923715
23468,0.9897462634688912,0.5383489308307629,0.46165106916923715
23469,0.9897462634688912,0.539028598316516,0.46097140168348405
23470,0.9897636426833507,0.539028598316516,0.46097140168348405
23471,0.9897636426833507,0.5392551541451003,0.4607448458548997
23472,0.9897984011122697,0.5392551541451003,0.4607448458548997
23473,0.9897984011122697,0.5395688468308325,0.4604311531691675
23474,0.9898157803267292,0.5395688468308325,0.4604311531691675
23475,0.9898157803267292,0.5396037015736916,0.46039629842630836
23476,0.9898331595411888,0.5396037015736916,0.46039629842630836
23477,0.9898331595411888,0.539708265802269,0.46029173419773095
23478,0.9898505387556482,0.539708265802269,0.46029173419773095
23479,0.9898505387556482,0.5397431205451282,0.4602568794548718
23480,0.9898679179701078,0.5397431205451282,0.4602568794548718
23481,0.9898679179701078,0.5397605479165577,0.4602394520834423
23482,0.9899026763990267,0.5397605479165577,0.4602394520834423
23483,0.9899026763990267,0.5401613774594378,0.4598386225405622
23484,0.9899200556134863,0.5401613774594378,0.4598386225405622
23485,0.9899200556134863,0.5405273522594587,0.4594726477405413
23486,0.9899374348279458,0.5405273522594587,0.4594726477405413
23487,0.9899374348279458,0.5405447796308883,0.4594552203691117
23488,0.9899548140424053,0.5405447796308883,0.4594552203691117
23489,0.9899548140424053,0.5408061902023318,0.4591938097976682
23490,0.9899721932568648,0.5408061902023318,0.4591938097976682
23491,0.9899721932568648,0.5413115839737892,0.4586884160262108
23492,0.9899895724713242,0.5413115839737892,0.4586884160262108
23493,0.9899895724713242,0.5415381398023736,0.45846186019762636
23494,0.9900069516857838,0.5415381398023736,0.45846186019762636
23495,0.9900069516857838,0.5422178072881267,0.45778219271187326
23496,0.9900243309002433,0.5422178072881267,0.45778219271187326
23497,0.9900243309002433,0.5427580558024433,0.4572419441975567
23498,0.9900417101147028,0.5427580558024433,0.4572419441975567
23499,0.9900417101147028,0.5433680138024781,0.4566319861975219
23500,0.9900590893291623,0.5433680138024781,0.4566319861975219
23501,0.9900590893291623,0.5435945696310626,0.45640543036893744
23502,0.9900764685436219,0.5435945696310626,0.45640543036893744
23503,0.9900764685436219,0.5436119970024921,0.4563880029975079
23504,0.9900938477580813,0.5436119970024921,0.4563880029975079
23505,0.9900938477580813,0.5437165612310695,0.4562834387689305
23506,0.9901112269725408,0.5437165612310695,0.4562834387689305
23507,0.9901112269725408,0.5445530750596888,0.45544692494031125
23508,0.9901459854014598,0.5445530750596888,0.45544692494031125
23509,0.9901459854014598,0.5445879298025479,0.4554120701974521
23510,0.9901633646159194,0.5445879298025479,0.4554120701974521
23511,0.9901633646159194,0.5446576392882662,0.45534236071173384
23512,0.9901807438303789,0.5446576392882662,0.45534236071173384
23513,0.9901807438303789,0.545023614088287,0.45497638591171297
23514,0.9901981230448383,0.545023614088287,0.45497638591171297
23515,0.9901981230448383,0.5453373067740193,0.45466269322598074
23516,0.9902155022592979,0.5453373067740193,0.45466269322598074
23517,0.9902155022592979,0.5453721615168784,0.4546278384831216
23518,0.9902328814737574,0.5453721615168784,0.4546278384831216
23519,0.9902328814737574,0.5454592983740263,0.4545407016259737
23520,0.9902502606882169,0.5454592983740263,0.4545407016259737
23521,0.9902502606882169,0.5459472647740541,0.4540527352259459
23522,0.9902676399026764,0.5459472647740541,0.4540527352259459
23523,0.9902676399026764,0.5468360607169621,0.4531639392830379
23524,0.990285019117136,0.5468360607169621,0.4531639392830379
23525,0.990285019117136,0.5469057702026803,0.4530942297973197
23526,0.9903023983315954,0.5469057702026803,0.4530942297973197
23527,0.9903023983315954,0.5469231975741099,0.4530768024258901
23528,0.9903197775460549,0.5469231975741099,0.4530768024258901
23529,0.9903197775460549,0.5470974712884056,0.4529025287115944
23530,0.9903371567605144,0.5470974712884056,0.4529025287115944
23531,0.9903371567605144,0.5471148986598351,0.4528851013401649
23532,0.9903545359749739,0.5471148986598351,0.4528851013401649
23533,0.9903545359749739,0.5473763092312787,0.45262369076872133
23534,0.9903719151894335,0.5473763092312787,0.45262369076872133
23535,0.9903719151894335,0.5474111639741378,0.4525888360258622
23536,0.9903892944038929,0.5474111639741378,0.4525888360258622
23537,0.9903892944038929,0.5475854376884335,0.4524145623115665
23538,0.9904066736183524,0.5475854376884335,0.4524145623115665
23539,0.9904066736183524,0.5476377198027221,0.45236228019727787
23540,0.990424052832812,0.5476377198027221,0.45236228019727787
23541,0.990424052832812,0.547968839859884,0.452031160140116
23542,0.9904414320472714,0.547968839859884,0.452031160140116
23543,0.9904414320472714,0.5481082588313205,0.4518917411686795
23544,0.990458811261731,0.5481082588313205,0.4518917411686795
23545,0.990458811261731,0.5485962252313483,0.4514037747686517
23546,0.9904761904761905,0.5485962252313483,0.4514037747686517
23547,0.9904761904761905,0.548770498945644,0.451229501054356
23548,0.9904761904761905,0.5488053536885031,0.45119464631149686
23549,0.9904935696906499,0.5488053536885031,0.45119464631149686
23550,0.9904935696906499,0.549014482145658,0.45098551785434204
23551,0.9905109489051095,0.549014482145658,0.45098551785434204
23552,0.9905109489051095,0.5490841916313762,0.45091580836862377
23553,0.990528328119569,0.5490841916313762,0.45091580836862377
23554,0.990528328119569,0.5492410379742424,0.4507589620257576
23555,0.9905457073340285,0.5492410379742424,0.4507589620257576
23556,0.9905457073340285,0.5493804569456788,0.45061954305432117
23557,0.990563086548488,0.5493804569456788,0.45061954305432117
23558,0.990563086548488,0.5495198759171154,0.4504801240828846
23559,0.9905804657629476,0.5495198759171154,0.4504801240828846
23560,0.9905804657629476,0.5496767222599815,0.45032327774001846
23561,0.990597844977407,0.5496767222599815,0.45032327774001846
23562,0.990597844977407,0.5499032780885659,0.45009672191143413
23563,0.9906152241918665,0.5499032780885659,0.45009672191143413
23564,0.9906152241918665,0.5499207054599955,0.4500792945400045
23565,0.9906326034063261,0.5499207054599955,0.4500792945400045
23566,0.9906326034063261,0.5501472612885798,0.4498527387114202
23567,0.9906499826207855,0.5501472612885798,0.4498527387114202
23568,0.9906499826207855,0.5501646886600094,0.44983531133999055
23569,0.9906673618352451,0.5501646886600094,0.44983531133999055
23570,0.9906673618352451,0.5502169707742981,0.4497830292257019
23571,0.990702120264164,0.5502169707742981,0.4497830292257019
23572,0.990702120264164,0.5503563897457346,0.44964361025426536
23573,0.9907194994786236,0.5503563897457346,0.44964361025426536
23574,0.9907194994786236,0.5507746466600443,0.4492253533399557
23575,0.990736878693083,0.5507746466600443,0.4492253533399557
23576,0.990736878693083,0.5509140656314808,0.4490859343685192
23577,0.9907542579075426,0.5509140656314808,0.4490859343685192
23578,0.9907542579075426,0.5509314930029103,0.44906850699708967
23579,0.9907716371220021,0.5509314930029103,0.44906850699708967
23580,0.9907716371220021,0.5513148951743608,0.44868510482563917
23581,0.9907890163364615,0.5513148951743608,0.44868510482563917
23582,0.9907890163364615,0.5518377163172479,0.4481622836827521
23583,0.9908063955509211,0.5518377163172479,0.4481622836827521
23584,0.9908063955509211,0.5518899984315365,0.4481100015684635
23585,0.9908237747653806,0.5518899984315365,0.4481100015684635
23586,0.9908237747653806,0.5526219480315784,0.4473780519684216
23587,0.9908411539798401,0.5526219480315784,0.4473780519684216
23588,0.9908411539798401,0.5526568027744375,0.4473431972255625
23589,0.9908411539798401,0.5526916575172967,0.44730834248270335
23590,0.9908411539798401,0.5529356407173106,0.4470643592826894
23591,0.9908585331942996,0.5529356407173106,0.4470643592826894
23592,0.9908585331942996,0.5530576323173175,0.4469423676826825
23593,0.9908759124087592,0.5530576323173175,0.4469423676826825
23594,0.9908759124087592,0.5531099144316063,0.4468900855683937
23595,0.9908932916232186,0.5531099144316063,0.4468900855683937
23596,0.9908932916232186,0.5534758892316272,0.44652411076837284
23597,0.9909106708376781,0.5534758892316272,0.44652411076837284
23598,0.9909106708376781,0.5536153082030637,0.4463846917969363
23599,0.9909280500521377,0.5536153082030637,0.4463846917969363
23600,0.9909280500521377,0.5542601209459577,0.44573987905404233
23601,0.9909454292665971,0.5542601209459577,0.44573987905404233
23602,0.9909454292665971,0.5544866767745421,0.4455133232254579
23603,0.9909628084810567,0.5544866767745421,0.4455133232254579
23604,0.9909628084810567,0.55497464317457,0.44502535682543
23605,0.9909801876955162,0.55497464317457,0.44502535682543
23606,0.9909801876955162,0.5553406179745909,0.4446593820254091
23607,0.9910149461244352,0.5553406179745909,0.4446593820254091
23608,0.9910323253388947,0.5553406179745909,0.4446593820254091
23609,0.9910323253388947,0.5554626095745978,0.4445373904254022
23610,0.9910497045533542,0.5554626095745978,0.4445373904254022
23611,0.9910497045533542,0.5564036876317945,0.4435963123682055
23612,0.9910844629822732,0.5564036876317945,0.4435963123682055
23613,0.9910844629822732,0.5564733971175128,0.44352660288248724
23614,0.9911018421967327,0.5564733971175128,0.44352660288248724
23615,0.9911018421967327,0.5571530646032659,0.44284693539673414
23616,0.9911192214111922,0.5571530646032659,0.44284693539673414
23617,0.9911192214111922,0.5577281678604417,0.44227183213955834
23618,0.9911366006256517,0.5577281678604417,0.44227183213955834
23619,0.9911366006256517,0.5579372963175964,0.44206270368240363
23620,0.9911539798401112,0.5579372963175964,0.44206270368240363
23621,0.9911539798401112,0.557954723689026,0.442045276310974
23622,0.9911713590545708,0.557954723689026,0.442045276310974
23623,0.9911713590545708,0.5580070058033146,0.44199299419668536
23624,0.9911887382690302,0.5580070058033146,0.44199299419668536
23625,0.9911887382690302,0.5587389554033565,0.4412610445966435
23626,0.9912061174834897,0.5587389554033565,0.4412610445966435
23627,0.9912061174834897,0.5588260922605044,0.4411739077394956
23628,0.9912234966979493,0.5588260922605044,0.4411739077394956
23629,0.9912234966979493,0.5592443491748139,0.4407556508251861
23630,0.9912408759124087,0.5592443491748139,0.4407556508251861
23631,0.9912408759124087,0.5597845976891306,0.4402154023108694
23632,0.9912582551268683,0.5597845976891306,0.4402154023108694
23633,0.9912582551268683,0.5599588714034263,0.44004112859657374
23634,0.9912756343413278,0.5599588714034263,0.44004112859657374
23635,0.9912756343413278,0.5602028546034402,0.4397971453965598
23636,0.9913103927702468,0.5602028546034402,0.4397971453965598
23637,0.9913103927702468,0.561056795803489,0.438943204196511
23638,0.9913277719847063,0.561056795803489,0.438943204196511
23639,0.9913277719847063,0.5616493264320942,0.4383506735679058
23640,0.9913451511991658,0.5616493264320942,0.4383506735679058
23641,0.9913451511991658,0.5620675833464038,0.43793241665359617
23642,0.9913799096280849,0.5620675833464038,0.43793241665359617
23643,0.9913799096280849,0.5622418570606995,0.4377581429393005
23644,0.9913972888425443,0.5622418570606995,0.4377581429393005
23645,0.9913972888425443,0.5624858402607135,0.43751415973928653
23646,0.9914146680570038,0.5624858402607135,0.43751415973928653
23647,0.9914146680570038,0.5627646782035866,0.43723532179641345
23648,0.9914146680570038,0.5627995329464457,0.4372004670535543
23649,0.9914146680570038,0.5629563792893117,0.43704362071068825
23650,0.9914320472714633,0.5629563792893117,0.43704362071068825
23651,0.9914320472714633,0.5631306530036074,0.43686934699639257
23652,0.9914494264859228,0.5631306530036074,0.43686934699639257
23653,0.9914494264859228,0.5636534741464945,0.43634652585350553
23654,0.9914668057003824,0.5636534741464945,0.43634652585350553
23655,0.9914668057003824,0.5644028511179658,0.43559714888203416
23656,0.9914841849148418,0.5644028511179658,0.43559714888203416
23657,0.9914841849148418,0.5648908175179937,0.43510918248200625
23658,0.9915015641293013,0.5648908175179937,0.43510918248200625
23659,0.9915015641293013,0.5651696554608668,0.43483034453913316
23660,0.9915189433437609,0.5651696554608668,0.43483034453913316
23661,0.9915189433437609,0.5655530576323173,0.43444694236768266
23662,0.9915363225582203,0.5655530576323173,0.43444694236768266
23663,0.9915363225582203,0.5658667503180496,0.43413324968195044
23664,0.9915537017726799,0.5658667503180496,0.43413324968195044
23665,0.9915537017726799,0.5660410240323452,0.43395897596765476
23666,0.9915710809871394,0.5660410240323452,0.43395897596765476
23667,0.9915710809871394,0.5661978703752113,0.4338021296247887
23668,0.9915884602015989,0.5661978703752113,0.4338021296247887
23669,0.9915884602015989,0.5664592809466548,0.43354071905334524
23670,0.9916058394160584,0.5664592809466548,0.43354071905334524
23671,0.9916058394160584,0.5664941356895139,0.4335058643104861
23672,0.9916232186305179,0.5664941356895139,0.4335058643104861
23673,0.9916232186305179,0.5666335546609504,0.43336644533904956
23674,0.9916405978449774,0.5666335546609504,0.43336644533904956
23675,0.9916405978449774,0.5667032641466687,0.4332967358533313
23676,0.9916579770594369,0.5667032641466687,0.4332967358533313
23677,0.9916579770594369,0.5667381188895279,0.43326188111047215
23678,0.9916753562738965,0.5667381188895279,0.43326188111047215
23679,0.9916753562738965,0.566772973632387,0.433227026367613
23680,0.9916927354883559,0.566772973632387,0.433227026367613
23681,0.9916927354883559,0.5667904010038166,0.4332095989961834
23682,0.9917101147028154,0.5667904010038166,0.4332095989961834
23683,0.9917101147028154,0.5669821020895418,0.4330178979104582
23684,0.991727493917275,0.5669821020895418,0.4330178979104582
23685,0.991727493917275,0.5676269148324358,0.43237308516756423
23686,0.9917448731317344,0.5676269148324358,0.43237308516756423
23687,0.9917448731317344,0.5681323086038933,0.4318676913961067
23688,0.991762252346194,0.5681323086038933,0.4318676913961067
23689,0.991762252346194,0.5683937191753368,0.43160628082466324
23690,0.9917796315606534,0.5683937191753368,0.43160628082466324
23691,0.9917796315606534,0.568707411861069,0.431292588138931
23692,0.991797010775113,0.568707411861069,0.431292588138931
23693,0.991797010775113,0.5690908140325195,0.4309091859674805
23694,0.9918143899895725,0.5690908140325195,0.4309091859674805
23695,0.9918143899895725,0.5694567888325404,0.43054321116745964
23696,0.9918317692040319,0.5694567888325404,0.43054321116745964
23697,0.9918317692040319,0.5699621826039979,0.4300378173960021
23698,0.9918491484184915,0.5699621826039979,0.4300378173960021
23699,0.9918491484184915,0.5700493194611457,0.4299506805388543
23700,0.991866527632951,0.5700493194611457,0.4299506805388543
23701,0.991866527632951,0.5714783639183701,0.42852163608162985
23702,0.9918839068474105,0.5714783639183701,0.42852163608162985
23703,0.9918839068474105,0.5722974503755599,0.4277025496244401
23704,0.99190128606187,0.5722974503755599,0.4277025496244401
23705,0.99190128606187,0.572332305118419,0.42766769488158096
23706,0.9919186652763295,0.572332305118419,0.42766769488158096
23707,0.9919186652763295,0.5725414335755737,0.42745856642442626
23708,0.991936044490789,0.5725414335755737,0.42745856642442626
23709,0.991936044490789,0.5726982799184399,0.4273017200815601
23710,0.9919534237052485,0.5726982799184399,0.4273017200815601
23711,0.9919534237052485,0.5729945452327425,0.4270054547672575
23712,0.9919708029197081,0.5729945452327425,0.4270054547672575
23713,0.9919708029197081,0.573221101061327,0.42677889893867305
23714,0.9919881821341675,0.573221101061327,0.42677889893867305
23715,0.9919881821341675,0.5736916400899252,0.42630835991007476
23716,0.992005561348627,0.5736916400899252,0.42630835991007476
23717,0.992005561348627,0.5738484864327913,0.4261515135672087
23718,0.9920229405630866,0.5738484864327913,0.4261515135672087
23719,0.9920229405630866,0.57390076854708,0.42609923145291995
23720,0.992040319777546,0.57390076854708,0.42609923145291995
23721,0.992040319777546,0.5742667433471009,0.4257332566528991
23722,0.9920576989920056,0.5742667433471009,0.4257332566528991
23723,0.9920576989920056,0.574789564489988,0.42521043551001203
23724,0.9920750782064651,0.574789564489988,0.42521043551001203
23725,0.9920750782064651,0.5750161203185723,0.4249838796814277
23726,0.9920924574209246,0.5750161203185723,0.4249838796814277
23727,0.9920924574209246,0.5762534636900716,0.4237465363099284
23728,0.9921098366353841,0.5762534636900716,0.4237465363099284
23729,0.9921098366353841,0.5767414300900995,0.4232585699099005
23730,0.9921272158498435,0.5767414300900995,0.4232585699099005
23731,0.9921272158498435,0.5772293964901274,0.4227706035098726
23732,0.9921619742787626,0.5772293964901274,0.4227706035098726
23733,0.9921619742787626,0.5777173628901553,0.4222826371098447
23734,0.9921793534932221,0.5777173628901553,0.4222826371098447
23735,0.9921793534932221,0.5784841672330563,0.4215158327669437
23736,0.9922141119221412,0.5784841672330563,0.4215158327669437
23737,0.9922141119221412,0.5786235862044927,0.4213764137955073
23738,0.9922314911366006,0.5786235862044927,0.4213764137955073
23739,0.9922314911366006,0.5787630051759293,0.42123699482407073
23740,0.9922488703510601,0.5787630051759293,0.42123699482407073
23741,0.9922488703510601,0.578937278890225,0.42106272110977505
23742,0.9922662495655197,0.578937278890225,0.42106272110977505
23743,0.9922662495655197,0.5796692284902668,0.4203307715097332
23744,0.9922836287799791,0.5796692284902668,0.4203307715097332
23745,0.9922836287799791,0.5797563653474147,0.4202436346525853
23746,0.9923010079944387,0.5797563653474147,0.4202436346525853
23747,0.9923010079944387,0.5797737927188442,0.4202262072811558
23748,0.9923183872088982,0.5797737927188442,0.4202262072811558
23749,0.9923183872088982,0.5798783569474216,0.4201216430525784
23750,0.9923357664233576,0.5798783569474216,0.4201216430525784
23751,0.9923357664233576,0.5801571948902947,0.4198428051097053
23752,0.9923531456378172,0.5801571948902947,0.4198428051097053
23753,0.9923531456378172,0.5804883149474565,0.41951168505254355
23754,0.9923879040667362,0.5804883149474565,0.41951168505254355
23755,0.9923879040667362,0.5815339572332305,0.41846604276676946
23756,0.9924052832811957,0.5815339572332305,0.41846604276676946
23757,0.9924052832811957,0.582562172147575,0.417437827852425
23758,0.9924226624956553,0.582562172147575,0.417437827852425
23759,0.9924226624956553,0.582963001690455,0.417036998309545
23760,0.9924400417101147,0.582963001690455,0.417036998309545
23761,0.9924400417101147,0.5835032502047716,0.41649674979522844
23762,0.9924574209245742,0.5835032502047716,0.41649674979522844
23763,0.9924574209245742,0.583607814433349,0.41639218556665103
23764,0.9924748001390337,0.583607814433349,0.41639218556665103
23765,0.9924748001390337,0.5842177724333839,0.4157822275666161
23766,0.9924921793534932,0.5842177724333839,0.4157822275666161
23767,0.9924921793534932,0.5843049092905317,0.4156950907094683
23768,0.9925095585679528,0.5843049092905317,0.4156950907094683
23769,0.9925095585679528,0.5853854063191649,0.4146145936808351
23770,0.9925269377824122,0.5853854063191649,0.4146145936808351
23771,0.9925269377824122,0.5856990990048971,0.41430090099510286
23772,0.9925443169968717,0.5856990990048971,0.41430090099510286
23773,0.9925443169968717,0.5857339537477563,0.4142660462522437
23774,0.9925616962113313,0.5857339537477563,0.4142660462522437
23775,0.9925616962113313,0.5858385179763337,0.4141614820236663
23776,0.9925790754257907,0.5858385179763337,0.4141614820236663
23777,0.9925790754257907,0.5858559453477632,0.4141440546522368
23778,0.9925964546402503,0.5858559453477632,0.4141440546522368
23779,0.9925964546402503,0.5862567748906432,0.4137432251093568
23780,0.9926138338547098,0.5862567748906432,0.4137432251093568
23781,0.9926138338547098,0.5864310486049389,0.4135689513950611
23782,0.9926312130691692,0.5864310486049389,0.4135689513950611
23783,0.9926312130691692,0.5866227496906642,0.4133772503093358
23784,0.9926485922836288,0.5866227496906642,0.4133772503093358
23785,0.9926485922836288,0.5869015876335373,0.4130984123664627
23786,0.9926659714980883,0.5869015876335373,0.4130984123664627
23787,0.9926659714980883,0.5870235792335442,0.4129764207664558
23788,0.9926833507125478,0.5870235792335442,0.4129764207664558
23789,0.9926833507125478,0.5873198445478468,0.4126801554521532
23790,0.9927007299270073,0.5873198445478468,0.4126801554521532
23791,0.9927007299270073,0.5874592635192833,0.41254073648071665
23792,0.9927181091414669,0.5874592635192833,0.41254073648071665
23793,0.9927181091414669,0.5877206740907269,0.4122793259092731
23794,0.9927354883559263,0.5877206740907269,0.4122793259092731
23795,0.9927354883559263,0.5879298025478817,0.41207019745211826
23796,0.9927528675703858,0.5879298025478817,0.41207019745211826
23797,0.9927528675703858,0.5882086404907548,0.41179135950924517
23798,0.9927702467848454,0.5882086404907548,0.41179135950924517
23799,0.9927702467848454,0.588522333176487,0.41147766682351306
23800,0.9927876259993048,0.588522333176487,0.41147766682351306
23801,0.9927876259993048,0.5892020006622402,0.41079799933775984
23802,0.9928050052137644,0.5892020006622402,0.41079799933775984
23803,0.9928050052137644,0.589567975462261,0.41043202453773897
23804,0.9928223844282238,0.589567975462261,0.41043202453773897
23805,0.9928223844282238,0.5897771039194158,0.41022289608058415
23806,0.9928397636426833,0.5897771039194158,0.41022289608058415
23807,0.9928397636426833,0.5903870619194507,0.4096129380805493
23808,0.9928571428571429,0.5903870619194507,0.4096129380805493
23809,0.9928571428571429,0.5906136177480351,0.4093863822519649
23810,0.9928745220716023,0.5906136177480351,0.4093863822519649
23811,0.9928745220716023,0.5910493020337743,0.40895069796622574
23812,0.9928919012860619,0.5910493020337743,0.40895069796622574
23813,0.9928919012860619,0.5921123716909779,0.40788762830902214
23814,0.9929092805005214,0.5921123716909779,0.40788762830902214
23815,0.9929092805005214,0.5926526202052944,0.4073473797947056
23816,0.9929266597149808,0.5926526202052944,0.4073473797947056
23817,0.9929266597149808,0.5930534497481745,0.40694655025182547
23818,0.9929614181438999,0.5930534497481745,0.40694655025182547
23819,0.9929614181438999,0.5931580139767519,0.40684198602324806
23820,0.9929787973583594,0.5931580139767519,0.40684198602324806
23821,0.9929787973583594,0.5933497150624771,0.40665028493752287
23822,0.9929961765728189,0.5933497150624771,0.40665028493752287
23823,0.9929961765728189,0.593471706662484,0.40652829333751594
23824,0.9930135557872785,0.593471706662484,0.40652829333751594
23825,0.9930135557872785,0.594482494205399,0.405517505794601
23826,0.9930483142161974,0.594482494205399,0.405517505794601
23827,0.9930483142161974,0.5951098795768635,0.40489012042313655
23828,0.993065693430657,0.5951098795768635,0.40489012042313655
23829,0.993065693430657,0.5960335302626305,0.4039664697373695
23830,0.9930830726451164,0.5960335302626305,0.4039664697373695
23831,0.9930830726451164,0.5967306251198132,0.40326937488018677
23832,0.993100451859576,0.5967306251198132,0.40326937488018677
23833,0.993100451859576,0.5973231557484184,0.40267684425158157
23834,0.9931178310740355,0.5973231557484184,0.40267684425158157
23835,0.9931178310740355,0.5977239852912986,0.40227601470870145
23836,0.9931352102884949,0.5977239852912986,0.40227601470870145
23837,0.9931352102884949,0.5978634042627351,0.4021365957372649
23838,0.9931525895029545,0.5978634042627351,0.4021365957372649
23839,0.9931525895029545,0.5983165159199038,0.40168348408009624
23840,0.9931873479318735,0.5983165159199038,0.40168348408009624
23841,0.9931873479318735,0.5985604991199177,0.4014395008800823
23842,0.993204727146333,0.5985604991199177,0.4014395008800823
23843,0.993204727146333,0.5988044823199317,0.40119551768006834
23844,0.9932221063607924,0.5988044823199317,0.40119551768006834
23845,0.9932221063607924,0.5989090465485091,0.40109095345149093
23846,0.993239485575252,0.5989090465485091,0.40109095345149093
23847,0.993239485575252,0.5995190045485439,0.4004809954514561
23848,0.9932568647897115,0.5995190045485439,0.4004809954514561
23849,0.9932568647897115,0.6000592530628606,0.39994074693713944
23850,0.993274244004171,0.6000592530628606,0.39994074693713944
23851,0.993274244004171,0.6002858088914449,0.3997141911085551
23852,0.9932916232186305,0.6002858088914449,0.3997141911085551
23853,0.9932916232186305,0.6004426552343111,0.39955734476568894
23854,0.9933090024330901,0.6004426552343111,0.39955734476568894
23855,0.9933090024330901,0.6007563479200432,0.3992436520799568
23856,0.9933263816475495,0.6007563479200432,0.3992436520799568
23857,0.9933263816475495,0.6008957668914797,0.3991042331085203
23858,0.993343760862009,0.6008957668914797,0.3991042331085203
23859,0.993343760862009,0.6009829037486276,0.3990170962513724
23860,0.9933611400764686,0.6009829037486276,0.3990170962513724
23861,0.9933611400764686,0.6011397500914937,0.3988602499085063
23862,0.993378519290928,0.6011397500914937,0.3988602499085063
23863,0.993378519290928,0.6017148533486694,0.39828514665133063
23864,0.9933958985053876,0.6017148533486694,0.39828514665133063
23865,0.9933958985053876,0.6029696240915983,0.39703037590840173
23866,0.9934132777198471,0.6029696240915983,0.39703037590840173
23867,0.9934132777198471,0.6034750178630557,0.3965249821369443
23868,0.9934480361487661,0.6034750178630557,0.3965249821369443
23869,0.9934480361487661,0.603544727348774,0.39645527265122604
23870,0.9934654153632256,0.603544727348774,0.39645527265122604
23871,0.9934654153632256,0.6040152663773724,0.39598473362262765
23872,0.9934827945776851,0.6040152663773724,0.39598473362262765
23873,0.9934827945776851,0.6044335232916819,0.3955664767083181
23874,0.9935001737921446,0.6044335232916819,0.3955664767083181
23875,0.9935001737921446,0.604712361234555,0.39528763876544504
23876,0.993517553006604,0.604712361234555,0.39528763876544504
23877,0.993517553006604,0.6048517802059915,0.3951482197940085
23878,0.9935349322210636,0.6048517802059915,0.3951482197940085
23879,0.9935349322210636,0.6053920287203081,0.39460797127969194
23880,0.9935523114355231,0.6053920287203081,0.39460797127969194
23881,0.9935523114355231,0.6054268834631672,0.3945731165368328
23882,0.9935696906499826,0.6054268834631672,0.3945731165368328
23883,0.9935696906499826,0.6056882940346108,0.3943117059653892
23884,0.9935870698644421,0.6056882940346108,0.3943117059653892
23885,0.9935870698644421,0.6058102856346177,0.3941897143653823
23886,0.9936044490789017,0.6058102856346177,0.3941897143653823
23887,0.9936044490789017,0.6061588330632091,0.39384116693679094
23888,0.9936218282933611,0.6061588330632091,0.39384116693679094
23889,0.9936218282933611,0.6066293720918073,0.39337062790819266
23890,0.9936392075078206,0.6066293720918073,0.39337062790819266
23891,0.9936392075078206,0.6066816542060961,0.3933183457939039
23892,0.9936565867222802,0.6066816542060961,0.3933183457939039
23893,0.9936565867222802,0.6068210731775326,0.39317892682246736
23894,0.9936739659367396,0.6068210731775326,0.39317892682246736
23895,0.9936739659367396,0.6072044753489831,0.39279552465101686
23896,0.9936913451511992,0.6072044753489831,0.39279552465101686
23897,0.9936913451511992,0.6074658859204266,0.3925341140795734
23898,0.9937087243656587,0.6074658859204266,0.3925341140795734
23899,0.9937087243656587,0.608982067234799,0.391017932765201
23900,0.9937261035801181,0.608982067234799,0.391017932765201
23901,0.9937261035801181,0.6112824802635018,0.38871751973649815
23902,0.9937434827945777,0.6112824802635018,0.38871751973649815
23903,0.9937434827945777,0.6113347623777906,0.3886652376222094
23904,0.9937608620090372,0.6113347623777906,0.3886652376222094
23905,0.9937608620090372,0.6117355919206706,0.3882644080793294
23906,0.9937782412234967,0.6117355919206706,0.3882644080793294
23907,0.9937782412234967,0.6119447203778254,0.38805527962217456
23908,0.9937956204379562,0.6119447203778254,0.38805527962217456
23909,0.9937956204379562,0.6127115247207263,0.3872884752792737
23910,0.9938129996524158,0.6127115247207263,0.3872884752792737
23911,0.9938129996524158,0.6134260469493387,0.38657395305066133
23912,0.9938303788668752,0.6134260469493387,0.38657395305066133
23913,0.9938303788668752,0.6138617312350778,0.3861382687649222
23914,0.9938477580813347,0.6138617312350778,0.3861382687649222
23915,0.9938477580813347,0.6139837228350847,0.38601627716491527
23916,0.9938651372957942,0.6139837228350847,0.38601627716491527
23917,0.9938651372957942,0.614053432320803,0.385946567679197
23918,0.9938825165102537,0.614053432320803,0.385946567679197
23919,0.9938825165102537,0.6140708596922326,0.38592914030776737
23920,0.9938998957247133,0.6140708596922326,0.38592914030776737
23921,0.9938998957247133,0.6147330998065562,0.3852669001934438
23922,0.9939172749391727,0.6147330998065562,0.3852669001934438
23923,0.9939172749391727,0.6154127672923093,0.3845872327076907
23924,0.9939346541536322,0.6154127672923093,0.3845872327076907
23925,0.9939346541536322,0.615465049406598,0.38453495059340204
23926,0.9939520333680918,0.615465049406598,0.38453495059340204
23927,0.9939520333680918,0.6154824767780276,0.3845175232219724
23928,0.9939520333680918,0.6155173315208867,0.3844826684791133
23929,0.9939520333680918,0.6155347588923162,0.38446524110768376
23930,0.9939520333680918,0.6155696136351754,0.38443038636482463
23931,0.9939520333680918,0.6156393231208936,0.38436067687910636
23932,0.9939694125825512,0.6156393231208936,0.38436067687910636
23933,0.9939694125825512,0.6159530158066259,0.38404698419337413
23934,0.9939867917970108,0.6159530158066259,0.38404698419337413
23935,0.9939867917970108,0.6162492811209286,0.3837507188790714
23936,0.9940041710114703,0.6162492811209286,0.3837507188790714
23937,0.9940041710114703,0.616510691692372,0.38348930830762795
23938,0.9940215502259298,0.616510691692372,0.38348930830762795
23939,0.9940215502259298,0.6165629738066607,0.3834370261933393
23940,0.9940389294403893,0.6165629738066607,0.3834370261933393
23941,0.9940389294403893,0.6165978285495198,0.38340217145048017
23942,0.9940563086548488,0.6165978285495198,0.38340217145048017
23943,0.9940563086548488,0.616754674892386,0.383245325107614
23944,0.9940736878693083,0.616754674892386,0.383245325107614
23945,0.9940736878693083,0.617521479235287,0.382478520764713
23946,0.9940910670837678,0.617521479235287,0.382478520764713
23947,0.9940910670837678,0.6177828898067305,0.38221711019326954
23948,0.9941084462982274,0.6177828898067305,0.38221711019326954
23949,0.9941084462982274,0.6179920182638853,0.3820079817361147
23950,0.9941258255126868,0.6179920182638853,0.3820079817361147
23951,0.9941258255126868,0.6181140098638922,0.3818859901361078
23952,0.9941432047271463,0.6181140098638922,0.3818859901361078
23953,0.9941432047271463,0.6184799846639132,0.3815200153360868
23954,0.9941605839416059,0.6184799846639132,0.3815200153360868
23955,0.9941605839416059,0.6185322667782018,0.38146773322179817
23956,0.9941779631560653,0.6185322667782018,0.38146773322179817
23957,0.9941779631560653,0.6191247974068071,0.38087520259319285
23958,0.9941953423705249,0.6191247974068071,0.38087520259319285
23959,0.9941953423705249,0.6192293616353846,0.38077063836461544
23960,0.9942127215849843,0.6192293616353846,0.38077063836461544
23961,0.9942127215849843,0.6192642163782437,0.3807357836217563
23962,0.9942301007994438,0.6192642163782437,0.3807357836217563
23963,0.9942301007994438,0.619856747006849,0.380143252993151
23964,0.9942474800139034,0.619856747006849,0.380143252993151
23965,0.9942474800139034,0.6202750039211585,0.37972499607884147
23966,0.9942648592283628,0.6202750039211585,0.37972499607884147
23967,0.9942648592283628,0.6202924312925882,0.37970756870741185
23968,0.9942822384428224,0.6202924312925882,0.37970756870741185
23969,0.9942822384428224,0.6204841323783133,0.37951586762168665
23970,0.9942996176572819,0.6204841323783133,0.37951586762168665
23971,0.9942996176572819,0.6211463724926369,0.37885362750736307
23972,0.9943169968717414,0.6211463724926369,0.37885362750736307
23973,0.9943169968717414,0.6212509367212143,0.37874906327878566
23974,0.9943343760862009,0.6212509367212143,0.37874906327878566
23975,0.9943343760862009,0.622070023178404,0.377929976821596
23976,0.9943517553006604,0.622070023178404,0.377929976821596
23977,0.9943517553006604,0.6222442968926997,0.37775570310730033
23978,0.9943691345151199,0.6222442968926997,0.37775570310730033
23979,0.9943691345151199,0.6222617242641293,0.3777382757358707
23980,0.9943865137295794,0.6222617242641293,0.3777382757358707
23981,0.9943865137295794,0.6222791516355588,0.3777208483644412
23982,0.994403892944039,0.6222791516355588,0.3777208483644412
23983,0.994403892944039,0.6222965790069884,0.3777034209930116
23984,0.994438651372958,0.6222965790069884,0.3777034209930116
23985,0.994438651372958,0.6234990676356286,0.37650093236437143
23986,0.9944560305874175,0.6234990676356286,0.37650093236437143
23987,0.9944560305874175,0.6238998971785086,0.3761001028214914
23988,0.9944734098018769,0.6238998971785086,0.3761001028214914
23989,0.9944734098018769,0.6239521792927972,0.3760478207072028
23990,0.9944907890163365,0.6239521792927972,0.3760478207072028
23991,0.9944907890163365,0.625416078492881,0.37458392150711906
23992,0.994508168230796,0.625416078492881,0.37458392150711906
23993,0.994508168230796,0.6259040448929089,0.37409595510709115
23994,0.9945255474452555,0.6259040448929089,0.37409595510709115
23995,0.9945255474452555,0.627106533521549,0.372893466478451
23996,0.994542926659715,0.627106533521549,0.372893466478451
23997,0.994542926659715,0.6271413882644081,0.37285861173559187
23998,0.9945603058741744,0.6271413882644081,0.37285861173559187
23999,0.9945603058741744,0.6274202262072811,0.3725797737927189
24000,0.994577685088634,0.6274202262072811,0.3725797737927189
24001,0.994577685088634,0.6285878600930621,0.3714121399069379
24002,0.9945950643030935,0.6285878600930621,0.3714121399069379
24003,0.9945950643030935,0.6298252034645614,0.3701747965354386
24004,0.994612443517553,0.6298252034645614,0.3701747965354386
24005,0.994612443517553,0.6299646224359979,0.37003537756400207
24006,0.9946298227320125,0.6299646224359979,0.37003537756400207
24007,0.9946298227320125,0.6299994771788571,0.37000052282114293
24008,0.994647201946472,0.6299994771788571,0.37000052282114293
24009,0.994647201946472,0.6300343319217162,0.3699656680782838
24010,0.9946645811609315,0.6300343319217162,0.3699656680782838
24011,0.9946645811609315,0.6301911782645824,0.3698088217354176
24012,0.994681960375391,0.6301911782645824,0.3698088217354176
24013,0.994681960375391,0.6305048709503146,0.3694951290496854
24014,0.9946993395898506,0.6305048709503146,0.3694951290496854
24015,0.9946993395898506,0.6307488541503286,0.36925114584967145
24016,0.99471671880431,0.6307488541503286,0.36925114584967145
24017,0.99471671880431,0.6314633763789408,0.3685366236210592
24018,0.9947514772332291,0.6314633763789408,0.3685366236210592
24019,0.9947514772332291,0.6315679406075182,0.3684320593924818
24020,0.9947688564476885,0.6315679406075182,0.3684320593924818
24021,0.9947688564476885,0.6316376500932365,0.36836234990676353
24022,0.9947862356621481,0.6316376500932365,0.36836234990676353
24023,0.9947862356621481,0.6323870270647078,0.36761297293529216
24024,0.9948036148766076,0.6323870270647078,0.36761297293529216
24025,0.9948036148766076,0.6330666945504609,0.36693330544953906
24026,0.9948209940910671,0.6330666945504609,0.36693330544953906
24027,0.9948209940910671,0.633467524093341,0.36653247590665905
24028,0.9948383733055266,0.633467524093341,0.36653247590665905
24029,0.9948383733055266,0.634112336836235,0.365887663163765
24030,0.9948557525199861,0.634112336836235,0.365887663163765
24031,0.9948557525199861,0.6343388926648194,0.36566110733518065
24032,0.9948731317344456,0.6343388926648194,0.36566110733518065
24033,0.9948731317344456,0.6349488506648542,0.3650511493351458
24034,0.9948905109489051,0.6349488506648542,0.3650511493351458
24035,0.9948905109489051,0.6354542444363117,0.3645457555636883
24036,0.9949078901633646,0.6354542444363117,0.3645457555636883
24037,0.9949078901633646,0.6357853644934734,0.36421463550652655
24038,0.9949252693778241,0.6357853644934734,0.36421463550652655
24039,0.9949252693778241,0.636081629807776,0.36391837019222395
24040,0.9949426485922837,0.636081629807776,0.36391837019222395
24041,0.9949426485922837,0.6361339119220648,0.3638660880779352
24042,0.9949600278067431,0.6361339119220648,0.3638660880779352
24043,0.9949600278067431,0.6363778951220788,0.36362210487792124
24044,0.9949774070212026,0.6363778951220788,0.36362210487792124
24045,0.9949774070212026,0.6367264425506701,0.3632735574493299
24046,0.9949947862356622,0.6367264425506701,0.3632735574493299
24047,0.9949947862356622,0.636848434150677,0.36315156584932295
24048,0.9950121654501216,0.636848434150677,0.36315156584932295
24049,0.9950121654501216,0.6384866070650563,0.36151339293494367
24050,0.9950295446645812,0.6384866070650563,0.36151339293494367
24051,0.9950295446645812,0.6387305902650703,0.3612694097349297
24052,0.9950469238790407,0.6387305902650703,0.3612694097349297
24053,0.9950469238790407,0.639026855579373,0.360973144420627
24054,0.9950816823079597,0.639026855579373,0.360973144420627
24055,0.9950816823079597,0.6403164810651609,0.3596835189348391
24056,0.9950990615224192,0.6403164810651609,0.3596835189348391
24057,0.9950990615224192,0.6406650284937523,0.3593349715062477
24058,0.9951164407368787,0.6406650284937523,0.3593349715062477
24059,0.9951164407368787,0.641362123350935,0.358637876649065
24060,0.9951338199513382,0.641362123350935,0.358637876649065
24061,0.9951338199513382,0.6415886791795193,0.35841132082048066
24062,0.9951511991657978,0.6415886791795193,0.35841132082048066
24063,0.9951511991657978,0.6419895087223993,0.35801049127760065
24064,0.9951685783802572,0.6419895087223993,0.35801049127760065
24065,0.9951685783802572,0.6423380561509907,0.3576619438490093
24066,0.9951859575947167,0.6423380561509907,0.3576619438490093
24067,0.9951859575947167,0.6429131594081665,0.3570868405918335
24068,0.9952033368091763,0.6429131594081665,0.3570868405918335
24069,0.9952033368091763,0.6429480141510256,0.35705198584897435
24070,0.9952207160236357,0.6429480141510256,0.35705198584897435
24071,0.9952207160236357,0.6430351510081734,0.35696484899182657
24072,0.9952380952380953,0.6430351510081734,0.35696484899182657
24073,0.9952380952380953,0.6438890922082222,0.3561109077917778
24074,0.9952554744525547,0.6438890922082222,0.3561109077917778
24075,0.9952554744525547,0.6443770586082501,0.3556229413917499
24076,0.9952728536670142,0.6443770586082501,0.3556229413917499
24077,0.9952728536670142,0.6444816228368275,0.35551837716317247
24078,0.9952902328814738,0.6444816228368275,0.35551837716317247
24079,0.9952902328814738,0.6454401282654537,0.3545598717345463
24080,0.9953076120959332,0.6454401282654537,0.3545598717345463
24081,0.9953076120959332,0.6459455220369111,0.35405447796308886
24082,0.9953249913103928,0.6459455220369111,0.35405447796308886
24083,0.9953249913103928,0.6465903347798052,0.3534096652201948
24084,0.9953423705248523,0.6465903347798052,0.3534096652201948
24085,0.9953423705248523,0.6467820358655304,0.3532179641344696
24086,0.9953597497393117,0.6467820358655304,0.3532179641344696
24087,0.9953597497393117,0.6478102507798749,0.35218974922012514
24088,0.9953771289537713,0.6478102507798749,0.35218974922012514
24089,0.9953771289537713,0.6479845244941705,0.35201547550582946
24090,0.9953945081682308,0.6479845244941705,0.35201547550582946
24091,0.9953945081682308,0.6480716613513183,0.35192833864868167
24092,0.9954118873826903,0.6480716613513183,0.35192833864868167
24093,0.9954118873826903,0.6481413708370366,0.3518586291629634
24094,0.9954292665971498,0.6481413708370366,0.3518586291629634
24095,0.9954292665971498,0.648611909865635,0.351388090134365
24096,0.9954466458116094,0.648611909865635,0.351388090134365
24097,0.9954466458116094,0.6493090047228176,0.3506909952771824
24098,0.9954640250260688,0.6493090047228176,0.3506909952771824
24099,0.9954640250260688,0.6498666806085638,0.3501333193914362
24100,0.9954814042405283,0.6498666806085638,0.3501333193914362
24101,0.9954814042405283,0.65082518603719,0.34917481396281
24102,0.9954987834549879,0.65082518603719,0.34917481396281
24103,0.9954987834549879,0.6514177166657953,0.3485822833342047
24104,0.9955161626694473,0.6514177166657953,0.3485822833342047
24105,0.9955161626694473,0.6528467611230199,0.34715323887698013
24106,0.9955335418839069,0.6528467611230199,0.34715323887698013
24107,0.9955335418839069,0.6542932329516739,0.34570676704832615
24108,0.9955509210983664,0.6542932329516739,0.34570676704832615
24109,0.9955509210983664,0.6546069256374061,0.3453930743625939
24110,0.9955683003128258,0.6546069256374061,0.3453930743625939
24111,0.9955683003128258,0.6552865931231593,0.3447134068768407
24112,0.9956030587417449,0.6552865931231593,0.3447134068768407
24113,0.9956030587417449,0.6554260120945957,0.3445739879054043
24114,0.9956204379562044,0.6554260120945957,0.3445739879054043
24115,0.9956204379562044,0.6559662606089124,0.3440337393910876
24116,0.9956378171706639,0.6559662606089124,0.3440337393910876
24117,0.9956378171706639,0.6561056795803489,0.34389432041965107
24118,0.9956551963851233,0.6561056795803489,0.34389432041965107
24119,0.9956551963851233,0.6564542270089403,0.3435457729910597
24120,0.9956725755995829,0.6564542270089403,0.3435457729910597
24121,0.9956725755995829,0.6568376291803907,0.3431623708196093
24122,0.9956899548140424,0.6568376291803907,0.3431623708196093
24123,0.9956899548140424,0.6573953050661369,0.34260469493386314
24124,0.9957073340285019,0.6573953050661369,0.34260469493386314
24125,0.9957073340285019,0.6575695787804325,0.34243042121956746
24126,0.9957073340285019,0.6576044335232917,0.3423955664767083
24127,0.9957073340285019,0.6577612798661577,0.34223872013384227
24128,0.9957247132429614,0.6577612798661577,0.34223872013384227
24129,0.9957247132429614,0.6583189557519039,0.3416810442480961
24130,0.995742092457421,0.6583189557519039,0.3416810442480961
24131,0.995742092457421,0.6585629389519179,0.34143706104808214
24132,0.9957594716718804,0.6585629389519179,0.34143706104808214
24133,0.9957594716718804,0.6588766316376501,0.3411233683623499
24134,0.9957768508863399,0.6588766316376501,0.3411233683623499
24135,0.9957768508863399,0.6591380422090936,0.34086195779090644
24136,0.9957942301007995,0.6591380422090936,0.34086195779090644
24137,0.9957942301007995,0.6591903243233823,0.3408096756766177
24138,0.9958116093152589,0.6591903243233823,0.3408096756766177
24139,0.9958116093152589,0.6592774611805301,0.3407225388194699
24140,0.9958289885297185,0.6592774611805301,0.3407225388194699
24141,0.9958289885297185,0.6593994527805371,0.34060054721946287
24142,0.995846367744178,0.6593994527805371,0.34060054721946287
24143,0.995846367744178,0.6601836844948676,0.33981631550513236
24144,0.9958637469586374,0.6601836844948676,0.33981631550513236
24145,0.9958637469586374,0.6608284972377616,0.3391715027622384
24146,0.9958637469586374,0.6608633519806207,0.33913664801937926
24147,0.9958637469586374,0.6610201983234869,0.3389798016765131
24148,0.995881126173097,0.6610201983234869,0.3389798016765131
24149,0.995881126173097,0.6610724804377756,0.33892751956222444
24150,0.9958985053875565,0.6610724804377756,0.33892751956222444
24151,0.9958985053875565,0.6612816088949304,0.3387183911050696
24152,0.995915884602016,0.6612816088949304,0.3387183911050696
24153,0.995915884602016,0.6617870026663878,0.3382129973336122
24154,0.9959332638164755,0.6617870026663878,0.3382129973336122
24155,0.9959332638164755,0.6628849270664505,0.3371150729335495
24156,0.9959506430309351,0.6628849270664505,0.3371150729335495
24157,0.9959506430309351,0.6637214408950698,0.3362785591049302
24158,0.9959680222453945,0.6637214408950698,0.3362785591049302
24159,0.995985401459854,0.6637388682664994,0.3362611317335006
24160,0.995985401459854,0.6643488262665342,0.33565117373346576
24161,0.9960027806743135,0.6643488262665342,0.33565117373346576
24162,0.9960027806743135,0.6653247590665899,0.33467524093341006
24163,0.9960027806743135,0.6653596138094491,0.3346403861905509
24164,0.9960027806743135,0.6668235130095328,0.3331764869904672
24165,0.996020159888773,0.6668235130095328,0.3331764869904672
24166,0.996020159888773,0.6669629319809693,0.33303706801903066
24167,0.9960375391032326,0.6669629319809693,0.33303706801903066
24168,0.9960375391032326,0.6685313954096304,0.33146860459036964
24169,0.996054918317692,0.6685313954096304,0.33146860459036964
24170,0.996054918317692,0.6685836775239191,0.3314163224760809
24171,0.9960896767466111,0.6685836775239191,0.3314163224760809
24172,0.9960896767466111,0.6690716439239469,0.3309283560760531
24173,0.9961070559610705,0.6690716439239469,0.3309283560760531
24174,0.9961070559610705,0.6692633450096722,0.3307366549903278
24175,0.9961244351755301,0.6692633450096722,0.3307366549903278
24176,0.9961244351755301,0.6697513114097001,0.3302486885902999
24177,0.9961418143899896,0.6697513114097001,0.3302486885902999
24178,0.9961418143899896,0.670117286209721,0.329882713790279
24179,0.996159193604449,0.670117286209721,0.329882713790279
24180,0.996159193604449,0.670640107352608,0.32935989264739196
24181,0.9961765728189086,0.670640107352608,0.32935989264739196
24182,0.9961765728189086,0.670884090552622,0.329115909447378
24183,0.9961939520333681,0.670884090552622,0.329115909447378
24184,0.9961939520333681,0.671807741238389,0.32819225876161096
24185,0.9962113312478276,0.671807741238389,0.32819225876161096
24186,0.9962113312478276,0.6728185287813039,0.3271814712186961
24187,0.9962287104622871,0.6728185287813039,0.3271814712186961
24188,0.9962287104622871,0.6735330510099162,0.32646694899008377
24189,0.9962460896767467,0.6735330510099162,0.32646694899008377
24190,0.9962460896767467,0.6735504783813457,0.32644952161865426
24191,0.9962634688912061,0.6735504783813457,0.32644952161865426
24192,0.9962634688912061,0.6736724699813527,0.32632753001864734
24193,0.9962808481056656,0.6736724699813527,0.32632753001864734
24194,0.9962808481056656,0.6759031735243374,0.3240968264756626
24195,0.9962982273201252,0.6759031735243374,0.3240968264756626
24196,0.9962982273201252,0.6761123019814921,0.3238876980185079
24197,0.9963156065345846,0.6761123019814921,0.3238876980185079
24198,0.9963156065345846,0.6762168662100695,0.3237831337899305
24199,0.9963329857490442,0.6762168662100695,0.3237831337899305
24200,0.9963329857490442,0.6763214304386469,0.3236785695613531
24201,0.9963503649635036,0.6763214304386469,0.3236785695613531
24202,0.9963503649635036,0.6766874052386679,0.3233125947613321
24203,0.9963677441779631,0.6766874052386679,0.3233125947613321
24204,0.9963677441779631,0.6778724664958784,0.3221275335041216
24205,0.9964025026068821,0.6778724664958784,0.3221275335041216
24206,0.9964025026068821,0.677889893867308,0.322110106132692
24207,0.9964198818213417,0.677889893867308,0.322110106132692
24208,0.9964198818213417,0.6782035865530402,0.32179641344695975
24209,0.9964372610358012,0.6782035865530402,0.32179641344695975
24210,0.9964372610358012,0.6784475697530541,0.3215524302469459
24211,0.9964546402502606,0.6784475697530541,0.3215524302469459
24212,0.9964546402502606,0.6785521339816315,0.3214478660183685
24213,0.9964720194647202,0.6785521339816315,0.3214478660183685
24214,0.9964720194647202,0.678691552953068,0.32130844704693196
24215,0.9964893986791797,0.678691552953068,0.32130844704693196
24216,0.9964893986791797,0.6793189383245325,0.3206810616754675
24217,0.9965067778936392,0.6793189383245325,0.3206810616754675
24218,0.9965067778936392,0.6802600163817292,0.31973998361827083
24219,0.9965241571080987,0.6802600163817292,0.31973998361827083
24220,0.9965241571080987,0.6804865722103135,0.3195134277896865
24221,0.9965415363225583,0.6804865722103135,0.3195134277896865
24222,0.9965415363225583,0.6812359491817849,0.31876405081821513
24223,0.9965589155370177,0.6812359491817849,0.31876405081821513
24224,0.9965589155370177,0.6833098063819034,0.3166901936180966
24225,0.9965762947514772,0.6833098063819034,0.3166901936180966
24226,0.9965762947514772,0.6836932085533539,0.3163067914466461
24227,0.9965936739659368,0.6836932085533539,0.3163067914466461
24228,0.9965936739659368,0.6844077307819662,0.31559226921803385
24229,0.9966110531803962,0.6844077307819662,0.31559226921803385
24230,0.9966110531803962,0.6850002614105715,0.31499973858942854
24231,0.9966284323948558,0.6850002614105715,0.31499973858942854
24232,0.9966284323948558,0.6854708004391697,0.31452919956083025
24233,0.9966631908237747,0.6854708004391697,0.31452919956083025
24234,0.9966631908237747,0.6866558616963804,0.3133441383036196
24235,0.9966805700382343,0.6866558616963804,0.3133441383036196
24236,0.9966805700382343,0.6868998448963943,0.31310015510360567
24237,0.9966979492526937,0.6868998448963943,0.31310015510360567
24238,0.9966979492526937,0.6871438280964082,0.31285617190359183
24239,0.9967153284671533,0.6871438280964082,0.31285617190359183
24240,0.9967153284671533,0.6889388473536536,0.3110611526463464
24241,0.9967327076816128,0.6889388473536536,0.3110611526463464
24242,0.9967327076816128,0.6890956936965198,0.3109043063034802
24243,0.9967500868960723,0.6890956936965198,0.3109043063034802
24244,0.9967500868960723,0.6898450706679912,0.31015492933200883
24245,0.9967674661105318,0.6898450706679912,0.31015492933200883
24246,0.9967674661105318,0.6900019170108572,0.3099980829891428
24247,0.9967848453249913,0.6900019170108572,0.3099980829891428
24248,0.9967848453249913,0.690577020268033,0.309422979731967
24249,0.9968022245394508,0.690577020268033,0.309422979731967
24250,0.9968022245394508,0.6908035760966174,0.30919642390338264
24251,0.9968196037539103,0.6908035760966174,0.30919642390338264
24252,0.9968196037539103,0.6909604224394834,0.3090395775605166
24253,0.9968369829683699,0.6909604224394834,0.3090395775605166
24254,0.9968369829683699,0.6915180983252296,0.3084819016747704
24255,0.9968543621828293,0.6915180983252296,0.3084819016747704
24256,0.9968543621828293,0.6915529530680887,0.3084470469319113
24257,0.9968717413972888,0.6915529530680887,0.3084470469319113
24258,0.9968717413972888,0.6920583468395461,0.30794165316045385
24259,0.9968891206117484,0.6920583468395461,0.30794165316045385
24260,0.9968891206117484,0.6922500479252715,0.30774995207472855
24261,0.9969064998262078,0.6922500479252715,0.30774995207472855
24262,0.9969064998262078,0.6923371847824192,0.30766281521758077
24263,0.9969238790406674,0.6923371847824192,0.30766281521758077
24264,0.9969238790406674,0.692912288039595,0.30708771196040496
24265,0.9969412582551269,0.692912288039595,0.30708771196040496
24266,0.9969412582551269,0.6938882208396507,0.30611177916034926
24267,0.9969586374695864,0.6938882208396507,0.30611177916034926
24268,0.9969586374695864,0.6941844861539535,0.30581551384604655
24269,0.9969760166840459,0.6941844861539535,0.30581551384604655
24270,0.9969760166840459,0.6942367682682421,0.3057632317317579
24271,0.9969933958985054,0.6942367682682421,0.3057632317317579
24272,0.9969933958985054,0.6942716230111012,0.30572837698889876
24273,0.9970107751129649,0.6942716230111012,0.30572837698889876
24274,0.9970107751129649,0.6950209999825726,0.3049790000174274
24275,0.9970281543274244,0.6950209999825726,0.3049790000174274
24276,0.9970281543274244,0.6981753542113243,0.30182464578867574
24277,0.9970455335418839,0.6981753542113243,0.30182464578867574
24278,0.9970455335418839,0.7003189208971611,0.2996810791028389
24279,0.9970629127563434,0.7003189208971611,0.2996810791028389
24280,0.9970629127563434,0.703142155068751,0.296857844931249
24281,0.997080291970803,0.703142155068751,0.296857844931249
24282,0.997080291970803,0.7033338561544762,0.2966661438455238
24283,0.9970976711852624,0.7033338561544762,0.2966661438455238
24284,0.9970976711852624,0.704065805754518,0.29593419424548195
24285,0.9971150503997219,0.704065805754518,0.29593419424548195
24286,0.9971150503997219,0.7042749342116729,0.29572506578832713
24287,0.9971324296141815,0.7042749342116729,0.29572506578832713
24288,0.9971324296141815,0.7043620710688206,0.29563792893117935
24289,0.9971498088286409,0.7043620710688206,0.29563792893117935
24290,0.9971498088286409,0.7047454732402711,0.29525452675972885
24291,0.9971671880431004,0.7047454732402711,0.29525452675972885
24292,0.9971671880431004,0.7056516965546087,0.2943483034453913
24293,0.99718456725756,0.7056516965546087,0.2943483034453913
24294,0.99718456725756,0.7077952632404454,0.2922047367595546
24295,0.9972019464720194,0.7077952632404454,0.2922047367595546
24296,0.9972019464720194,0.707812690611875,0.292187309388125
24297,0.997219325686479,0.707812690611875,0.292187309388125
24298,0.997219325686479,0.7085620675833464,0.2914379324166536
24299,0.9972367049009385,0.7085620675833464,0.2914379324166536
24300,0.9972367049009385,0.7091720255833812,0.2908279744166188
24301,0.997254084115398,0.7091720255833812,0.2908279744166188
24302,0.997254084115398,0.7108973353549084,0.2891026646450916
24303,0.9972714633298575,0.7108973353549084,0.2891026646450916
24304,0.9972714633298575,0.7119429776406825,0.2880570223593175
24305,0.997288842544317,0.7119429776406825,0.2880570223593175
24306,0.997288842544317,0.7122566703264147,0.2877433296735853
24307,0.997288842544317,0.7122915250692738,0.28770847493072615
24308,0.997288842544317,0.7130583294121747,0.28694167058782527
24309,0.9973062217587765,0.7130583294121747,0.28694167058782527
24310,0.9973062217587765,0.7130757567836044,0.28692424321639565
24311,0.997323600973236,0.7130757567836044,0.28692424321639565
24312,0.997323600973236,0.7141213990693783,0.2858786009306217
24313,0.9973409801876956,0.7141213990693783,0.2858786009306217
24314,0.9973409801876956,0.714138826440808,0.28586117355919205
24315,0.997358359402155,0.714138826440808,0.28586117355919205
24316,0.997358359402155,0.7147836391837019,0.2852163608162981
24317,0.9973757386166145,0.7147836391837019,0.2852163608162981
24318,0.9973757386166145,0.7150276223837159,0.28497237761628413
24319,0.997393117831074,0.7150276223837159,0.28497237761628413
24320,0.997393117831074,0.7164915215837995,0.2835084784162005
24321,0.997393117831074,0.7165263763266586,0.2834736236733414
24322,0.997393117831074,0.7172583259267005,0.28274167407329953
24323,0.9974104970455335,0.7172583259267005,0.28274167407329953
24324,0.9974104970455335,0.7176591554695805,0.2823408445304195
24325,0.9974278762599931,0.7176591554695805,0.2823408445304195
24326,0.9974278762599931,0.7187745072410728,0.28122549275892716
24327,0.9974452554744525,0.7187745072410728,0.28122549275892716
24328,0.9974452554744525,0.7199421411268538,0.28005785887314616
24329,0.997462634688912,0.7199421411268538,0.28005785887314616
24330,0.997462634688912,0.7206915180983252,0.2793084819016748
24331,0.9974800139033716,0.7206915180983252,0.2793084819016748
24332,0.9974800139033716,0.7209180739269097,0.27908192607309035
24333,0.997497393117831,0.7209180739269097,0.27908192607309035
24334,0.997497393117831,0.7209703560411983,0.2790296439588017
24335,0.9975147723322906,0.7209703560411983,0.2790296439588017
24336,0.9975147723322906,0.7211794844983531,0.2788205155016469
24337,0.9975321515467501,0.7211794844983531,0.2788205155016469
24338,0.9975321515467501,0.7228873668984507,0.2771126331015493
24339,0.9975495307612096,0.7228873668984507,0.2771126331015493
24340,0.9975495307612096,0.7245603945556892,0.2754396054443108
24341,0.9975669099756691,0.7245603945556892,0.2754396054443108
24342,0.9975669099756691,0.7250135062128579,0.27498649378714213
24343,0.9975842891901286,0.7250135062128579,0.27498649378714213
24344,0.9975842891901286,0.7253446262700197,0.2746553737299803
24345,0.9976016684045881,0.7253446262700197,0.2746553737299803
24346,0.9976016684045881,0.7256060368414632,0.2743939631585368
24347,0.9976190476190476,0.7256060368414632,0.2743939631585368
24348,0.9976190476190476,0.7266342517558076,0.27336574824419235
24349,0.9976364268335072,0.7266342517558076,0.27336574824419235
24350,0.9976364268335072,0.7272442097558425,0.2727557902441575
24351,0.9976538060479666,0.7272442097558425,0.2727557902441575
24352,0.9976538060479666,0.7281852878130392,0.27181471218696085
24353,0.9976711852624262,0.7281852878130392,0.27181471218696085
24354,0.9976711852624262,0.7294749132988272,0.2705250867011728
24355,0.9976885644768857,0.7294749132988272,0.2705250867011728
24356,0.9976885644768857,0.729562050155975,0.270437949844025
24357,0.9977059436913451,0.729562050155975,0.270437949844025
24358,0.9977059436913451,0.729962879698855,0.270037120301145
24359,0.9977059436913451,0.7299977344417141,0.2700022655582859
24360,0.9977059436913451,0.7300500165560029,0.2699499834439971
24361,0.9977233229058047,0.7300500165560029,0.2699499834439971
24362,0.9977233229058047,0.730485700841742,0.269514299158258
24363,0.9977407021202641,0.730485700841742,0.269514299158258
24364,0.9977407021202641,0.7309039577560517,0.26909604224394834
24365,0.9977580813347237,0.7309039577560517,0.26909604224394834
24366,0.9977580813347237,0.732054164270403,0.26794583572959696
24367,0.9977754605491832,0.732054164270403,0.26794583572959696
24368,0.9977754605491832,0.7327164043847266,0.2672835956152734
24369,0.9977928397636426,0.7327164043847266,0.2672835956152734
24370,0.9977928397636426,0.7336226276990642,0.26637737230093583
24371,0.9977928397636426,0.7336574824419233,0.2663425175580767
24372,0.9977928397636426,0.7350516721562886,0.26494832784371136
24373,0.9978102189781022,0.7350516721562886,0.26494832784371136
24374,0.9978102189781022,0.7353305100991617,0.2646694899008383
24375,0.9978275981925617,0.7353305100991617,0.2646694899008383
24376,0.9978275981925617,0.7359404680991966,0.26405953190080345
24377,0.9978449774070212,0.7359404680991966,0.26405953190080345
24378,0.9978449774070212,0.7361147418134922,0.26388525818650777
24379,0.9978623566214807,0.7361147418134922,0.26388525818650777
24380,0.9978623566214807,0.7362193060420696,0.26378069395793036
24381,0.9978797358359403,0.7362193060420696,0.26378069395793036
24382,0.9978797358359403,0.7364981439849427,0.26350185601505727
24383,0.9978971150503997,0.7364981439849427,0.26350185601505727
24384,0.9978971150503997,0.736567853470661,0.263432146529339
24385,0.9979144942648592,0.736567853470661,0.263432146529339
24386,0.9979144942648592,0.7371603840992663,0.2628396159007337
24387,0.9979318734793188,0.7371603840992663,0.2628396159007337
24388,0.9979318734793188,0.7374566494135689,0.2625433505864311
24389,0.9979492526937782,0.7374566494135689,0.2625433505864311
24390,0.9979492526937782,0.7374915041564281,0.26250849584357194
24391,0.9979666319082378,0.7374915041564281,0.26250849584357194
24392,0.9979666319082378,0.7398267719279901,0.26017322807200993
24393,0.9979840111226973,0.7398267719279901,0.26017322807200993
24394,0.9979840111226973,0.7401230372422928,0.2598769627577072
24395,0.9980013903371567,0.7401230372422928,0.2598769627577072
24396,0.9980013903371567,0.7426848608424391,0.2573151391575609
24397,0.9980187695516163,0.7426848608424391,0.2573151391575609
24398,0.9980187695516163,0.7451769749568673,0.2548230250431327
24399,0.9980361487660758,0.7451769749568673,0.2548230250431327
24400,0.9980361487660758,0.7457869329569021,0.2542130670430979
24401,0.9980361487660758,0.7458217876997613,0.25417821230023874
24402,0.9980361487660758,0.7459612066711978,0.2540387933288022
24403,0.9980535279805353,0.7459612066711978,0.2540387933288022
24404,0.9980535279805353,0.746797720499817,0.25320227950018304
24405,0.9980709071949948,0.746797720499817,0.25320227950018304
24406,0.9980709071949948,0.7468848573569649,0.25311514264303514
24407,0.9980882864094542,0.7468848573569649,0.25311514264303514
24408,0.9980882864094542,0.7473728237569928,0.25262717624300723
24409,0.9981056656239138,0.7473728237569928,0.25262717624300723
24410,0.9981056656239138,0.7493943988428226,0.25060560115717745
24411,0.9981230448383733,0.7493943988428226,0.25060560115717745
24412,0.9981230448383733,0.7498823652428505,0.25011763475714954
24413,0.9981404240528328,0.7498823652428505,0.25011763475714954
24414,0.9981404240528328,0.7505446053571739,0.24945539464282607
24415,0.9981578032672923,0.7505446053571739,0.24945539464282607
24416,0.9981578032672923,0.7527927362715882,0.24720726372841184
24417,0.9981925616962113,0.7527927362715882,0.24720726372841184
24418,0.9981925616962113,0.7535421132430595,0.24645788675694047
24419,0.9982099409106708,0.7535421132430595,0.24645788675694047
24420,0.9982099409106708,0.7538558059287918,0.24614419407120824
24421,0.9982273201251304,0.7538558059287918,0.24614419407120824
24422,0.9982273201251304,0.7545180460431153,0.24548195395688466
24423,0.9982446993395898,0.7545180460431153,0.24548195395688466
24424,0.9982446993395898,0.7548491661002771,0.24515083389972292
24425,0.9982620785540494,0.7548491661002771,0.24515083389972292
24426,0.9982620785540494,0.7549537303288545,0.2450462696711455
24427,0.9982794577685089,0.7549537303288545,0.2450462696711455
24428,0.9982794577685089,0.7553894146145936,0.24461058538540636
24429,0.9982968369829683,0.7553894146145936,0.24461058538540636
24430,0.9982968369829683,0.7559993726146286,0.24400062738537143
24431,0.9983142161974279,0.7559993726146286,0.24400062738537143
24432,0.9983142161974279,0.757672400271867,0.242327599728133
24433,0.9983315954118874,0.757672400271867,0.242327599728133
24434,0.9983315954118874,0.7577421097575853,0.24225789024241473
24435,0.9983489746263469,0.7577421097575853,0.24225789024241473
24436,0.9983489746263469,0.7578989561004513,0.24210104389954867
24437,0.9983663538408064,0.7578989561004513,0.24210104389954867
24438,0.9983663538408064,0.7586657604433523,0.24133423955664768
24439,0.9983663538408064,0.7587006151862115,0.24129938481378854
24440,0.9983663538408064,0.7604607797005978,0.23953922029940222
24441,0.998383733055266,0.7604607797005978,0.23953922029940222
24442,0.998383733055266,0.7604782070720273,0.2395217929279727
24443,0.9984011122697254,0.7604782070720273,0.2395217929279727
24444,0.9984011122697254,0.7614889946149422,0.23851100538505776
24445,0.9984184914841849,0.7614889946149422,0.23851100538505776
24446,0.9984184914841849,0.7619943883863997,0.23800561161360034
24447,0.9984358706986444,0.7619943883863997,0.23800561161360034
24448,0.9984358706986444,0.7631445949007511,0.23685540509924885
24449,0.9984532499131039,0.7631445949007511,0.23685540509924885
24450,0.9984532499131039,0.7633885781007651,0.2366114218992349
24451,0.9984706291275635,0.7633885781007651,0.2366114218992349
24452,0.9984706291275635,0.7648001951865601,0.23519980481343994
24453,0.9984880083420229,0.7648001951865601,0.23519980481343994
24454,0.9984880083420229,0.7656541363866088,0.23434586361339116
24455,0.9985053875564824,0.7656541363866088,0.23434586361339116
24456,0.9985053875564824,0.7659504017009114,0.23404959829908856
24457,0.998522766770942,0.7659504017009114,0.23404959829908856
24458,0.998522766770942,0.7685122253010579,0.2314877746989421
24459,0.998522766770942,0.768547080043917,0.23145291995608297
24460,0.998522766770942,0.7685993621582057,0.23140063784179432
24461,0.9985401459854014,0.7685993621582057,0.23140063784179432
24462,0.9985401459854014,0.7688084906153605,0.2311915093846395
24463,0.9985401459854014,0.7688433453582196,0.23115665464178037
24464,0.9985401459854014,0.770115543472578,0.22988445652742195
24465,0.998557525199861,0.770115543472578,0.22988445652742195
24466,0.998557525199861,0.7708997751869086,0.22910022481309145
24467,0.9985749044143205,0.7708997751869086,0.22910022481309145
24468,0.9985749044143205,0.7710914762726337,0.22890852372736625
24469,0.9985922836287799,0.7710914762726337,0.22890852372736625
24470,0.9985922836287799,0.7714225963297956,0.2285774036702044
24471,0.9986096628432395,0.7714225963297956,0.2285774036702044
24472,0.9986096628432395,0.7715968700440913,0.22840312995590872
24473,0.9986096628432395,0.7716317247869504,0.2283682752130496
24474,0.9986096628432395,0.7730084871298862,0.22699151287011377
24475,0.9986096628432395,0.7730433418727454,0.22695665812725463
24476,0.9986096628432395,0.7735487356442028,0.2264512643557972
24477,0.9986096628432395,0.7735835903870619,0.22641640961293807
24478,0.9986096628432395,0.7738101462156463,0.22618985378435374
24479,0.9986096628432395,0.7738450009585054,0.2261549990414946
24480,0.9986096628432395,0.7741238389013785,0.22587616109862152
24481,0.998627042057699,0.7741238389013785,0.22587616109862152
24482,0.998627042057699,0.7752043359300117,0.2247956640699883
24483,0.9986444212721585,0.7752043359300117,0.2247956640699883
24484,0.9986444212721585,0.775796866558617,0.22420313344138298
24485,0.998661800486618,0.775796866558617,0.22420313344138298
24486,0.998661800486618,0.7767727993586727,0.22322720064132728
24487,0.9986791797010776,0.7767727993586727,0.22322720064132728
24488,0.9986791797010776,0.7793171955873895,0.22068280441261046
24489,0.998696558915537,0.7793171955873895,0.22068280441261046
24490,0.998696558915537,0.7814956170160855,0.2185043829839145
24491,0.9987139381299965,0.7814956170160855,0.2185043829839145
24492,0.9987139381299965,0.7824018403304229,0.21759815966957707
24493,0.9987313173444561,0.7824018403304229,0.21759815966957707
24494,0.9987313173444561,0.7825412593018595,0.21745874069814053
24495,0.9987486965589155,0.7825412593018595,0.21745874069814053
24496,0.9987486965589155,0.7831512173018944,0.2168487826981056
24497,0.9987660757733751,0.7831512173018944,0.2168487826981056
24498,0.9987660757733751,0.7881703002736097,0.21182969972639032
24499,0.9987834549878345,0.7881703002736097,0.21182969972639032
24500,0.9987834549878345,0.7901395932451508,0.20986040675484918
24501,0.998800834202294,0.7901395932451508,0.20986040675484918
24502,0.998800834202294,0.7923180146738468,0.20768198532615323
24503,0.9988182134167536,0.7923180146738468,0.20768198532615323
24504,0.9988182134167536,0.7956814973597532,0.20431850264024676
24505,0.998835592631213,0.7956814973597532,0.20431850264024676
24506,0.998835592631213,0.7972848155312734,0.2027151844687266
24507,0.9988529718456726,0.7972848155312734,0.2027151844687266
24508,0.9988529718456726,0.7999686307314268,0.20003136926857323
24509,0.9988703510601321,0.7999686307314268,0.20003136926857323
24510,0.9988703510601321,0.80144995730294,0.19855004269706
24511,0.9988877302745915,0.80144995730294,0.19855004269706
24512,0.9988877302745915,0.8017985047315314,0.19820149526846864
24513,0.9989051094890511,0.8017985047315314,0.19820149526846864
24514,0.9989051094890511,0.802094770045834,0.19790522995416604
24515,0.9989051094890511,0.8021296247886931,0.1978703752113069
24516,0.9989051094890511,0.8023910353601367,0.19760896463986333
24517,0.9989224887035106,0.8023910353601367,0.19760896463986333
24518,0.9989224887035106,0.8027047280458688,0.1972952719541312
24519,0.9989398679179701,0.8027047280458688,0.1972952719541312
24520,0.9989398679179701,0.8038200798173611,0.19617992018263886
24521,0.9989572471324296,0.8038200798173611,0.19617992018263886
24522,0.9989572471324296,0.8092051375890974,0.1907948624109026
24523,0.9989746263468892,0.8092051375890974,0.1907948624109026
24524,0.9989746263468892,0.8110872937034908,0.18891270629650925
24525,0.9989920055613486,0.8110872937034908,0.18891270629650925
24526,0.9989920055613486,0.8114184137606525,0.1885815862393475
24527,0.9989920055613486,0.8114532685035116,0.18854673149648837
24528,0.9989920055613486,0.812202645474983,0.187797354525017
24529,0.9990093847758081,0.812202645474983,0.187797354525017
24530,0.9990093847758081,0.8126383297607221,0.18736167023927786
24531,0.9990093847758081,0.8126731845035813,0.18732681549641872
24532,0.9990093847758081,0.815060734389432,0.18493926561056795
24533,0.9990267639902677,0.815060734389432,0.18493926561056795
24534,0.9990267639902677,0.8155661281608895,0.18443387183911053
24535,0.9990441432047271,0.8155661281608895,0.18443387183911053
24536,0.9990441432047271,0.8162632230180722,0.1837367769819278
24537,0.9990615224191867,0.8162632230180722,0.1837367769819278
24538,0.9990615224191867,0.8170125999895436,0.18298740001045644
24539,0.9990789016336462,0.8170125999895436,0.18298740001045644
24540,0.9990789016336462,0.8181628065038951,0.18183719349610494
24541,0.9990962808481056,0.8181628065038951,0.18183719349610494
24542,0.9990962808481056,0.8189644655896551,0.18103553441034492
24543,0.9991136600625652,0.8189644655896551,0.18103553441034492
24544,0.9991136600625652,0.8214391523326536,0.17856084766734637
24545,0.9991310392770246,0.8214391523326536,0.17856084766734637
24546,0.9991310392770246,0.821543716561231,0.17845628343876896
24547,0.9991484184914842,0.821543716561231,0.17845628343876896
24548,0.9991484184914842,0.8244715149613984,0.17552848503860163
24549,0.9991657977059437,0.8244715149613984,0.17552848503860163
24550,0.9991657977059437,0.8282009724473258,0.17179902755267418
24551,0.9991831769204031,0.8282009724473258,0.17179902755267418
24552,0.9991831769204031,0.8322615499904149,0.1677384500095851
24553,0.9992005561348627,0.8322615499904149,0.1677384500095851
24554,0.9992005561348627,0.8332549101619002,0.16674508983809977
24555,0.9992179353493222,0.8332549101619002,0.16674508983809977
24556,0.9992179353493222,0.8341262787333786,0.16587372126662137
24557,0.9992353145637817,0.8341262787333786,0.16587372126662137
24558,0.9992353145637817,0.834997647304857,0.16500235269514296
24559,0.9992526937782412,0.834997647304857,0.16500235269514296
24560,0.9992526937782412,0.8364789738763703,0.16352102612362973
24561,0.9992874522071602,0.8364789738763703,0.16352102612362973
24562,0.9992874522071602,0.8375071887907147,0.16249281120928527
24563,0.9992874522071602,0.8375420435335739,0.16245795646642613
24564,0.9992874522071602,0.8397204649622697,0.1602795350377303
24565,0.9993048314216197,0.8397204649622697,0.1602795350377303
24566,0.9993048314216197,0.8449486763911399,0.1550513236088601
24567,0.9993222106360793,0.8449486763911399,0.1550513236088601
24568,0.9993222106360793,0.8450358132482878,0.1549641867517122
24569,0.9993395898505387,0.8450358132482878,0.1549641867517122
24570,0.9993395898505387,0.8488872623342222,0.15111273766577782
24571,0.9993569690649983,0.8488872623342222,0.15111273766577782
24572,0.9993569690649983,0.8514839406772277,0.14851605932277234
24573,0.9993743482794578,0.8514839406772277,0.14851605932277234
24574,0.9993743482794578,0.8517802059915303,0.14821979400846974
24575,0.9993917274939172,0.8517802059915303,0.14821979400846974
24576,0.9993917274939172,0.8526515745630087,0.14734842543699134
24577,0.9994091067083768,0.8526515745630087,0.14734842543699134
24578,0.9994091067083768,0.8543420295916767,0.1456579704083233
24579,0.9994264859228363,0.8543420295916767,0.1456579704083233
24580,0.9994264859228363,0.8547777138774159,0.14522228612258414
24581,0.9994438651372958,0.8547777138774159,0.14522228612258414
24582,0.9994438651372958,0.8550216970774298,0.1449783029225702
24583,0.9994612443517553,0.8550216970774298,0.1449783029225702
24584,0.9994612443517553,0.8554399539917394,0.14456004600826056
24585,0.9994786235662148,0.8554399539917394,0.14456004600826056
24586,0.9994786235662148,0.8566424426203796,0.14335755737962042
24587,0.9994960027806743,0.8566424426203796,0.14335755737962042
24588,0.9994960027806743,0.8578275038775901,0.1421724961224099
24589,0.9995133819951338,0.8578275038775901,0.1421724961224099
24590,0.9995133819951338,0.862585176277862,0.13741482372213798
24591,0.9995307612095933,0.862585176277862,0.13741482372213798
24592,0.9995307612095933,0.8648333071922761,0.13516669280772386
24593,0.9995481404240528,0.8648333071922761,0.13516669280772386
24594,0.9995481404240528,0.8692772869068158,0.13072271309318417
24595,0.9995655196385124,0.8692772869068158,0.13072271309318417
24596,0.9995655196385124,0.8730590265070319,0.12694097349296807
24597,0.9995828988529718,0.8730590265070319,0.12694097349296807
24598,0.9995828988529718,0.8740175319356581,0.12598246806434188
24599,0.9996002780674313,0.8740175319356581,0.12598246806434188
24600,0.9996002780674313,0.8761436712500653,0.12385632874993469
24601,0.9996176572818909,0.8761436712500653,0.12385632874993469
24602,0.9996176572818909,0.8774507241072829,0.12254927589271714
24603,0.9996350364963503,0.8774507241072829,0.12254927589271714
24604,0.9996350364963503,0.8782698105644725,0.12173018943552749
24605,0.9996524157108099,0.8782698105644725,0.12173018943552749
24606,0.9996524157108099,0.8788274864502187,0.12117251354978131
24607,0.9996697949252694,0.8788274864502187,0.12117251354978131
24608,0.9996697949252694,0.8794374444502535,0.12056255554974649
24609,0.9996871741397289,0.8794374444502535,0.12056255554974649
24610,0.9996871741397289,0.8815113016503721,0.11848869834962794
24611,0.9997045533541884,0.8815113016503721,0.11848869834962794
24612,0.9997045533541884,0.8828357818790192,0.11716421812098077
24613,0.9997219325686479,0.8828357818790192,0.11716421812098077
24614,0.9997219325686479,0.8848050748505603,0.11519492514943974
24615,0.9997393117831074,0.8848050748505603,0.11519492514943974
24616,0.9997393117831074,0.8855893065648908,0.11441069343510923
24617,0.9997566909975669,0.8855893065648908,0.11441069343510923
24618,0.9997566909975669,0.8858855718791935,0.11411442812080652
24619,0.9997740702120265,0.8858855718791935,0.11411442812080652
24620,0.9997740702120265,0.8861992645649257,0.1138007354350743
24621,0.9997914494264859,0.8861992645649257,0.1138007354350743
24622,0.9997914494264859,0.8863561109077918,0.11364388909220824
24623,0.9997914494264859,0.8863909656506509,0.1136090343493491
24624,0.9997914494264859,0.8867220857078127,0.11327791429218725
24625,0.9998088286409454,0.8867220857078127,0.11327791429218725
24626,0.9998088286409454,0.888238267022185,0.111761732977815
24627,0.9998262078554049,0.888238267022185,0.111761732977815
24628,0.9998262078554049,0.8899810041651418,0.11001899583485819
24629,0.9998435870698644,0.8899810041651418,0.11001899583485819
24630,0.9998435870698644,0.9056482110803228,0.09435178891967722
24631,0.999860966284324,0.9056482110803228,0.09435178891967722
24632,0.999860966284324,0.9061710322232098,0.09382896777679017
24633,0.999860966284324,0.906205886966069,0.09379411303393104
24634,0.999860966284324,0.9066938533660968,0.09330614663390324
24635,0.9998783454987834,0.9066938533660968,0.09330614663390324
24636,0.9998783454987834,0.9123577490807061,0.0876422509192939
24637,0.999895724713243,0.9123577490807061,0.0876422509192939
24638,0.999895724713243,0.9209842979383419,0.07901570206165809
24639,0.999895724713243,0.921019152681201,0.07898084731879895
24640,0.999895724713243,0.9236681131384953,0.07633188686150472
24641,0.999895724713243,0.9237029678813544,0.07629703211864558
24642,0.999895724713243,0.9240515153099458,0.07594848469005422
24643,0.9999131039277025,0.9240515153099458,0.07594848469005422
24644,0.9999131039277025,0.9279378191387393,0.0720621808612607
24645,0.9999304831421619,0.9279378191387393,0.0720621808612607
24646,0.9999304831421619,0.9286174866244924,0.0713825133755076
24647,0.9999478623566215,0.9286174866244924,0.0713825133755076
24648,0.9999478623566215,0.9293668635959638,0.07063313640403623
24649,0.999965241571081,0.9293668635959638,0.07063313640403623
24650,0.999965241571081,0.963629075826493,0.03637092417350696
24651,0.9999826207855405,0.963629075826493,0.03637092417350696
24652,0.9999826207855405,0.9648141370837037,0.03518586291629633
24653,1.0,0.9648141370837037,0.03518586291629633
24654,1.0,0.9710531360554887,0.028946863944511292
24655,1.0,0.9710879907983478,0.028912009201652156
24656,1.0,1.0,0.0
